5.000000000000000000e+00,5.000000000000000000e+00,5.000000000000000000e+00,5.000000000000000000e+00,5.000000000000000000e+00,5.000000000000000000e+00,5.000000000000000000e+00,5.000000000000000000e+00,5.000000000000000000e+00,5.000000000000000000e+00,5.000000000000000000e+00,5.000000000000000000e+00,5.000000000000000000e+00,5.000000000000000000e+00,5.000000000000000000e+00,5.000000000000000000e+00,5.000000000000000000e+00,5.000000000000000000e+00,5.000000000000000000e+00,5.000000000000000000e+00,5.000000000000000000e+00,5.000000000000000000e+00,5.000000000000000000e+00,5.000000000000000000e+00,5.000000000000000000e+00,5.000000000000000000e+00,5.000000000000000000e+00,5.000000000000000000e+00,5.000000000000000000e+00,5.000000000000000000e+00,5.000000000000000000e+00,5.000000000000000000e+00,5.000000000000000000e+00,5.000000000000000000e+00,5.000000000000000000e+00,5.000000000000000000e+00,5.000000000000000000e+00,5.000000000000000000e+00,5.000000000000000000e+00,5.000000000000000000e+00,5.000000000000000000e+00,5.000000000000000000e+00,5.000000000000000000e+00,4.179575920104980469e+00,4.037667751312255859e+00,3.905080080032348633e+00,3.780922889709472656e+00,3.664417266845703125e+00,3.554877042770385742e+00,3.451695919036865234e+00,3.354335308074951172e+00,3.262316465377807617e+00,3.175211429595947266e+00,3.092637062072753906e+00,3.014248609542846680e+00,2.939735889434814453e+00,2.868818044662475586e+00,2.801241159439086914e+00,2.736774682998657227e+00,2.675208806991577148e+00,2.616351842880249023e+00,2.560029029846191406e+00,2.506079912185668945e+00,2.454357624053955078e+00,2.404727220535278320e+00,2.357064485549926758e+00,2.311254024505615234e+00,2.267190456390380859e+00,2.224775552749633789e+00,2.183918714523315430e+00,2.144535064697265625e+00,2.106547117233276367e+00,2.069881200790405273e+00,2.034470081329345703e+00,2.000250101089477539e+00,1.967162251472473145e+00,1.935151338577270508e+00,1.904165387153625488e+00,1.874156236648559570e+00,1.845078110694885254e+00
5.000000000000000000e+00,5.000000000000000000e+00,5.000000000000000000e+00,5.000000000000000000e+00,5.000000000000000000e+00,5.000000000000000000e+00,5.000000000000000000e+00,5.000000000000000000e+00,5.000000000000000000e+00,5.000000000000000000e+00,5.000000000000000000e+00,5.000000000000000000e+00,5.000000000000000000e+00,5.000000000000000000e+00,5.000000000000000000e+00,5.000000000000000000e+00,5.000000000000000000e+00,5.000000000000000000e+00,5.000000000000000000e+00,5.000000000000000000e+00,5.000000000000000000e+00,5.000000000000000000e+00,5.000000000000000000e+00,5.000000000000000000e+00,5.000000000000000000e+00,5.000000000000000000e+00,5.000000000000000000e+00,5.000000000000000000e+00,5.000000000000000000e+00,5.000000000000000000e+00,5.000000000000000000e+00,5.000000000000000000e+00,5.000000000000000000e+00,5.000000000000000000e+00,5.000000000000000000e+00,5.000000000000000000e+00,5.000000000000000000e+00,5.000000000000000000e+00,5.000000000000000000e+00,5.000000000000000000e+00,5.000000000000000000e+00,5.000000000000000000e+00,4.331932067871093750e+00,4.179677963256835938e+00,4.037763118743896484e+00,3.905169248580932617e+00,3.781006336212158203e+00,3.664495706558227539e+00,3.554950952529907227e+00,3.451765298843383789e+00,3.354400873184204102e+00,3.262378692626953125e+00,3.175270557403564453e+00,3.092692852020263672e+00,3.014301776885986328e+00,2.939786195755004883e+00,2.868865966796875000e+00,2.801286935806274414e+00,2.736818552017211914e+00,2.675250530242919922e+00,2.616391897201538086e+00,2.560067176818847656e+00,2.506116628646850586e+00,2.454392910003662109e+00,2.404761075973510742e+00,2.357096910476684570e+00,2.311285257339477539e+00,2.267220497131347656e+00,2.224804401397705078e+00,2.183946371078491211e+00,2.144562005996704102e+00,2.106572866439819336e+00,2.069906234741210938e+00,2.034494161605834961e+00,2.000273466110229492e+00,1.967184782028198242e+00,1.935173153877258301e+00,1.904186487197875977e+00,1.874176740646362305e+00,1.845098018646240234e+00
5.000000000000000000e+00,5.000000000000000000e+00,5.000000000000000000e+00,5.000000000000000000e+00,5.000000000000000000e+00,5.000000000000000000e+00,5.000000000000000000e+00,5.000000000000000000e+00,5.000000000000000000e+00,5.000000000000000000e+00,5.000000000000000000e+00,5.000000000000000000e+00,5.000000000000000000e+00,5.000000000000000000e+00,5.000000000000000000e+00,5.000000000000000000e+00,5.000000000000000000e+00,5.000000000000000000e+00,5.000000000000000000e+00,5.000000000000000000e+00,5.000000000000000000e+00,5.000000000000000000e+00,5.000000000000000000e+00,5.000000000000000000e+00,5.000000000000000000e+00,5.000000000000000000e+00,5.000000000000000000e+00,5.000000000000000000e+00,5.000000000000000000e+00,5.000000000000000000e+00,5.000000000000000000e+00,5.000000000000000000e+00,5.000000000000000000e+00,5.000000000000000000e+00,5.000000000000000000e+00,5.000000000000000000e+00,5.000000000000000000e+00,5.000000000000000000e+00,5.000000000000000000e+00,5.000000000000000000e+00,5.000000000000000000e+00,4.495815753936767578e+00,4.332041740417480469e+00,4.179780006408691406e+00,4.037858486175537109e+00,3.905258178710937500e+00,3.781090021133422852e+00,3.664574146270751953e+00,3.555024862289428711e+00,3.451834917068481445e+00,3.354466676712036133e+00,3.262440919876098633e+00,3.175329446792602539e+00,3.092748880386352539e+00,3.014354705810546875e+00,2.939836740493774414e+00,2.868914127349853516e+00,2.801332950592041016e+00,2.736862182617187500e+00,2.675292491912841797e+00,2.616431713104248047e+00,2.560105562210083008e+00,2.506153345108032227e+00,2.454427957534790039e+00,2.404794931411743164e+00,2.357129335403442383e+00,2.311316490173339844e+00,2.267250537872314453e+00,2.224833488464355469e+00,2.183974266052246094e+00,2.144588947296142578e+00,2.106598854064941406e+00,2.069931268692016602e+00,2.034518480300903320e+00,2.000296831130981445e+00,1.967207431793212891e+00,1.935195088386535645e+00,1.904207706451416016e+00,1.874197244644165039e+00,1.845117807388305664e+00
5.000000000000000000e+00,5.000000000000000000e+00,5.000000000000000000e+00,5.000000000000000000e+00,5.000000000000000000e+00,5.000000000000000000e+00,5.000000000000000000e+00,5.000000000000000000e+00,5.000000000000000000e+00,5.000000000000000000e+00,5.000000000000000000e+00,5.000000000000000000e+00,5.000000000000000000e+00,5.000000000000000000e+00,5.000000000000000000e+00,5.000000000000000000e+00,5.000000000000000000e+00,5.000000000000000000e+00,5.000000000000000000e+00,5.000000000000000000e+00,5.000000000000000000e+00,5.000000000000000000e+00,5.000000000000000000e+00,5.000000000000000000e+00,5.000000000000000000e+00,5.000000000000000000e+00,5.000000000000000000e+00,5.000000000000000000e+00,5.000000000000000000e+00,5.000000000000000000e+00,5.000000000000000000e+00,5.000000000000000000e+00,5.000000000000000000e+00,5.000000000000000000e+00,5.000000000000000000e+00,5.000000000000000000e+00,5.000000000000000000e+00,5.000000000000000000e+00,5.000000000000000000e+00,5.000000000000000000e+00,4.672586917877197266e+00,4.495934009552001953e+00,4.332151412963867188e+00,4.179882049560546875e+00,4.037953853607177734e+00,3.905347347259521484e+00,3.781173467636108398e+00,3.664652585983276367e+00,3.555098533630371094e+00,3.451904535293579102e+00,3.354532480239868164e+00,3.262502908706665039e+00,3.175388336181640625e+00,3.092804670333862305e+00,3.014407873153686523e+00,2.939887285232543945e+00,2.868962287902832031e+00,2.801378726959228516e+00,2.736906051635742188e+00,2.675334215164184570e+00,2.616471767425537109e+00,2.560143709182739258e+00,2.506190061569213867e+00,2.454463243484497070e+00,2.404828548431396484e+00,2.357161760330200195e+00,2.311347723007202148e+00,2.267280578613281250e+00,2.224862337112426758e+00,2.184002161026000977e+00,2.144615650177001953e+00,2.106624841690063477e+00,2.069956302642822266e+00,2.034542560577392578e+00,2.000320196151733398e+00,1.967230081558227539e+00,1.935216903686523438e+00,1.904228925704956055e+00,1.874217748641967773e+00,1.845137715339660645e+00
5.000000000000000000e+00,5.000000000000000000e+00,5.000000000000000000e+00,5.000000000000000000e+00,5.000000000000000000e+00,5.000000000000000000e+00,5.000000000000000000e+00,5.000000000000000000e+00,5.000000000000000000e+00,5.000000000000000000e+00,5.000000000000000000e+00,5.000000000000000000e+00,5.000000000000000000e+00,5.000000000000000000e+00,5.000000000000000000e+00,5.000000000000000000e+00,5.000000000000000000e+00,5.000000000000000000e+00,5.000000000000000000e+00,5.000000000000000000e+00,5.000000000000000000e+00,5.000000000000000000e+00,5.000000000000000000e+00,5.000000000000000000e+00,5.000000000000000000e+00,5.000000000000000000e+00,5.000000000000000000e+00,5.000000000000000000e+00,5.000000000000000000e+00,5.000000000000000000e+00,5.000000000000000000e+00,5.000000000000000000e+00,5.000000000000000000e+00,5.000000000000000000e+00,5.000000000000000000e+00,5.000000000000000000e+00,5.000000000000000000e+00,5.000000000000000000e+00,5.000000000000000000e+00,4.863827705383300781e+00,4.672714233398437500e+00,4.496051788330078125e+00,4.332261085510253906e+00,4.179984092712402344e+00,4.038048744201660156e+00,3.905436515808105469e+00,3.781256914138793945e+00,3.664731025695800781e+00,3.555172443389892578e+00,3.451974153518676758e+00,3.354598045349121094e+00,3.262565135955810547e+00,3.175447225570678711e+00,3.092860460281372070e+00,3.014460802078247070e+00,2.939937829971313477e+00,2.869010210037231445e+00,2.801424503326416016e+00,2.736949682235717773e+00,2.675375938415527344e+00,2.616511821746826172e+00,2.560182094573974609e+00,2.506226539611816406e+00,2.454498529434204102e+00,2.404862403869628906e+00,2.357194185256958008e+00,2.311378717422485352e+00,2.267310619354248047e+00,2.224891185760498047e+00,2.184030055999755859e+00,2.144642591476440430e+00,2.106650590896606445e+00,2.069981336593627930e+00,2.034566640853881836e+00,2.000343561172485352e+00,1.967252612113952637e+00,1.935238838195800781e+00,1.904250025749206543e+00,1.874238252639770508e+00,1.845157623291015625e+00
5.000000000000000000e+00,5.000000000000000000e+00,5.000000000000000000e+00,5.000000000000000000e+00,5.000000000000000000e+00,5.000000000000000000e+00,5.000000000000000000e+00,5.000000000000000000e+00,5.000000000000000000e+00,5.000000000000000000e+00,5.000000000000000000e+00,5.000000000000000000e+00,5.000000000000000000e+00,5.000000000000000000e+00,5.000000000000000000e+00,5.000000000000000000e+00,5.000000000000000000e+00,5.000000000000000000e+00,5.000000000000000000e+00,5.000000000000000000e+00,5.000000000000000000e+00,5.000000000000000000e+00,5.000000000000000000e+00,5.000000000000000000e+00,5.000000000000000000e+00,5.000000000000000000e+00,5.000000000000000000e+00,5.000000000000000000e+00,5.000000000000000000e+00,5.000000000000000000e+00,5.000000000000000000e+00,5.000000000000000000e+00,5.000000000000000000e+00,5.000000000000000000e+00,5.000000000000000000e+00,5.000000000000000000e+00,5.000000000000000000e+00,5.000000000000000000e+00,5.000000000000000000e+00,4.863965988159179688e+00,4.672842025756835938e+00,4.496170043945312500e+00,4.332370758056640625e+00,4.180086135864257812e+00,4.038144111633300781e+00,3.905525445938110352e+00,3.781340599060058594e+00,3.664809465408325195e+00,3.555246353149414062e+00,3.452043771743774414e+00,3.354663848876953125e+00,3.262627363204956055e+00,3.175506114959716797e+00,3.092916488647460938e+00,3.014513969421386719e+00,2.939988136291503906e+00,2.869058370590209961e+00,2.801470279693603516e+00,2.736993551254272461e+00,2.675417900085449219e+00,2.616551876068115234e+00,2.560220241546630859e+00,2.506263256072998047e+00,2.454533576965332031e+00,2.404896259307861328e+00,2.357226610183715820e+00,2.311409950256347656e+00,2.267340660095214844e+00,2.224920034408569336e+00,2.184057950973510742e+00,2.144669532775878906e+00,2.106676578521728516e+00,2.070006132125854492e+00,2.034590959548950195e+00,2.000366926193237305e+00,1.967275261878967285e+00,1.935260653495788574e+00,1.904271245002746582e+00,1.874258756637573242e+00,1.845177531242370605e+00
5.000000000000000000e+00,5.000000000000000000e+00,5.000000000000000000e+00,5.000000000000000000e+00,5.000000000000000000e+00,5.000000000000000000e+00,5.000000000000000000e+00,5.000000000000000000e+00,5.000000000000000000e+00,5.000000000000000000e+00,5.000000000000000000e+00,5.000000000000000000e+00,5.000000000000000000e+00,5.000000000000000000e+00,5.000000000000000000e+00,5.000000000000000000e+00,5.000000000000000000e+00,5.000000000000000000e+00,5.000000000000000000e+00,5.000000000000000000e+00,5.000000000000000000e+00,5.000000000000000000e+00,5.000000000000000000e+00,5.000000000000000000e+00,5.000000000000000000e+00,5.000000000000000000e+00,5.000000000000000000e+00,5.000000000000000000e+00,5.000000000000000000e+00,5.000000000000000000e+00,5.000000000000000000e+00,5.000000000000000000e+00,5.000000000000000000e+00,5.000000000000000000e+00,5.000000000000000000e+00,5.000000000000000000e+00,5.000000000000000000e+00,5.000000000000000000e+00,5.000000000000000000e+00,4.864104270935058594e+00,4.672969341278076172e+00,4.496287822723388672e+00,4.332479953765869141e+00,4.180188179016113281e+00,4.038239479064941406e+00,3.905614614486694336e+00,3.781424045562744141e+00,3.664887905120849609e+00,3.555320024490356445e+00,3.452113389968872070e+00,3.354729652404785156e+00,3.262689590454101562e+00,3.175565004348754883e+00,3.092972278594970703e+00,3.014567136764526367e+00,2.940038681030273438e+00,2.869106531143188477e+00,2.801516294479370117e+00,2.737037181854248047e+00,2.675459623336791992e+00,2.616591691970825195e+00,2.560258626937866211e+00,2.506299972534179688e+00,2.454568862915039062e+00,2.404929876327514648e+00,2.357259035110473633e+00,2.311441183090209961e+00,2.267370700836181641e+00,2.224949121475219727e+00,2.184085845947265625e+00,2.144696235656738281e+00,2.106702566146850586e+00,2.070031166076660156e+00,2.034615039825439453e+00,2.000390291213989258e+00,1.967297792434692383e+00,1.935282588005065918e+00,1.904292464256286621e+00,1.874279260635375977e+00,1.845197439193725586e+00
5.000000000000000000e+00,5.000000000000000000e+00,5.000000000000000000e+00,5.000000000000000000e+00,5.000000000000000000e+00,5.000000000000000000e+00,5.000000000000000000e+00,5.000000000000000000e+00,5.000000000000000000e+00,5.000000000000000000e+00,5.000000000000000000e+00,5.000000000000000000e+00,5.000000000000000000e+00,5.000000000000000000e+00,5.000000000000000000e+00,5.000000000000000000e+00,5.000000000000000000e+00,5.000000000000000000e+00,5.000000000000000000e+00,5.000000000000000000e+00,5.000000000000000000e+00,5.000000000000000000e+00,5.000000000000000000e+00,5.000000000000000000e+00,5.000000000000000000e+00,5.000000000000000000e+00,5.000000000000000000e+00,5.000000000000000000e+00,5.000000000000000000e+00,5.000000000000000000e+00,5.000000000000000000e+00,5.000000000000000000e+00,5.000000000000000000e+00,5.000000000000000000e+00,5.000000000000000000e+00,5.000000000000000000e+00,5.000000000000000000e+00,5.000000000000000000e+00,5.000000000000000000e+00,4.864242553710937500e+00,4.673097133636474609e+00,4.496406078338623047e+00,4.332589626312255859e+00,4.180290222167968750e+00,4.038334846496582031e+00,3.905703783035278320e+00,3.781507492065429688e+00,3.664966344833374023e+00,3.555393934249877930e+00,3.452183008193969727e+00,3.354795455932617188e+00,3.262751817703247070e+00,3.175623893737792969e+00,3.093028306961059570e+00,3.014620065689086914e+00,2.940089225769042969e+00,2.869154453277587891e+00,2.801562070846557617e+00,2.737081050872802734e+00,2.675501585006713867e+00,2.616631746292114258e+00,2.560297012329101562e+00,2.506336688995361328e+00,2.454603910446166992e+00,2.404963731765747070e+00,2.357291698455810547e+00,2.311472415924072266e+00,2.267400503158569336e+00,2.224977970123291016e+00,2.184113740921020508e+00,2.144723176956176758e+00,2.106728553771972656e+00,2.070056200027465820e+00,2.034639358520507812e+00,2.000413656234741211e+00,1.967320442199707031e+00,1.935304403305053711e+00,1.904313564300537109e+00,1.874299883842468262e+00,1.845217227935791016e+00
5.000000000000000000e+00,5.000000000000000000e+00,5.000000000000000000e+00,5.000000000000000000e+00,5.000000000000000000e+00,5.000000000000000000e+00,5.000000000000000000e+00,5.000000000000000000e+00,5.000000000000000000e+00,5.000000000000000000e+00,5.000000000000000000e+00,5.000000000000000000e+00,5.000000000000000000e+00,5.000000000000000000e+00,5.000000000000000000e+00,5.000000000000000000e+00,5.000000000000000000e+00,5.000000000000000000e+00,5.000000000000000000e+00,5.000000000000000000e+00,5.000000000000000000e+00,5.000000000000000000e+00,5.000000000000000000e+00,5.000000000000000000e+00,5.000000000000000000e+00,5.000000000000000000e+00,5.000000000000000000e+00,5.000000000000000000e+00,5.000000000000000000e+00,5.000000000000000000e+00,5.000000000000000000e+00,5.000000000000000000e+00,5.000000000000000000e+00,5.000000000000000000e+00,5.000000000000000000e+00,5.000000000000000000e+00,5.000000000000000000e+00,5.000000000000000000e+00,5.000000000000000000e+00,4.864380836486816406e+00,4.673224449157714844e+00,4.496524333953857422e+00,4.332699298858642578e+00,4.180392742156982422e+00,4.038429737091064453e+00,3.905792951583862305e+00,3.781591176986694336e+00,3.665045022964477539e+00,3.555467844009399414e+00,3.452252626419067383e+00,3.354861021041870117e+00,3.262813806533813477e+00,3.175682783126831055e+00,3.093084096908569336e+00,3.014673233032226562e+00,2.940139770507812500e+00,2.869202613830566406e+00,2.801607847213745117e+00,2.737124681472778320e+00,2.675543308258056641e+00,2.616671800613403320e+00,2.560335159301757812e+00,2.506373405456542969e+00,2.454639196395874023e+00,2.404997587203979492e+00,2.357324123382568359e+00,2.311503648757934570e+00,2.267430543899536133e+00,2.225006818771362305e+00,2.184141397476196289e+00,2.144750118255615234e+00,2.106754302978515625e+00,2.070081233978271484e+00,2.034663438796997070e+00,2.000437021255493164e+00,1.967343091964721680e+00,1.935326337814331055e+00,1.904334783554077148e+00,1.874320387840270996e+00,1.845237135887145996e+00
3.039530754089355469e+00,5.000000000000000000e+00,5.000000000000000000e+00,5.000000000000000000e+00,5.000000000000000000e+00,5.000000000000000000e+00,5.000000000000000000e+00,5.000000000000000000e+00,5.000000000000000000e+00,5.000000000000000000e+00,5.000000000000000000e+00,5.000000000000000000e+00,5.000000000000000000e+00,5.000000000000000000e+00,5.000000000000000000e+00,5.000000000000000000e+00,5.000000000000000000e+00,5.000000000000000000e+00,5.000000000000000000e+00,5.000000000000000000e+00,5.000000000000000000e+00,5.000000000000000000e+00,5.000000000000000000e+00,5.000000000000000000e+00,5.000000000000000000e+00,5.000000000000000000e+00,5.000000000000000000e+00,5.000000000000000000e+00,5.000000000000000000e+00,5.000000000000000000e+00,5.000000000000000000e+00,5.000000000000000000e+00,5.000000000000000000e+00,5.000000000000000000e+00,5.000000000000000000e+00,5.000000000000000000e+00,5.000000000000000000e+00,5.000000000000000000e+00,5.000000000000000000e+00,4.864518642425537109e+00,4.673352241516113281e+00,4.496642112731933594e+00,4.332808971405029297e+00,4.180494785308837891e+00,4.038525104522705078e+00,3.905881881713867188e+00,3.781674623489379883e+00,3.665123462677001953e+00,3.555541515350341797e+00,3.452322244644165039e+00,3.354926824569702148e+00,3.262876033782958984e+00,3.175741672515869141e+00,3.093139886856079102e+00,3.014726400375366211e+00,2.940190315246582031e+00,2.869250774383544922e+00,2.801653861999511719e+00,2.737168550491333008e+00,2.675585031509399414e+00,2.616711854934692383e+00,2.560373544692993164e+00,2.506410121917724609e+00,2.454674482345581055e+00,2.405031442642211914e+00,2.357356548309326172e+00,2.311534881591796875e+00,2.267460584640502930e+00,2.225035905838012695e+00,2.184169292449951172e+00,2.144776821136474609e+00,2.106780290603637695e+00,2.070106267929077148e+00,2.034687757492065430e+00,2.000460386276245117e+00,1.967365622520446777e+00,1.935348153114318848e+00,1.904356002807617188e+00,1.874340891838073730e+00,1.845257043838500977e+00
3.031738281250000000e+00,3.056167602539062500e+00,5.000000000000000000e+00,5.000000000000000000e+00,5.000000000000000000e+00,5.000000000000000000e+00,5.000000000000000000e+00,5.000000000000000000e+00,5.000000000000000000e+00,5.000000000000000000e+00,5.000000000000000000e+00,5.000000000000000000e+00,5.000000000000000000e+00,5.000000000000000000e+00,5.000000000000000000e+00,5.000000000000000000e+00,5.000000000000000000e+00,5.000000000000000000e+00,5.000000000000000000e+00,5.000000000000000000e+00,5.000000000000000000e+00,5.000000000000000000e+00,5.000000000000000000e+00,5.000000000000000000e+00,5.000000000000000000e+00,5.000000000000000000e+00,5.000000000000000000e+00,5.000000000000000000e+00,5.000000000000000000e+00,5.000000000000000000e+00,5.000000000000000000e+00,5.000000000000000000e+00,5.000000000000000000e+00,5.000000000000000000e+00,5.000000000000000000e+00,5.000000000000000000e+00,5.000000000000000000e+00,5.000000000000000000e+00,5.000000000000000000e+00,4.864656925201416016e+00,4.673479557037353516e+00,4.496760368347167969e+00,4.332918643951416016e+00,4.180596351623535156e+00,4.038619995117187500e+00,3.905970573425292969e+00,3.781757831573486328e+00,3.665201425552368164e+00,3.555615186691284180e+00,3.452391624450683594e+00,3.354992389678955078e+00,3.262938022613525391e+00,3.175800323486328125e+00,3.093195676803588867e+00,3.014779090881347656e+00,2.940240383148193359e+00,2.869298458099365234e+00,2.801699399948120117e+00,2.737211942672729492e+00,2.675626754760742188e+00,2.616751670837402344e+00,2.560411691665649414e+00,2.506446599960327148e+00,2.454709529876708984e+00,2.405065059661865234e+00,2.357388734817504883e+00,2.311565876007080078e+00,2.267490625381469727e+00,2.225064516067504883e+00,2.184197187423706055e+00,2.144803762435913086e+00,2.106806039810180664e+00,2.070131301879882812e+00,2.034711599349975586e+00,2.000483751296997070e+00,1.967388272285461426e+00,1.935369849205017090e+00,1.904377102851867676e+00,1.874361157417297363e+00,1.845276951789855957e+00
3.052220582962036133e+00,3.069103717803955078e+00,5.000000000000000000e+00,5.000000000000000000e+00,5.000000000000000000e+00,5.000000000000000000e+00,5.000000000000000000e+00,5.000000000000000000e+00,5.000000000000000000e+00,5.000000000000000000e+00,5.000000000000000000e+00,5.000000000000000000e+00,5.000000000000000000e+00,5.000000000000000000e+00,5.000000000000000000e+00,5.000000000000000000e+00,5.000000000000000000e+00,5.000000000000000000e+00,5.000000000000000000e+00,5.000000000000000000e+00,5.000000000000000000e+00,5.000000000000000000e+00,5.000000000000000000e+00,5.000000000000000000e+00,5.000000000000000000e+00,5.000000000000000000e+00,5.000000000000000000e+00,5.000000000000000000e+00,5.000000000000000000e+00,5.000000000000000000e+00,5.000000000000000000e+00,5.000000000000000000e+00,5.000000000000000000e+00,5.000000000000000000e+00,5.000000000000000000e+00,5.000000000000000000e+00,5.000000000000000000e+00,5.000000000000000000e+00,5.000000000000000000e+00,4.864794731140136719e+00,4.673606872558593750e+00,4.496878147125244141e+00,4.333028316497802734e+00,4.180698394775390625e+00,4.038715362548828125e+00,3.906059741973876953e+00,3.781841278076171875e+00,3.665279865264892578e+00,3.555688858032226562e+00,3.452461242675781250e+00,3.355057954788208008e+00,3.263000249862670898e+00,3.175859212875366211e+00,3.093251466751098633e+00,3.014832258224487305e+00,2.940290927886962891e+00,2.869346618652343750e+00,2.801745176315307617e+00,2.737255811691284180e+00,2.675668478012084961e+00,2.616791486740112305e+00,2.560449838638305664e+00,2.506483316421508789e+00,2.454744577407836914e+00,2.405098676681518555e+00,2.357421159744262695e+00,2.311597108840942383e+00,2.267520666122436523e+00,2.225093364715576172e+00,2.184224843978881836e+00,2.144830465316772461e+00,2.106832027435302734e+00,2.070156335830688477e+00,2.034735918045043945e+00,2.000507116317749023e+00,1.967410922050476074e+00,1.935391783714294434e+00,1.904398322105407715e+00,1.874381661415100098e+00,1.845296859741210938e+00
3.052766799926757812e+00,3.077634334564208984e+00,5.000000000000000000e+00,5.000000000000000000e+00,5.000000000000000000e+00,5.000000000000000000e+00,5.000000000000000000e+00,5.000000000000000000e+00,5.000000000000000000e+00,5.000000000000000000e+00,5.000000000000000000e+00,5.000000000000000000e+00,5.000000000000000000e+00,5.000000000000000000e+00,5.000000000000000000e+00,5.000000000000000000e+00,5.000000000000000000e+00,5.000000000000000000e+00,5.000000000000000000e+00,5.000000000000000000e+00,5.000000000000000000e+00,5.000000000000000000e+00,5.000000000000000000e+00,5.000000000000000000e+00,5.000000000000000000e+00,5.000000000000000000e+00,5.000000000000000000e+00,5.000000000000000000e+00,5.000000000000000000e+00,5.000000000000000000e+00,5.000000000000000000e+00,5.000000000000000000e+00,5.000000000000000000e+00,5.000000000000000000e+00,5.000000000000000000e+00,5.000000000000000000e+00,5.000000000000000000e+00,5.000000000000000000e+00,5.000000000000000000e+00,4.864933013916015625e+00,4.673734664916992188e+00,4.496996402740478516e+00,4.333137989044189453e+00,4.180800437927246094e+00,4.038810729980468750e+00,3.906148910522460938e+00,3.781924724578857422e+00,3.665358304977416992e+00,3.555762767791748047e+00,3.452530860900878906e+00,3.355123758316040039e+00,3.263062238693237305e+00,3.175918102264404297e+00,3.093307256698608398e+00,3.014885425567626953e+00,2.940341472625732422e+00,2.869394779205322266e+00,2.801791191101074219e+00,2.737299680709838867e+00,2.675710439682006836e+00,2.616831541061401367e+00,2.560488224029541016e+00,2.506520032882690430e+00,2.454779863357543945e+00,2.405132532119750977e+00,2.357453823089599609e+00,2.311628341674804688e+00,2.267550706863403320e+00,2.225122451782226562e+00,2.184252738952636719e+00,2.144857406616210938e+00,2.106858015060424805e+00,2.070181369781494141e+00,2.034759998321533203e+00,2.000530481338500977e+00,1.967433452606201172e+00,1.935413599014282227e+00,1.904419541358947754e+00,1.874402165412902832e+00,1.845316767692565918e+00
3.052383422851562500e+00,3.084437608718872070e+00,5.000000000000000000e+00,5.000000000000000000e+00,5.000000000000000000e+00,5.000000000000000000e+00,5.000000000000000000e+00,5.000000000000000000e+00,5.000000000000000000e+00,5.000000000000000000e+00,5.000000000000000000e+00,5.000000000000000000e+00,5.000000000000000000e+00,5.000000000000000000e+00,5.000000000000000000e+00,5.000000000000000000e+00,5.000000000000000000e+00,5.000000000000000000e+00,5.000000000000000000e+00,5.000000000000000000e+00,5.000000000000000000e+00,5.000000000000000000e+00,5.000000000000000000e+00,5.000000000000000000e+00,5.000000000000000000e+00,5.000000000000000000e+00,5.000000000000000000e+00,5.000000000000000000e+00,5.000000000000000000e+00,5.000000000000000000e+00,5.000000000000000000e+00,5.000000000000000000e+00,5.000000000000000000e+00,5.000000000000000000e+00,5.000000000000000000e+00,5.000000000000000000e+00,5.000000000000000000e+00,5.000000000000000000e+00,5.000000000000000000e+00,4.865071296691894531e+00,4.673861980438232422e+00,4.497114658355712891e+00,4.333247661590576172e+00,4.180902481079101562e+00,4.038906097412109375e+00,3.906238079071044922e+00,3.782008409500122070e+00,3.665436983108520508e+00,3.555836677551269531e+00,3.452600479125976562e+00,3.355189561843872070e+00,3.263124465942382812e+00,3.175976991653442383e+00,3.093363285064697266e+00,3.014938354492187500e+00,2.940392017364501953e+00,2.869442701339721680e+00,2.801836967468261719e+00,2.737343311309814453e+00,2.675752162933349609e+00,2.616871595382690430e+00,2.560526371002197266e+00,2.506556749343872070e+00,2.454814910888671875e+00,2.405166387557983398e+00,2.357486248016357422e+00,2.311659574508666992e+00,2.267580747604370117e+00,2.225151300430297852e+00,2.184280633926391602e+00,2.144884347915649414e+00,2.106884002685546875e+00,2.070206403732299805e+00,2.034784317016601562e+00,2.000553846359252930e+00,1.967456102371215820e+00,1.935435533523559570e+00,1.904440760612487793e+00,1.874422788619995117e+00,1.845336675643920898e+00
3.058454036712646484e+00,3.090921640396118164e+00,5.000000000000000000e+00,5.000000000000000000e+00,5.000000000000000000e+00,5.000000000000000000e+00,5.000000000000000000e+00,5.000000000000000000e+00,5.000000000000000000e+00,5.000000000000000000e+00,5.000000000000000000e+00,5.000000000000000000e+00,5.000000000000000000e+00,5.000000000000000000e+00,5.000000000000000000e+00,5.000000000000000000e+00,5.000000000000000000e+00,5.000000000000000000e+00,5.000000000000000000e+00,5.000000000000000000e+00,5.000000000000000000e+00,5.000000000000000000e+00,5.000000000000000000e+00,5.000000000000000000e+00,5.000000000000000000e+00,5.000000000000000000e+00,5.000000000000000000e+00,5.000000000000000000e+00,5.000000000000000000e+00,5.000000000000000000e+00,5.000000000000000000e+00,5.000000000000000000e+00,5.000000000000000000e+00,5.000000000000000000e+00,5.000000000000000000e+00,5.000000000000000000e+00,5.000000000000000000e+00,5.000000000000000000e+00,5.000000000000000000e+00,4.865209579467773438e+00,4.673989772796630859e+00,4.497232437133789062e+00,4.333357334136962891e+00,4.181005001068115234e+00,4.039001464843750000e+00,3.906327009201049805e+00,3.782091856002807617e+00,3.665515422821044922e+00,3.555910587310791016e+00,3.452670097351074219e+00,3.355255365371704102e+00,3.263186693191528320e+00,3.176035881042480469e+00,3.093419075012207031e+00,3.014991521835327148e+00,2.940442323684692383e+00,2.869490861892700195e+00,2.801882743835449219e+00,2.737387180328369141e+00,2.675793886184692383e+00,2.616911649703979492e+00,2.560564756393432617e+00,2.506593465805053711e+00,2.454850196838378906e+00,2.405200004577636719e+00,2.357518672943115234e+00,2.311690807342529297e+00,2.267610788345336914e+00,2.225180149078369141e+00,2.184308528900146484e+00,2.144911050796508789e+00,2.106909751892089844e+00,2.070231437683105469e+00,2.034808397293090820e+00,2.000577211380004883e+00,1.967478752136230469e+00,1.935457348823547363e+00,1.904461860656738281e+00,1.874443292617797852e+00,1.845356583595275879e+00
3.076751232147216797e+00,3.099374771118164062e+00,5.000000000000000000e+00,5.000000000000000000e+00,5.000000000000000000e+00,5.000000000000000000e+00,5.000000000000000000e+00,5.000000000000000000e+00,5.000000000000000000e+00,5.000000000000000000e+00,5.000000000000000000e+00,5.000000000000000000e+00,5.000000000000000000e+00,5.000000000000000000e+00,5.000000000000000000e+00,5.000000000000000000e+00,5.000000000000000000e+00,5.000000000000000000e+00,5.000000000000000000e+00,5.000000000000000000e+00,5.000000000000000000e+00,5.000000000000000000e+00,5.000000000000000000e+00,5.000000000000000000e+00,5.000000000000000000e+00,5.000000000000000000e+00,5.000000000000000000e+00,5.000000000000000000e+00,5.000000000000000000e+00,5.000000000000000000e+00,5.000000000000000000e+00,5.000000000000000000e+00,5.000000000000000000e+00,5.000000000000000000e+00,5.000000000000000000e+00,5.000000000000000000e+00,5.000000000000000000e+00,5.000000000000000000e+00,5.000000000000000000e+00,4.865347862243652344e+00,4.674117565155029297e+00,4.497350692749023438e+00,4.333467006683349609e+00,4.181107044219970703e+00,4.039096832275390625e+00,3.906416177749633789e+00,3.782175540924072266e+00,3.665593862533569336e+00,3.555984258651733398e+00,3.452739715576171875e+00,3.355320930480957031e+00,3.263248920440673828e+00,3.176094770431518555e+00,3.093475103378295898e+00,3.015044689178466797e+00,2.940492868423461914e+00,2.869539022445678711e+00,2.801928758621215820e+00,2.737430810928344727e+00,2.675835847854614258e+00,2.616951465606689453e+00,2.560603141784667969e+00,2.506630182266235352e+00,2.454885482788085938e+00,2.405233860015869141e+00,2.357551097869873047e+00,2.311722040176391602e+00,2.267640829086303711e+00,2.225209236145019531e+00,2.184336423873901367e+00,2.144937992095947266e+00,2.106935739517211914e+00,2.070256471633911133e+00,2.034832715988159180e+00,2.000600576400756836e+00,1.967501282691955566e+00,1.935479283332824707e+00,1.904483079910278320e+00,1.874463796615600586e+00,1.845376372337341309e+00
3.089550495147705078e+00,3.106381177902221680e+00,5.000000000000000000e+00,5.000000000000000000e+00,5.000000000000000000e+00,5.000000000000000000e+00,5.000000000000000000e+00,5.000000000000000000e+00,5.000000000000000000e+00,5.000000000000000000e+00,5.000000000000000000e+00,5.000000000000000000e+00,5.000000000000000000e+00,5.000000000000000000e+00,5.000000000000000000e+00,5.000000000000000000e+00,5.000000000000000000e+00,5.000000000000000000e+00,5.000000000000000000e+00,5.000000000000000000e+00,5.000000000000000000e+00,5.000000000000000000e+00,5.000000000000000000e+00,5.000000000000000000e+00,5.000000000000000000e+00,5.000000000000000000e+00,5.000000000000000000e+00,5.000000000000000000e+00,5.000000000000000000e+00,5.000000000000000000e+00,5.000000000000000000e+00,5.000000000000000000e+00,5.000000000000000000e+00,5.000000000000000000e+00,5.000000000000000000e+00,5.000000000000000000e+00,5.000000000000000000e+00,5.000000000000000000e+00,5.000000000000000000e+00,4.865486145019531250e+00,4.674244880676269531e+00,4.497468948364257812e+00,4.333576679229736328e+00,4.181209087371826172e+00,4.039191722869873047e+00,3.906505346298217773e+00,3.782258987426757812e+00,3.665672302246093750e+00,3.556058168411254883e+00,3.452809333801269531e+00,3.355386734008789062e+00,3.263311147689819336e+00,3.176153898239135742e+00,3.093530893325805664e+00,3.015097618103027344e+00,2.940543413162231445e+00,2.869587182998657227e+00,2.801974534988403320e+00,2.737474679946899414e+00,2.675877571105957031e+00,2.616991519927978516e+00,2.560641288757324219e+00,2.506666898727416992e+00,2.454920530319213867e+00,2.405267715454101562e+00,2.357583522796630859e+00,2.311753273010253906e+00,2.267670869827270508e+00,2.225238084793090820e+00,2.184364318847656250e+00,2.144964933395385742e+00,2.106961727142333984e+00,2.070281505584716797e+00,2.034856796264648438e+00,2.000623941421508789e+00,1.967523932456970215e+00,1.935501098632812500e+00,1.904504299163818359e+00,1.874484300613403320e+00,1.845396280288696289e+00
3.078469753265380859e+00,3.094517469406127930e+00,5.000000000000000000e+00,5.000000000000000000e+00,5.000000000000000000e+00,5.000000000000000000e+00,5.000000000000000000e+00,5.000000000000000000e+00,5.000000000000000000e+00,5.000000000000000000e+00,5.000000000000000000e+00,5.000000000000000000e+00,5.000000000000000000e+00,5.000000000000000000e+00,5.000000000000000000e+00,5.000000000000000000e+00,5.000000000000000000e+00,5.000000000000000000e+00,5.000000000000000000e+00,5.000000000000000000e+00,5.000000000000000000e+00,5.000000000000000000e+00,5.000000000000000000e+00,5.000000000000000000e+00,5.000000000000000000e+00,5.000000000000000000e+00,5.000000000000000000e+00,5.000000000000000000e+00,5.000000000000000000e+00,5.000000000000000000e+00,5.000000000000000000e+00,5.000000000000000000e+00,5.000000000000000000e+00,5.000000000000000000e+00,5.000000000000000000e+00,5.000000000000000000e+00,5.000000000000000000e+00,5.000000000000000000e+00,5.000000000000000000e+00,4.865624427795410156e+00,4.674372673034667969e+00,4.497587203979492188e+00,4.333686351776123047e+00,4.181311130523681641e+00,4.039287090301513672e+00,3.906594514846801758e+00,3.782342672348022461e+00,3.665750741958618164e+00,3.556132078170776367e+00,3.452878952026367188e+00,3.355452537536621094e+00,3.263373374938964844e+00,3.176212787628173828e+00,3.093586921691894531e+00,3.015150785446166992e+00,2.940593957901000977e+00,2.869635105133056641e+00,2.802020311355590820e+00,2.737518548965454102e+00,2.675919532775878906e+00,2.617031574249267578e+00,2.560679674148559570e+00,2.506703615188598633e+00,2.454955816268920898e+00,2.405301570892333984e+00,2.357615947723388672e+00,2.311784505844116211e+00,2.267700910568237305e+00,2.225266933441162109e+00,2.184392213821411133e+00,2.144991874694824219e+00,2.106987714767456055e+00,2.070306539535522461e+00,2.034881114959716797e+00,2.000647306442260742e+00,1.967546582221984863e+00,1.935523033142089844e+00,1.904525518417358398e+00,1.874504804611206055e+00,1.845416188240051270e+00
3.076623916625976562e+00,3.086713314056396484e+00,5.000000000000000000e+00,5.000000000000000000e+00,5.000000000000000000e+00,5.000000000000000000e+00,5.000000000000000000e+00,5.000000000000000000e+00,5.000000000000000000e+00,5.000000000000000000e+00,5.000000000000000000e+00,5.000000000000000000e+00,5.000000000000000000e+00,5.000000000000000000e+00,5.000000000000000000e+00,5.000000000000000000e+00,5.000000000000000000e+00,5.000000000000000000e+00,5.000000000000000000e+00,5.000000000000000000e+00,5.000000000000000000e+00,5.000000000000000000e+00,5.000000000000000000e+00,5.000000000000000000e+00,5.000000000000000000e+00,5.000000000000000000e+00,5.000000000000000000e+00,5.000000000000000000e+00,5.000000000000000000e+00,5.000000000000000000e+00,5.000000000000000000e+00,5.000000000000000000e+00,5.000000000000000000e+00,5.000000000000000000e+00,5.000000000000000000e+00,5.000000000000000000e+00,5.000000000000000000e+00,5.000000000000000000e+00,5.000000000000000000e+00,4.865762710571289062e+00,4.674500465393066406e+00,4.497705459594726562e+00,4.333796024322509766e+00,4.181413173675537109e+00,4.039382457733154297e+00,3.906683683395385742e+00,3.782426118850708008e+00,3.665829420089721680e+00,3.556205987930297852e+00,3.452948570251464844e+00,3.355518341064453125e+00,3.263435602188110352e+00,3.176271677017211914e+00,3.093642711639404297e+00,3.015203952789306641e+00,2.940644502639770508e+00,2.869683265686035156e+00,2.802066326141357422e+00,2.737562179565429688e+00,2.675961256027221680e+00,2.617071628570556641e+00,2.560718059539794922e+00,2.506740331649780273e+00,2.454991102218627930e+00,2.405335187911987305e+00,2.357648611068725586e+00,2.311815738677978516e+00,2.267730951309204102e+00,2.225296020507812500e+00,2.184420108795166016e+00,2.145018577575683594e+00,2.107013463973999023e+00,2.070331573486328125e+00,2.034905195236206055e+00,2.000670671463012695e+00,1.967569112777709961e+00,1.935544848442077637e+00,1.904546618461608887e+00,1.874525427818298340e+00,1.845436096191406250e+00
5.000000000000000000e+00,3.073664426803588867e+00,5.000000000000000000e+00,5.000000000000000000e+00,5.000000000000000000e+00,5.000000000000000000e+00,5.000000000000000000e+00,5.000000000000000000e+00,5.000000000000000000e+00,5.000000000000000000e+00,5.000000000000000000e+00,5.000000000000000000e+00,5.000000000000000000e+00,5.000000000000000000e+00,5.000000000000000000e+00,5.000000000000000000e+00,5.000000000000000000e+00,5.000000000000000000e+00,5.000000000000000000e+00,5.000000000000000000e+00,5.000000000000000000e+00,5.000000000000000000e+00,5.000000000000000000e+00,5.000000000000000000e+00,5.000000000000000000e+00,5.000000000000000000e+00,5.000000000000000000e+00,5.000000000000000000e+00,5.000000000000000000e+00,5.000000000000000000e+00,5.000000000000000000e+00,5.000000000000000000e+00,5.000000000000000000e+00,5.000000000000000000e+00,5.000000000000000000e+00,5.000000000000000000e+00,5.000000000000000000e+00,5.000000000000000000e+00,5.000000000000000000e+00,4.865900993347167969e+00,4.674627780914306641e+00,4.497823238372802734e+00,4.333905696868896484e+00,4.181515216827392578e+00,4.039477825164794922e+00,3.906772851943969727e+00,3.782509803771972656e+00,3.665907859802246094e+00,3.556279897689819336e+00,3.453018188476562500e+00,3.355584144592285156e+00,3.263497829437255859e+00,3.176330566406250000e+00,3.093698740005493164e+00,3.015257120132446289e+00,2.940695047378540039e+00,2.869731426239013672e+00,2.802112102508544922e+00,2.737606048583984375e+00,2.676003217697143555e+00,2.617111682891845703e+00,2.560756206512451172e+00,2.506777048110961914e+00,2.455026149749755859e+00,2.405369043350219727e+00,2.357681035995483398e+00,2.311846971511840820e+00,2.267760992050170898e+00,2.225324869155883789e+00,2.184448003768920898e+00,2.145045518875122070e+00,2.107039451599121094e+00,2.070356607437133789e+00,2.034929275512695312e+00,2.000694036483764648e+00,1.967591762542724609e+00,1.935566782951354980e+00,1.904567837715148926e+00,1.874545931816101074e+00,1.845456004142761230e+00
5.000000000000000000e+00,3.075480461120605469e+00,5.000000000000000000e+00,5.000000000000000000e+00,5.000000000000000000e+00,5.000000000000000000e+00,5.000000000000000000e+00,5.000000000000000000e+00,5.000000000000000000e+00,5.000000000000000000e+00,5.000000000000000000e+00,5.000000000000000000e+00,5.000000000000000000e+00,5.000000000000000000e+00,5.000000000000000000e+00,5.000000000000000000e+00,5.000000000000000000e+00,5.000000000000000000e+00,5.000000000000000000e+00,5.000000000000000000e+00,5.000000000000000000e+00,5.000000000000000000e+00,5.000000000000000000e+00,5.000000000000000000e+00,5.000000000000000000e+00,5.000000000000000000e+00,5.000000000000000000e+00,5.000000000000000000e+00,5.000000000000000000e+00,5.000000000000000000e+00,5.000000000000000000e+00,5.000000000000000000e+00,5.000000000000000000e+00,5.000000000000000000e+00,5.000000000000000000e+00,5.000000000000000000e+00,5.000000000000000000e+00,5.000000000000000000e+00,5.000000000000000000e+00,4.866039276123046875e+00,4.674755573272705078e+00,4.497941493988037109e+00,4.334015369415283203e+00,4.181617736816406250e+00,4.039573192596435547e+00,3.906862020492553711e+00,3.782593250274658203e+00,3.665986299514770508e+00,3.556353807449340820e+00,3.453087806701660156e+00,3.355649948120117188e+00,3.263560056686401367e+00,3.176389455795288086e+00,3.093754529953002930e+00,3.015310049057006836e+00,2.940745592117309570e+00,2.869779586791992188e+00,2.802157878875732422e+00,2.737649679183959961e+00,2.676044940948486328e+00,2.617151498794555664e+00,2.560794591903686523e+00,2.506813526153564453e+00,2.455061435699462891e+00,2.405402898788452148e+00,2.357713460922241211e+00,2.311878204345703125e+00,2.267791032791137695e+00,2.225353717803955078e+00,2.184475898742675781e+00,2.145072460174560547e+00,2.107065439224243164e+00,2.070381641387939453e+00,2.034953594207763672e+00,2.000717401504516602e+00,1.967614412307739258e+00,1.935588717460632324e+00,1.904589056968688965e+00,1.874566435813903809e+00,1.845475912094116211e+00
3.027573108673095703e+00,3.051382541656494141e+00,5.000000000000000000e+00,5.000000000000000000e+00,5.000000000000000000e+00,5.000000000000000000e+00,5.000000000000000000e+00,5.000000000000000000e+00,5.000000000000000000e+00,5.000000000000000000e+00,5.000000000000000000e+00,5.000000000000000000e+00,5.000000000000000000e+00,5.000000000000000000e+00,5.000000000000000000e+00,5.000000000000000000e+00,5.000000000000000000e+00,5.000000000000000000e+00,5.000000000000000000e+00,5.000000000000000000e+00,5.000000000000000000e+00,5.000000000000000000e+00,5.000000000000000000e+00,5.000000000000000000e+00,5.000000000000000000e+00,5.000000000000000000e+00,5.000000000000000000e+00,5.000000000000000000e+00,5.000000000000000000e+00,5.000000000000000000e+00,5.000000000000000000e+00,5.000000000000000000e+00,5.000000000000000000e+00,5.000000000000000000e+00,5.000000000000000000e+00,5.000000000000000000e+00,5.000000000000000000e+00,5.000000000000000000e+00,5.000000000000000000e+00,4.866177558898925781e+00,4.674882888793945312e+00,4.498059272766113281e+00,4.334125041961669922e+00,4.181719303131103516e+00,4.039668083190917969e+00,3.906951189041137695e+00,3.782676935195922852e+00,3.666064739227294922e+00,3.556427478790283203e+00,3.453157424926757812e+00,3.355715751647949219e+00,3.263622283935546875e+00,3.176448345184326172e+00,3.093810558319091797e+00,3.015363216400146484e+00,2.940795898437500000e+00,2.869827747344970703e+00,2.802203893661499023e+00,2.737693548202514648e+00,2.676086902618408203e+00,2.617191553115844727e+00,2.560832977294921875e+00,2.506850242614746094e+00,2.455096721649169922e+00,2.405436754226684570e+00,2.357745885848999023e+00,2.311909198760986328e+00,2.267821073532104492e+00,2.225382804870605469e+00,2.184503555297851562e+00,2.145099163055419922e+00,2.107091188430786133e+00,2.070406675338745117e+00,2.034977674484252930e+00,2.000740766525268555e+00,1.967637062072753906e+00,1.935610532760620117e+00,1.904610276222229004e+00,1.874586939811706543e+00,1.845495820045471191e+00
3.018574953079223633e+00,3.037010192871093750e+00,5.000000000000000000e+00,5.000000000000000000e+00,5.000000000000000000e+00,5.000000000000000000e+00,5.000000000000000000e+00,5.000000000000000000e+00,5.000000000000000000e+00,5.000000000000000000e+00,5.000000000000000000e+00,5.000000000000000000e+00,5.000000000000000000e+00,5.000000000000000000e+00,5.000000000000000000e+00,5.000000000000000000e+00,5.000000000000000000e+00,5.000000000000000000e+00,5.000000000000000000e+00,5.000000000000000000e+00,5.000000000000000000e+00,5.000000000000000000e+00,5.000000000000000000e+00,5.000000000000000000e+00,5.000000000000000000e+00,5.000000000000000000e+00,5.000000000000000000e+00,5.000000000000000000e+00,5.000000000000000000e+00,5.000000000000000000e+00,5.000000000000000000e+00,5.000000000000000000e+00,5.000000000000000000e+00,5.000000000000000000e+00,5.000000000000000000e+00,5.000000000000000000e+00,5.000000000000000000e+00,5.000000000000000000e+00,5.000000000000000000e+00,4.866315841674804688e+00,4.675010681152343750e+00,4.498177528381347656e+00,4.334234714508056641e+00,4.181821346282958984e+00,4.039763450622558594e+00,3.907040357589721680e+00,3.782760381698608398e+00,3.666143417358398438e+00,3.556501388549804688e+00,3.453227281570434570e+00,3.355781555175781250e+00,3.263684272766113281e+00,3.176507472991943359e+00,3.093866348266601562e+00,3.015416383743286133e+00,2.940846443176269531e+00,2.869875669479370117e+00,2.802249670028686523e+00,2.737737417221069336e+00,2.676128625869750977e+00,2.617231607437133789e+00,2.560871124267578125e+00,2.506886959075927734e+00,2.455131769180297852e+00,2.405470371246337891e+00,2.357778310775756836e+00,2.311940431594848633e+00,2.267851114273071289e+00,2.225411653518676758e+00,2.184531450271606445e+00,2.145126104354858398e+00,2.107117176055908203e+00,2.070431709289550781e+00,2.035001993179321289e+00,2.000764131546020508e+00,1.967659592628479004e+00,1.935632467269897461e+00,1.904631376266479492e+00,1.874607443809509277e+00,1.845515608787536621e+00
5.000000000000000000e+00,5.000000000000000000e+00,5.000000000000000000e+00,5.000000000000000000e+00,5.000000000000000000e+00,5.000000000000000000e+00,5.000000000000000000e+00,5.000000000000000000e+00,5.000000000000000000e+00,5.000000000000000000e+00,5.000000000000000000e+00,5.000000000000000000e+00,5.000000000000000000e+00,5.000000000000000000e+00,5.000000000000000000e+00,5.000000000000000000e+00,5.000000000000000000e+00,5.000000000000000000e+00,5.000000000000000000e+00,5.000000000000000000e+00,5.000000000000000000e+00,5.000000000000000000e+00,5.000000000000000000e+00,5.000000000000000000e+00,5.000000000000000000e+00,5.000000000000000000e+00,5.000000000000000000e+00,5.000000000000000000e+00,5.000000000000000000e+00,5.000000000000000000e+00,5.000000000000000000e+00,5.000000000000000000e+00,5.000000000000000000e+00,5.000000000000000000e+00,5.000000000000000000e+00,5.000000000000000000e+00,5.000000000000000000e+00,5.000000000000000000e+00,5.000000000000000000e+00,4.866454124450683594e+00,4.675137996673583984e+00,4.498295783996582031e+00,4.334344387054443359e+00,4.181923866271972656e+00,4.039858818054199219e+00,3.907129526138305664e+00,3.782844066619873047e+00,3.666221857070922852e+00,3.556575298309326172e+00,3.453296899795532227e+00,3.355847120285034180e+00,3.263746500015258789e+00,3.176566362380981445e+00,3.093922376632690430e+00,3.015469551086425781e+00,2.940896987915039062e+00,2.869923830032348633e+00,2.802295684814453125e+00,2.737781047821044922e+00,2.676170349121093750e+00,2.617271661758422852e+00,2.560909509658813477e+00,2.506923675537109375e+00,2.455167055130004883e+00,2.405504226684570312e+00,2.357810974121093750e+00,2.311971664428710938e+00,2.267881155014038086e+00,2.225440502166748047e+00,2.184559345245361328e+00,2.145153045654296875e+00,2.107143163681030273e+00,2.070456743240356445e+00,2.035026073455810547e+00,2.000787496566772461e+00,1.967682242393493652e+00,1.935654282569885254e+00,1.904652595520019531e+00,1.874627947807312012e+00,1.845535516738891602e+00
5.000000000000000000e+00,5.000000000000000000e+00,5.000000000000000000e+00,5.000000000000000000e+00,5.000000000000000000e+00,5.000000000000000000e+00,5.000000000000000000e+00,5.000000000000000000e+00,5.000000000000000000e+00,5.000000000000000000e+00,5.000000000000000000e+00,5.000000000000000000e+00,5.000000000000000000e+00,5.000000000000000000e+00,5.000000000000000000e+00,5.000000000000000000e+00,5.000000000000000000e+00,5.000000000000000000e+00,5.000000000000000000e+00,5.000000000000000000e+00,5.000000000000000000e+00,5.000000000000000000e+00,5.000000000000000000e+00,5.000000000000000000e+00,5.000000000000000000e+00,5.000000000000000000e+00,5.000000000000000000e+00,5.000000000000000000e+00,5.000000000000000000e+00,5.000000000000000000e+00,5.000000000000000000e+00,5.000000000000000000e+00,5.000000000000000000e+00,5.000000000000000000e+00,5.000000000000000000e+00,5.000000000000000000e+00,5.000000000000000000e+00,5.000000000000000000e+00,5.000000000000000000e+00,4.866592407226562500e+00,4.675265789031982422e+00,4.498414039611816406e+00,4.334454059600830078e+00,4.182025909423828125e+00,4.039954185485839844e+00,3.907218694686889648e+00,3.782927751541137695e+00,3.666300296783447266e+00,3.556649208068847656e+00,3.453366518020629883e+00,3.355912923812866211e+00,3.263808727264404297e+00,3.176625251770019531e+00,3.093978166580200195e+00,3.015522718429565430e+00,2.940947532653808594e+00,2.869971990585327148e+00,2.802341461181640625e+00,2.737824916839599609e+00,2.676212310791015625e+00,2.617311716079711914e+00,2.560947895050048828e+00,2.506960391998291016e+00,2.455202341079711914e+00,2.405538082122802734e+00,2.357843399047851562e+00,2.312002897262573242e+00,2.267911195755004883e+00,2.225469589233398438e+00,2.184587240219116211e+00,2.145179986953735352e+00,2.107169151306152344e+00,2.070481777191162109e+00,2.035050392150878906e+00,2.000810861587524414e+00,1.967704892158508301e+00,1.935676217079162598e+00,1.904673814773559570e+00,1.874648571014404297e+00,1.845555424690246582e+00
5.000000000000000000e+00,5.000000000000000000e+00,5.000000000000000000e+00,5.000000000000000000e+00,5.000000000000000000e+00,5.000000000000000000e+00,5.000000000000000000e+00,5.000000000000000000e+00,5.000000000000000000e+00,5.000000000000000000e+00,5.000000000000000000e+00,5.000000000000000000e+00,5.000000000000000000e+00,5.000000000000000000e+00,5.000000000000000000e+00,5.000000000000000000e+00,5.000000000000000000e+00,5.000000000000000000e+00,5.000000000000000000e+00,5.000000000000000000e+00,5.000000000000000000e+00,5.000000000000000000e+00,5.000000000000000000e+00,5.000000000000000000e+00,5.000000000000000000e+00,5.000000000000000000e+00,5.000000000000000000e+00,5.000000000000000000e+00,5.000000000000000000e+00,5.000000000000000000e+00,5.000000000000000000e+00,5.000000000000000000e+00,5.000000000000000000e+00,5.000000000000000000e+00,5.000000000000000000e+00,5.000000000000000000e+00,5.000000000000000000e+00,5.000000000000000000e+00,5.000000000000000000e+00,4.866730690002441406e+00,4.675393581390380859e+00,4.498532295227050781e+00,4.334563732147216797e+00,4.182127952575683594e+00,4.040049552917480469e+00,3.907307863235473633e+00,3.783011198043823242e+00,3.666378974914550781e+00,3.556723117828369141e+00,3.453436136245727539e+00,3.355978727340698242e+00,3.263870954513549805e+00,3.176684141159057617e+00,3.094034194946289062e+00,3.015575647354125977e+00,2.940998077392578125e+00,2.870020151138305664e+00,2.802387237548828125e+00,2.737868785858154297e+00,2.676254034042358398e+00,2.617351770401000977e+00,2.560986042022705078e+00,2.506997108459472656e+00,2.455237388610839844e+00,2.405571937561035156e+00,2.357875823974609375e+00,2.312034130096435547e+00,2.267941236495971680e+00,2.225498437881469727e+00,2.184615135192871094e+00,2.145206689834594727e+00,2.107195138931274414e+00,2.070506811141967773e+00,2.035074472427368164e+00,2.000834465026855469e+00,1.967727422714233398e+00,1.935698151588439941e+00,1.904695034027099609e+00,1.874669075012207031e+00,1.845575332641601562e+00
5.000000000000000000e+00,5.000000000000000000e+00,5.000000000000000000e+00,5.000000000000000000e+00,5.000000000000000000e+00,5.000000000000000000e+00,5.000000000000000000e+00,5.000000000000000000e+00,5.000000000000000000e+00,5.000000000000000000e+00,5.000000000000000000e+00,5.000000000000000000e+00,5.000000000000000000e+00,5.000000000000000000e+00,5.000000000000000000e+00,5.000000000000000000e+00,5.000000000000000000e+00,5.000000000000000000e+00,5.000000000000000000e+00,5.000000000000000000e+00,5.000000000000000000e+00,5.000000000000000000e+00,5.000000000000000000e+00,5.000000000000000000e+00,5.000000000000000000e+00,5.000000000000000000e+00,5.000000000000000000e+00,5.000000000000000000e+00,5.000000000000000000e+00,5.000000000000000000e+00,5.000000000000000000e+00,5.000000000000000000e+00,5.000000000000000000e+00,5.000000000000000000e+00,5.000000000000000000e+00,5.000000000000000000e+00,5.000000000000000000e+00,5.000000000000000000e+00,5.000000000000000000e+00,4.866868972778320312e+00,4.675521373748779297e+00,4.498650550842285156e+00,4.334673404693603516e+00,4.182229995727539062e+00,4.040144920349121094e+00,3.907397031784057617e+00,3.783094882965087891e+00,3.666457414627075195e+00,3.556797027587890625e+00,3.453505754470825195e+00,3.356044530868530273e+00,3.263933181762695312e+00,3.176743268966674805e+00,3.094089984893798828e+00,3.015628814697265625e+00,2.941048622131347656e+00,2.870068311691284180e+00,2.802433252334594727e+00,2.737912416458129883e+00,2.676295995712280273e+00,2.617391586303710938e+00,2.561024427413940430e+00,2.507033824920654297e+00,2.455272674560546875e+00,2.405605792999267578e+00,2.357908248901367188e+00,2.312065362930297852e+00,2.267971277236938477e+00,2.225527286529541016e+00,2.184643030166625977e+00,2.145233631134033203e+00,2.107220888137817383e+00,2.070531845092773438e+00,2.035098791122436523e+00,2.000857830047607422e+00,1.967750072479248047e+00,1.935719966888427734e+00,1.904716134071350098e+00,1.874689579010009766e+00,1.845595240592956543e+00
5.000000000000000000e+00,5.000000000000000000e+00,5.000000000000000000e+00,5.000000000000000000e+00,5.000000000000000000e+00,5.000000000000000000e+00,5.000000000000000000e+00,5.000000000000000000e+00,5.000000000000000000e+00,5.000000000000000000e+00,5.000000000000000000e+00,5.000000000000000000e+00,5.000000000000000000e+00,5.000000000000000000e+00,5.000000000000000000e+00,5.000000000000000000e+00,5.000000000000000000e+00,5.000000000000000000e+00,5.000000000000000000e+00,5.000000000000000000e+00,5.000000000000000000e+00,5.000000000000000000e+00,5.000000000000000000e+00,5.000000000000000000e+00,5.000000000000000000e+00,5.000000000000000000e+00,5.000000000000000000e+00,5.000000000000000000e+00,5.000000000000000000e+00,5.000000000000000000e+00,5.000000000000000000e+00,5.000000000000000000e+00,5.000000000000000000e+00,5.000000000000000000e+00,5.000000000000000000e+00,5.000000000000000000e+00,5.000000000000000000e+00,5.000000000000000000e+00,5.000000000000000000e+00,4.867006301879882812e+00,4.675649166107177734e+00,4.498768806457519531e+00,4.334783554077148438e+00,4.182332515716552734e+00,4.040240287780761719e+00,3.907486200332641602e+00,3.783178567886352539e+00,3.666535854339599609e+00,3.556870937347412109e+00,3.453575611114501953e+00,3.356110334396362305e+00,3.263995409011840820e+00,3.176802158355712891e+00,3.094146013259887695e+00,3.015681982040405273e+00,2.941099166870117188e+00,2.870116233825683594e+00,2.802479028701782227e+00,2.737956285476684570e+00,2.676337718963623047e+00,2.617431640625000000e+00,2.561062812805175781e+00,2.507070541381835938e+00,2.455307960510253906e+00,2.405639410018920898e+00,2.357940673828125000e+00,2.312096595764160156e+00,2.268001317977905273e+00,2.225556373596191406e+00,2.184670925140380859e+00,2.145260572433471680e+00,2.107246875762939453e+00,2.070556879043579102e+00,2.035122871398925781e+00,2.000881195068359375e+00,1.967772722244262695e+00,1.935741901397705078e+00,1.904737353324890137e+00,1.874710083007812500e+00,1.845615148544311523e+00
5.000000000000000000e+00,5.000000000000000000e+00,5.000000000000000000e+00,5.000000000000000000e+00,5.000000000000000000e+00,5.000000000000000000e+00,5.000000000000000000e+00,5.000000000000000000e+00,5.000000000000000000e+00,5.000000000000000000e+00,5.000000000000000000e+00,5.000000000000000000e+00,5.000000000000000000e+00,5.000000000000000000e+00,5.000000000000000000e+00,5.000000000000000000e+00,5.000000000000000000e+00,5.000000000000000000e+00,5.000000000000000000e+00,5.000000000000000000e+00,5.000000000000000000e+00,5.000000000000000000e+00,5.000000000000000000e+00,5.000000000000000000e+00,5.000000000000000000e+00,5.000000000000000000e+00,5.000000000000000000e+00,5.000000000000000000e+00,5.000000000000000000e+00,5.000000000000000000e+00,5.000000000000000000e+00,5.000000000000000000e+00,5.000000000000000000e+00,5.000000000000000000e+00,5.000000000000000000e+00,5.000000000000000000e+00,5.000000000000000000e+00,5.000000000000000000e+00,5.000000000000000000e+00,4.867145061492919922e+00,4.675775527954101562e+00,4.498887062072753906e+00,4.334893226623535156e+00,4.182434558868408203e+00,4.040335655212402344e+00,3.907575368881225586e+00,3.783262014389038086e+00,3.666614532470703125e+00,3.556944847106933594e+00,3.453645229339599609e+00,3.356176137924194336e+00,3.264057636260986328e+00,3.176861047744750977e+00,3.094201803207397461e+00,3.015735149383544922e+00,2.941149711608886719e+00,2.870164394378662109e+00,2.802525043487548828e+00,2.738000154495239258e+00,2.676379680633544922e+00,2.617471694946289062e+00,2.561100959777832031e+00,2.507107257843017578e+00,2.455343246459960938e+00,2.405673265457153320e+00,2.357973337173461914e+00,2.312127828598022461e+00,2.268031358718872070e+00,2.225585222244262695e+00,2.184698820114135742e+00,2.145287513732910156e+00,2.107272863388061523e+00,2.070581912994384766e+00,2.035147190093994141e+00,2.000904560089111328e+00,1.967795372009277344e+00,1.935763716697692871e+00,1.904758572578430176e+00,1.874730706214904785e+00,1.845635056495666504e+00
5.000000000000000000e+00,5.000000000000000000e+00,5.000000000000000000e+00,5.000000000000000000e+00,5.000000000000000000e+00,5.000000000000000000e+00,5.000000000000000000e+00,5.000000000000000000e+00,5.000000000000000000e+00,5.000000000000000000e+00,5.000000000000000000e+00,5.000000000000000000e+00,5.000000000000000000e+00,5.000000000000000000e+00,5.000000000000000000e+00,5.000000000000000000e+00,5.000000000000000000e+00,5.000000000000000000e+00,5.000000000000000000e+00,5.000000000000000000e+00,5.000000000000000000e+00,5.000000000000000000e+00,5.000000000000000000e+00,5.000000000000000000e+00,5.000000000000000000e+00,5.000000000000000000e+00,5.000000000000000000e+00,5.000000000000000000e+00,5.000000000000000000e+00,5.000000000000000000e+00,5.000000000000000000e+00,5.000000000000000000e+00,5.000000000000000000e+00,5.000000000000000000e+00,5.000000000000000000e+00,5.000000000000000000e+00,5.000000000000000000e+00,5.000000000000000000e+00,5.000000000000000000e+00,4.867283821105957031e+00,4.675903797149658203e+00,4.499005317687988281e+00,4.335002899169921875e+00,4.182536602020263672e+00,4.040431022644042969e+00,3.907664537429809570e+00,3.783345699310302734e+00,3.666692972183227539e+00,3.557018756866455078e+00,3.453714847564697266e+00,3.356241941452026367e+00,3.264119863510131836e+00,3.176919937133789062e+00,3.094257831573486328e+00,3.015788316726684570e+00,2.941200256347656250e+00,2.870212554931640625e+00,2.802570819854736328e+00,2.738044023513793945e+00,2.676421403884887695e+00,2.617511749267578125e+00,2.561139345169067383e+00,2.507143974304199219e+00,2.455378293991088867e+00,2.405707120895385742e+00,2.358005762100219727e+00,2.312159061431884766e+00,2.268061399459838867e+00,2.225614070892333984e+00,2.184726715087890625e+00,2.145314216613769531e+00,2.107298851013183594e+00,2.070606946945190430e+00,2.035171270370483398e+00,2.000927925109863281e+00,1.967817902565002441e+00,1.935785651206970215e+00,1.904779791831970215e+00,1.874751210212707520e+00,1.845654964447021484e+00
5.000000000000000000e+00,5.000000000000000000e+00,5.000000000000000000e+00,5.000000000000000000e+00,5.000000000000000000e+00,5.000000000000000000e+00,5.000000000000000000e+00,5.000000000000000000e+00,5.000000000000000000e+00,5.000000000000000000e+00,5.000000000000000000e+00,5.000000000000000000e+00,5.000000000000000000e+00,5.000000000000000000e+00,5.000000000000000000e+00,5.000000000000000000e+00,5.000000000000000000e+00,5.000000000000000000e+00,5.000000000000000000e+00,5.000000000000000000e+00,5.000000000000000000e+00,5.000000000000000000e+00,5.000000000000000000e+00,5.000000000000000000e+00,5.000000000000000000e+00,5.000000000000000000e+00,5.000000000000000000e+00,5.000000000000000000e+00,5.000000000000000000e+00,5.000000000000000000e+00,5.000000000000000000e+00,5.000000000000000000e+00,5.000000000000000000e+00,5.000000000000000000e+00,5.000000000000000000e+00,5.000000000000000000e+00,5.000000000000000000e+00,5.000000000000000000e+00,5.000000000000000000e+00,4.867422103881835938e+00,4.676031112670898438e+00,4.499122619628906250e+00,4.335112571716308594e+00,4.182639122009277344e+00,4.040526390075683594e+00,3.907753705978393555e+00,3.783429384231567383e+00,3.666771411895751953e+00,3.557092666625976562e+00,3.453784465789794922e+00,3.356307744979858398e+00,3.264182090759277344e+00,3.176979064941406250e+00,3.094313859939575195e+00,3.015841245651245117e+00,2.941250801086425781e+00,2.870260715484619141e+00,2.802616596221923828e+00,2.738087654113769531e+00,2.676463365554809570e+00,2.617551803588867188e+00,2.561177730560302734e+00,2.507180690765380859e+00,2.455413579940795898e+00,2.405740976333618164e+00,2.358038187026977539e+00,2.312190294265747070e+00,2.268091440200805664e+00,2.225643157958984375e+00,2.184754610061645508e+00,2.145341157913208008e+00,2.107324838638305664e+00,2.070631980895996094e+00,2.035195589065551758e+00,2.000951290130615234e+00,1.967840552330017090e+00,1.935807585716247559e+00,1.904800891876220703e+00,1.874771714210510254e+00,1.845674872398376465e+00
5.000000000000000000e+00,5.000000000000000000e+00,5.000000000000000000e+00,5.000000000000000000e+00,5.000000000000000000e+00,5.000000000000000000e+00,5.000000000000000000e+00,5.000000000000000000e+00,5.000000000000000000e+00,5.000000000000000000e+00,5.000000000000000000e+00,5.000000000000000000e+00,5.000000000000000000e+00,5.000000000000000000e+00,5.000000000000000000e+00,5.000000000000000000e+00,5.000000000000000000e+00,5.000000000000000000e+00,5.000000000000000000e+00,5.000000000000000000e+00,5.000000000000000000e+00,5.000000000000000000e+00,5.000000000000000000e+00,5.000000000000000000e+00,5.000000000000000000e+00,5.000000000000000000e+00,5.000000000000000000e+00,5.000000000000000000e+00,5.000000000000000000e+00,5.000000000000000000e+00,5.000000000000000000e+00,5.000000000000000000e+00,5.000000000000000000e+00,5.000000000000000000e+00,5.000000000000000000e+00,5.000000000000000000e+00,5.000000000000000000e+00,5.000000000000000000e+00,5.000000000000000000e+00,4.867560863494873047e+00,4.676159381866455078e+00,4.499240875244140625e+00,4.335221767425537109e+00,4.182740688323974609e+00,4.040621280670166016e+00,3.907842397689819336e+00,3.783512592315673828e+00,3.666849613189697266e+00,3.557166099548339844e+00,3.453853845596313477e+00,3.356373310089111328e+00,3.264244079589843750e+00,3.177037715911865234e+00,3.094369411468505859e+00,3.015894174575805664e+00,2.941301107406616211e+00,2.870308637619018555e+00,2.802662372589111328e+00,2.738131284713745117e+00,2.676504850387573242e+00,2.617591619491577148e+00,2.561215877532958984e+00,2.507217407226562500e+00,2.455448627471923828e+00,2.405774593353271484e+00,2.358070611953735352e+00,2.312221288681030273e+00,2.268121242523193359e+00,2.225671768188476562e+00,2.184782266616821289e+00,2.145367860794067383e+00,2.107350587844848633e+00,2.070657014846801758e+00,2.035219669342041016e+00,2.000974655151367188e+00,1.967862963676452637e+00,1.935829401016235352e+00,1.904821872711181641e+00,1.874792218208312988e+00,1.845694541931152344e+00
5.000000000000000000e+00,5.000000000000000000e+00,5.000000000000000000e+00,5.000000000000000000e+00,5.000000000000000000e+00,5.000000000000000000e+00,5.000000000000000000e+00,5.000000000000000000e+00,5.000000000000000000e+00,5.000000000000000000e+00,5.000000000000000000e+00,5.000000000000000000e+00,5.000000000000000000e+00,5.000000000000000000e+00,5.000000000000000000e+00,5.000000000000000000e+00,5.000000000000000000e+00,5.000000000000000000e+00,5.000000000000000000e+00,5.000000000000000000e+00,5.000000000000000000e+00,5.000000000000000000e+00,5.000000000000000000e+00,5.000000000000000000e+00,5.000000000000000000e+00,5.000000000000000000e+00,5.000000000000000000e+00,5.000000000000000000e+00,5.000000000000000000e+00,5.000000000000000000e+00,5.000000000000000000e+00,5.000000000000000000e+00,5.000000000000000000e+00,5.000000000000000000e+00,5.000000000000000000e+00,5.000000000000000000e+00,5.000000000000000000e+00,5.000000000000000000e+00,5.000000000000000000e+00,4.867699623107910156e+00,4.676287174224853516e+00,4.499359130859375000e+00,4.335331439971923828e+00,4.182842254638671875e+00,4.040716648101806641e+00,3.907931804656982422e+00,3.783596038818359375e+00,3.666928291320800781e+00,3.557240009307861328e+00,3.453923463821411133e+00,3.356439113616943359e+00,3.264306306838989258e+00,3.177096605300903320e+00,3.094425439834594727e+00,3.015947341918945312e+00,2.941351413726806641e+00,2.870356559753417969e+00,2.802708148956298828e+00,2.738175153732299805e+00,2.676546812057495117e+00,2.617631673812866211e+00,2.561254024505615234e+00,2.507254123687744141e+00,2.455483913421630859e+00,2.405808448791503906e+00,2.358103036880493164e+00,2.312252521514892578e+00,2.268151283264160156e+00,2.225700855255126953e+00,2.184810161590576172e+00,2.145394802093505859e+00,2.107376575469970703e+00,2.070682048797607422e+00,2.035243749618530273e+00,2.000998020172119141e+00,1.967885613441467285e+00,1.935851335525512695e+00,1.904843091964721680e+00,1.874812722206115723e+00,1.845714449882507324e+00
4.874361515045166016e+00,4.873163700103759766e+00,4.871966361999511719e+00,4.870769977569580078e+00,4.869574069976806641e+00,4.868378639221191406e+00,4.867183685302734375e+00,4.865989208221435547e+00,4.864795684814453125e+00,4.863602638244628906e+00,4.862410068511962891e+00,4.861217975616455078e+00,4.860026836395263672e+00,4.858836174011230469e+00,4.857645988464355469e+00,4.856456279754638672e+00,4.855267524719238281e+00,4.854078769683837891e+00,4.852890968322753906e+00,4.851704120635986328e+00,4.850517272949218750e+00,4.849331378936767578e+00,4.848145484924316406e+00,4.846960544586181641e+00,4.845776557922363281e+00,4.844592571258544922e+00,4.843409538269042969e+00,4.842226982116699219e+00,4.841044902801513672e+00,4.839863300323486328e+00,4.838682174682617188e+00,4.837502002716064453e+00,4.836322307586669922e+00,4.835143089294433594e+00,4.833964347839355469e+00,4.832786560058593750e+00,4.831608772277832031e+00,4.830431938171386719e+00,4.829255580902099609e+00,4.828080177307128906e+00,4.676414966583251953e+00,4.499477863311767578e+00,4.335441589355468750e+00,4.182944774627685547e+00,4.040812015533447266e+00,3.908020973205566406e+00,3.783679723739624023e+00,3.667006731033325195e+00,3.557313919067382812e+00,3.453993320465087891e+00,3.356504917144775391e+00,3.264368534088134766e+00,3.177155494689941406e+00,3.094481229782104492e+00,3.016000509262084961e+00,2.941401958465576172e+00,2.870404720306396484e+00,2.802754163742065430e+00,2.738218784332275391e+00,2.676588535308837891e+00,2.617671728134155273e+00,2.561292409896850586e+00,2.507290840148925781e+00,2.455518960952758789e+00,2.405842065811157227e+00,2.358135461807250977e+00,2.312283754348754883e+00,2.268181324005126953e+00,2.225729703903198242e+00,2.184838056564331055e+00,2.145421743392944336e+00,2.107402324676513672e+00,2.070707082748413086e+00,2.035267829895019531e+00,2.001021385192871094e+00,1.967908143997192383e+00,1.935873150825500488e+00,1.904864311218261719e+00,1.874833345413208008e+00,1.845734357833862305e+00
3.777367115020751953e+00,3.776647806167602539e+00,3.775928735733032227e+00,3.775209903717041016e+00,3.774491310119628906e+00,3.773772954940795898e+00,3.773055076599121094e+00,3.772337436676025391e+00,3.771619796752929688e+00,3.770902633666992188e+00,3.770185708999633789e+00,3.769469261169433594e+00,3.768752813339233398e+00,3.768036842346191406e+00,3.767320871353149414e+00,3.766605377197265625e+00,3.765890121459960938e+00,3.765175104141235352e+00,3.764460325241088867e+00,3.763746023178100586e+00,3.763031721115112305e+00,3.762317895889282227e+00,3.761604309082031250e+00,3.760890960693359375e+00,3.760177850723266602e+00,3.759464979171752930e+00,3.758752346038818359e+00,3.758040189743041992e+00,3.757328033447265625e+00,3.756616353988647461e+00,3.755904912948608398e+00,3.755193710327148438e+00,3.754482746124267578e+00,3.753772020339965820e+00,3.753061771392822266e+00,3.752351522445678711e+00,3.751641750335693359e+00,3.750931978225708008e+00,3.750222682952880859e+00,3.749514102935791016e+00,3.748804807662963867e+00,3.748096704483032227e+00,3.747388124465942383e+00,3.746680498123168945e+00,3.745972394943237305e+00,3.745265245437622070e+00,3.744557619094848633e+00,3.667085409164428711e+00,3.557387828826904297e+00,3.454062938690185547e+00,3.356570720672607422e+00,3.264430761337280273e+00,3.177214622497558594e+00,3.094537258148193359e+00,3.016053676605224609e+00,2.941452503204345703e+00,2.870452880859375000e+00,2.802799940109252930e+00,2.738262653350830078e+00,2.676630496978759766e+00,2.617711544036865234e+00,2.561330795288085938e+00,2.507327556610107422e+00,2.455554246902465820e+00,2.405875921249389648e+00,2.358167886734008789e+00,2.312314987182617188e+00,2.268211364746093750e+00,2.225758790969848633e+00,2.184865951538085938e+00,2.145448684692382812e+00,2.107428312301635742e+00,2.070732116699218750e+00,2.035292148590087891e+00,2.001044750213623047e+00,1.967930793762207031e+00,1.935895085334777832e+00,1.904885530471801758e+00,1.874853849411010742e+00,1.845754265785217285e+00
3.083429336547851562e+00,3.082949876785278320e+00,3.082470655441284180e+00,3.081991672515869141e+00,3.081512689590454102e+00,3.081033945083618164e+00,3.080555438995361328e+00,3.080076932907104492e+00,3.079598665237426758e+00,3.079120635986328125e+00,3.078642606735229492e+00,3.078164577484130859e+00,3.077687025070190430e+00,3.077209472656250000e+00,3.076731920242309570e+00,3.076254606246948242e+00,3.075777530670166016e+00,3.075300455093383789e+00,3.074823856353759766e+00,3.074347019195556641e+00,3.073870420455932617e+00,3.073394060134887695e+00,3.072917938232421875e+00,3.072441816329956055e+00,3.071965932846069336e+00,3.071490049362182617e+00,3.071014404296875000e+00,3.070538997650146484e+00,3.070063591003417969e+00,3.069588422775268555e+00,3.069113254547119141e+00,3.068638324737548828e+00,3.068163633346557617e+00,3.067688941955566406e+00,3.067214488983154297e+00,3.066740274429321289e+00,3.066266059875488281e+00,3.065792083740234375e+00,3.065318346023559570e+00,3.064844846725463867e+00,3.064370870590209961e+00,3.063897848129272461e+00,3.063424110412597656e+00,3.062951326370239258e+00,3.062478065490722656e+00,3.062005519866943359e+00,3.061532497406005859e+00,3.061060190200805664e+00,3.060587406158447266e+00,3.060115575790405273e+00,3.059643268585205078e+00,3.059171438217163086e+00,3.058699607849121094e+00,3.058227777481079102e+00,3.016106843948364258e+00,2.941503047943115234e+00,2.870501041412353516e+00,2.802845954895019531e+00,2.738306522369384766e+00,2.676672458648681641e+00,2.617751598358154297e+00,2.561369180679321289e+00,2.507364273071289062e+00,2.455589532852172852e+00,2.405909776687622070e+00,2.358200550079345703e+00,2.312346220016479492e+00,2.268241405487060547e+00,2.225787639617919922e+00,2.184893846511840820e+00,2.145475387573242188e+00,2.107454299926757812e+00,2.070757150650024414e+00,2.035316228866577148e+00,2.001068115234375000e+00,1.967953443527221680e+00,1.935917019844055176e+00,1.904906749725341797e+00,1.874874353408813477e+00,1.845774173736572266e+00
2.604887008666992188e+00,2.604544878005981445e+00,2.604202747344970703e+00,2.603860855102539062e+00,2.603518962860107422e+00,2.603177309036254883e+00,2.602835655212402344e+00,2.602494001388549805e+00,2.602152585983276367e+00,2.601811170578002930e+00,2.601469755172729492e+00,2.601128578186035156e+00,2.600787401199340820e+00,2.600446462631225586e+00,2.600105524063110352e+00,2.599764585494995117e+00,2.599423885345458984e+00,2.599083185195922852e+00,2.598742485046386719e+00,2.598402023315429688e+00,2.598061561584472656e+00,2.597721338272094727e+00,2.597381114959716797e+00,2.597040891647338867e+00,2.596700906753540039e+00,2.596360921859741211e+00,2.596021175384521484e+00,2.595681190490722656e+00,2.595341682434082031e+00,2.595001935958862305e+00,2.594662427902221680e+00,2.594322919845581055e+00,2.593983650207519531e+00,2.593644380569458008e+00,2.593305349349975586e+00,2.592966079711914062e+00,2.592627048492431641e+00,2.592288255691528320e+00,2.591949462890625000e+00,2.591610908508300781e+00,2.591272115707397461e+00,2.590933799743652344e+00,2.590595006942749023e+00,2.590256929397583008e+00,2.589918375015258789e+00,2.589580535888671875e+00,2.589242219924926758e+00,2.588904380798339844e+00,2.588566303253173828e+00,2.588228464126586914e+00,2.587890863418579102e+00,2.587553024291992188e+00,2.587215662002563477e+00,2.586878061294555664e+00,2.586540699005126953e+00,2.586203336715698242e+00,2.585866212844848633e+00,2.585529088973999023e+00,2.585191965103149414e+00,2.584855079650878906e+00,2.584518194198608398e+00,2.561407327651977539e+00,2.507400989532470703e+00,2.455624818801879883e+00,2.405943632125854492e+00,2.358232975006103516e+00,2.312377452850341797e+00,2.268271446228027344e+00,2.225816488265991211e+00,2.184921741485595703e+00,2.145502328872680664e+00,2.107480287551879883e+00,2.070782184600830078e+00,2.035340547561645508e+00,2.001091480255126953e+00,1.967976093292236328e+00,1.935938835144042969e+00,1.904927849769592285e+00,1.874894857406616211e+00,1.845794081687927246e+00
2.254966020584106445e+00,2.254707813262939453e+00,2.254449844360351562e+00,2.254191875457763672e+00,2.253933906555175781e+00,2.253675937652587891e+00,2.253418207168579102e+00,2.253160476684570312e+00,2.252902746200561523e+00,2.252645015716552734e+00,2.252387523651123047e+00,2.252129793167114258e+00,2.251872539520263672e+00,2.251615047454833984e+00,2.251357555389404297e+00,2.251100301742553711e+00,2.250843048095703125e+00,2.250585794448852539e+00,2.250328779220581055e+00,2.250071763992309570e+00,2.249814748764038086e+00,2.249557733535766602e+00,2.249300718307495117e+00,2.249044895172119141e+00,2.248790025711059570e+00,2.248534917831420898e+00,2.248280048370361328e+00,2.248025178909301758e+00,2.247770309448242188e+00,2.247515678405761719e+00,2.247261047363281250e+00,2.247006416320800781e+00,2.246751785278320312e+00,2.246497154235839844e+00,2.246242761611938477e+00,2.245988368988037109e+00,2.245733976364135742e+00,2.245479822158813477e+00,2.245225429534912109e+00,2.244971513748168945e+00,2.244717121124267578e+00,2.244463205337524414e+00,2.244209289550781250e+00,2.243955373764038086e+00,2.243701457977294922e+00,2.243447780609130859e+00,2.243193864822387695e+00,2.242940187454223633e+00,2.242686510086059570e+00,2.242433071136474609e+00,2.242179393768310547e+00,2.241925954818725586e+00,2.241672515869140625e+00,2.241419076919555664e+00,2.241165876388549805e+00,2.240912675857543945e+00,2.240659475326538086e+00,2.240406274795532227e+00,2.240153312683105469e+00,2.239900112152099609e+00,2.239647150039672852e+00,2.239394187927246094e+00,2.239141464233398438e+00,2.238888740539550781e+00,2.238636016845703125e+00,2.238383293151855469e+00,2.238130569458007812e+00,2.237878084182739258e+00,2.225845575332641602e+00,2.184949636459350586e+00,2.145529270172119141e+00,2.107506275177001953e+00,2.070807218551635742e+00,2.035364627838134766e+00,2.001114845275878906e+00,1.967998623847961426e+00,1.935960769653320312e+00,1.904949069023132324e+00,1.874915480613708496e+00,1.845813989639282227e+00
1.988000750541687012e+00,1.987800121307373047e+00,1.987599730491638184e+00,1.987399101257324219e+00,1.987198591232299805e+00,1.986997961997985840e+00,1.986797571182250977e+00,1.986597299575805664e+00,1.986396908760070801e+00,1.986196637153625488e+00,1.985996246337890625e+00,1.985795974731445312e+00,1.985596060752868652e+00,1.985395789146423340e+00,1.985195636749267578e+00,1.984995603561401367e+00,1.984795689582824707e+00,1.984595656394958496e+00,1.984395623207092285e+00,1.984195709228515625e+00,1.983995795249938965e+00,1.983796119689941406e+00,1.983596324920654297e+00,1.983396530151367188e+00,1.983196735382080078e+00,1.982997059822082520e+00,1.982797622680664062e+00,1.982597947120666504e+00,1.982398390769958496e+00,1.982198834419250488e+00,1.981999397277832031e+00,1.981800079345703125e+00,1.981600642204284668e+00,1.981401324272155762e+00,1.981201887130737305e+00,1.981002688407897949e+00,1.980803608894348145e+00,1.980604410171508789e+00,1.980405211448669434e+00,1.980206012725830078e+00,1.980007171630859375e+00,1.979808092117309570e+00,1.979609012603759766e+00,1.979410052299499512e+00,1.979211091995239258e+00,1.979012370109558105e+00,1.978813529014587402e+00,1.978614687919616699e+00,1.978415846824645996e+00,1.978217124938964844e+00,1.978018641471862793e+00,1.977820038795471191e+00,1.977621316909790039e+00,1.977422714233398438e+00,1.977224230766296387e+00,1.977025866508483887e+00,1.976827502250671387e+00,1.976629018783569336e+00,1.976430654525756836e+00,1.976232528686523438e+00,1.976034164428710938e+00,1.975835919380187988e+00,1.975637674331665039e+00,1.975439429283142090e+00,1.975241541862487793e+00,1.975043416023254395e+00,1.974845409393310547e+00,1.974647283554077148e+00,1.974449276924133301e+00,1.974251627922058105e+00,1.974053621292114258e+00,1.973855853080749512e+00,1.973657965660095215e+00,1.973460197448730469e+00,1.973262667655944824e+00,1.968021273612976074e+00,1.935982704162597656e+00,1.904970288276672363e+00,1.874935984611511230e+00,1.845833897590637207e+00
1.777556061744689941e+00,1.777395844459533691e+00,1.777235388755798340e+00,1.777075052261352539e+00,1.776914715766906738e+00,1.776754379272460938e+00,1.776594281196594238e+00,1.776433944702148438e+00,1.776273727416992188e+00,1.776113510131835938e+00,1.775953292846679688e+00,1.775793313980102539e+00,1.775633215904235840e+00,1.775473117828369141e+00,1.775313019752502441e+00,1.775153040885925293e+00,1.774993181228637695e+00,1.774833202362060547e+00,1.774673223495483398e+00,1.774513363838195801e+00,1.774353384971618652e+00,1.774193763732910156e+00,1.774033904075622559e+00,1.773874163627624512e+00,1.773714303970336914e+00,1.773554801940917969e+00,1.773395061492919922e+00,1.773235321044921875e+00,1.773075699806213379e+00,1.772916078567504883e+00,1.772756576538085938e+00,1.772597074508666992e+00,1.772437453269958496e+00,1.772277951240539551e+00,1.772118449211120605e+00,1.771959185600280762e+00,1.771799683570861816e+00,1.771640300750732422e+00,1.771480917930603027e+00,1.771321535110473633e+00,1.771162509918212891e+00,1.771003127098083496e+00,1.770843863487243652e+00,1.770684599876403809e+00,1.770525455474853516e+00,1.770366430282592773e+00,1.770207285881042480e+00,1.770048141479492188e+00,1.769889116287231445e+00,1.769730210304260254e+00,1.769571185111999512e+00,1.769412159919738770e+00,1.769253134727478027e+00,1.769094228744506836e+00,1.768935441970825195e+00,1.768776535987854004e+00,1.768617749214172363e+00,1.768458843231201172e+00,1.768300056457519531e+00,1.768141508102416992e+00,1.767982721328735352e+00,1.767824053764343262e+00,1.767665266990661621e+00,1.767506599426269531e+00,1.767348170280456543e+00,1.767189621925354004e+00,1.767031073570251465e+00,1.766872406005859375e+00,1.766714096069335938e+00,1.766555666923522949e+00,1.766397118568420410e+00,1.766238689422607422e+00,1.766080379486083984e+00,1.765922069549560547e+00,1.765763759613037109e+00,1.765605449676513672e+00,1.765447258949279785e+00,1.765288949012756348e+00,1.765130877494812012e+00,1.764972686767578125e+00
1.607400774955749512e+00,1.607269644737243652e+00,1.607138514518737793e+00,1.607007384300231934e+00,1.606876254081726074e+00,1.606745123863220215e+00,1.606614112854003906e+00,1.606483101844787598e+00,1.606352090835571289e+00,1.606221079826354980e+00,1.606090188026428223e+00,1.605959177017211914e+00,1.605828166007995605e+00,1.605697274208068848e+00,1.605566382408142090e+00,1.605435609817504883e+00,1.605304718017578125e+00,1.605173826217651367e+00,1.605043053627014160e+00,1.604912161827087402e+00,1.604781627655029297e+00,1.604650855064392090e+00,1.604520082473754883e+00,1.604389309883117676e+00,1.604258656501770020e+00,1.604128122329711914e+00,1.603997468948364258e+00,1.603866815567016602e+00,1.603736162185668945e+00,1.603605508804321289e+00,1.603475093841552734e+00,1.603344559669494629e+00,1.603214025497436523e+00,1.603083491325378418e+00,1.602953195571899414e+00,1.602822661399841309e+00,1.602692246437072754e+00,1.602561831474304199e+00,1.602431416511535645e+00,1.602301120758056641e+00,1.602170825004577637e+00,1.602040410041809082e+00,1.601910114288330078e+00,1.601779818534851074e+00,1.601649641990661621e+00,1.601519465446472168e+00,1.601389169692993164e+00,1.601258993148803711e+00,1.601128816604614258e+00,1.600998759269714355e+00,1.600868582725524902e+00,1.600738406181335449e+00,1.600608348846435547e+00,1.600478410720825195e+00,1.600348353385925293e+00,1.600218296051025391e+00,1.600088238716125488e+00,1.599958181381225586e+00,1.599828362464904785e+00,1.599698424339294434e+00,1.599568486213684082e+00,1.599438548088073730e+00,1.599308609962463379e+00,1.599178910255432129e+00,1.599049091339111328e+00,1.598919153213500977e+00,1.598789334297180176e+00,1.598659634590148926e+00,1.598529934883117676e+00,1.598400235176086426e+00,1.598270535469055176e+00,1.598140716552734375e+00,1.598011016845703125e+00,1.597881555557250977e+00,1.597751855850219727e+00,1.597622275352478027e+00,1.597492694854736328e+00,1.597363233566284180e+00,1.597233653068542480e+00,1.597104072570800781e+00
1.466975569725036621e+00,1.466866374015808105e+00,1.466757059097290039e+00,1.466647863388061523e+00,1.466538548469543457e+00,1.466429471969604492e+00,1.466320276260375977e+00,1.466211080551147461e+00,1.466102004051208496e+00,1.465992808341979980e+00,1.465883851051330566e+00,1.465774655342102051e+00,1.465665578842163086e+00,1.465556502342224121e+00,1.465447425842285156e+00,1.465338468551635742e+00,1.465229511260986328e+00,1.465120434761047363e+00,1.465011477470397949e+00,1.464902639389038086e+00,1.464793682098388672e+00,1.464684724807739258e+00,1.464575767517089844e+00,1.464466810226440430e+00,1.464358091354370117e+00,1.464249134063720703e+00,1.464140295982360840e+00,1.464031457901000977e+00,1.463922619819641113e+00,1.463813900947570801e+00,1.463705062866210938e+00,1.463596343994140625e+00,1.463487505912780762e+00,1.463378787040710449e+00,1.463270187377929688e+00,1.463161349296569824e+00,1.463052749633789062e+00,1.462944030761718750e+00,1.462835311889648438e+00,1.462726831436157227e+00,1.462618112564086914e+00,1.462509512901306152e+00,1.462400913238525391e+00,1.462292432785034180e+00,1.462183833122253418e+00,1.462075352668762207e+00,1.461966753005981445e+00,1.461858272552490234e+00,1.461749792098999023e+00,1.461641311645507812e+00,1.461532831192016602e+00,1.461424350738525391e+00,1.461315989494323730e+00,1.461207628250122070e+00,1.461099147796630859e+00,1.460990786552429199e+00,1.460882425308227539e+00,1.460774064064025879e+00,1.460665822029113770e+00,1.460557460784912109e+00,1.460449099540710449e+00,1.460340857505798340e+00,1.460232734680175781e+00,1.460124373435974121e+00,1.460016131401062012e+00,1.459907889366149902e+00,1.459799647331237793e+00,1.459691643714904785e+00,1.459583401679992676e+00,1.459475159645080566e+00,1.459367036819458008e+00,1.459258913993835449e+00,1.459150910377502441e+00,1.459042787551879883e+00,1.458934664726257324e+00,1.458826541900634766e+00,1.458718538284301758e+00,1.458610653877258301e+00,1.458502531051635742e+00,1.458394527435302734e+00
1.349114656448364258e+00,1.349022150039672852e+00,1.348929762840270996e+00,1.348837375640869141e+00,1.348744988441467285e+00,1.348652720451354980e+00,1.348560333251953125e+00,1.348468065261840820e+00,1.348375678062438965e+00,1.348283529281616211e+00,1.348191142082214355e+00,1.348098874092102051e+00,1.348006606101989746e+00,1.347914338111877441e+00,1.347822189331054688e+00,1.347729921340942383e+00,1.347637653350830078e+00,1.347545504570007324e+00,1.347453236579895020e+00,1.347361207008361816e+00,1.347269058227539062e+00,1.347176909446716309e+00,1.347084641456604004e+00,1.346992492675781250e+00,1.346900582313537598e+00,1.346808433532714844e+00,1.346716284751892090e+00,1.346624255180358887e+00,1.346532225608825684e+00,1.346440196037292480e+00,1.346348047256469727e+00,1.346256017684936523e+00,1.346163988113403320e+00,1.346072077751159668e+00,1.345980048179626465e+00,1.345888137817382812e+00,1.345796108245849609e+00,1.345704197883605957e+00,1.345612287521362305e+00,1.345520377159118652e+00,1.345428466796875000e+00,1.345336437225341797e+00,1.345244646072387695e+00,1.345152854919433594e+00,1.345060944557189941e+00,1.344969034194946289e+00,1.344877243041992188e+00,1.344785451889038086e+00,1.344693660736083984e+00,1.344601750373840332e+00,1.344509959220886230e+00,1.344418168067932129e+00,1.344326496124267578e+00,1.344234704971313477e+00,1.344143033027648926e+00,1.344051241874694824e+00,1.343959450721740723e+00,1.343867897987365723e+00,1.343776226043701172e+00,1.343684434890747070e+00,1.343592762947082520e+00,1.343501091003417969e+00,1.343409538269042969e+00,1.343317985534667969e+00,1.343226313591003418e+00,1.343134641647338867e+00,1.343043088912963867e+00,1.342951536178588867e+00,1.342859983444213867e+00,1.342768430709838867e+00,1.342676877975463867e+00,1.342585444450378418e+00,1.342493891716003418e+00,1.342402338981628418e+00,1.342310905456542969e+00,1.342219352722167969e+00,1.342128038406372070e+00,1.342036485671997070e+00,1.341945052146911621e+00,1.341853618621826172e+00
1.248783826828002930e+00,1.248704671859741211e+00,1.248625516891479492e+00,1.248546361923217773e+00,1.248467206954956055e+00,1.248388051986694336e+00,1.248308897018432617e+00,1.248229861259460449e+00,1.248150706291198730e+00,1.248071670532226562e+00,1.247992634773254395e+00,1.247913479804992676e+00,1.247834444046020508e+00,1.247755408287048340e+00,1.247676372528076172e+00,1.247597336769104004e+00,1.247518301010131836e+00,1.247439265251159668e+00,1.247360348701477051e+00,1.247281312942504883e+00,1.247202277183532715e+00,1.247123360633850098e+00,1.247044324874877930e+00,1.246965527534484863e+00,1.246886491775512695e+00,1.246807575225830078e+00,1.246728658676147461e+00,1.246649742126464844e+00,1.246570825576782227e+00,1.246492028236389160e+00,1.246413111686706543e+00,1.246334195137023926e+00,1.246255278587341309e+00,1.246176481246948242e+00,1.246097683906555176e+00,1.246018767356872559e+00,1.245939970016479492e+00,1.245861291885375977e+00,1.245782375335693359e+00,1.245703577995300293e+00,1.245624780654907227e+00,1.245545983314514160e+00,1.245467305183410645e+00,1.245388507843017578e+00,1.245309829711914062e+00,1.245231032371520996e+00,1.245152354240417480e+00,1.245073676109313965e+00,1.244994997978210449e+00,1.244916200637817383e+00,1.244837522506713867e+00,1.244758844375610352e+00,1.244680285453796387e+00,1.244601607322692871e+00,1.244522929191589355e+00,1.244444251060485840e+00,1.244365692138671875e+00,1.244287133216857910e+00,1.244208455085754395e+00,1.244129896163940430e+00,1.244051337242126465e+00,1.243972778320312500e+00,1.243894219398498535e+00,1.243815660476684570e+00,1.243737101554870605e+00,1.243658542633056641e+00,1.243580102920532227e+00,1.243501543998718262e+00,1.243422985076904297e+00,1.243344545364379883e+00,1.243265986442565918e+00,1.243187665939331055e+00,1.243109107017517090e+00,1.243030667304992676e+00,1.242952227592468262e+00,1.242873787879943848e+00,1.242795467376708984e+00,1.242717027664184570e+00,1.242638587951660156e+00,1.242560148239135742e+00
1.162342905998229980e+00,1.162274241447448730e+00,1.162205696105957031e+00,1.162137150764465332e+00,1.162068605422973633e+00,1.162000060081481934e+00,1.161931395530700684e+00,1.161862850189208984e+00,1.161794424057006836e+00,1.161725878715515137e+00,1.161657333374023438e+00,1.161588788032531738e+00,1.161520242691040039e+00,1.161451816558837891e+00,1.161383390426635742e+00,1.161314845085144043e+00,1.161246418952941895e+00,1.161177873611450195e+00,1.161109566688537598e+00,1.161041021347045898e+00,1.160972595214843750e+00,1.160904169082641602e+00,1.160835862159729004e+00,1.160767316818237305e+00,1.160699009895324707e+00,1.160630583763122559e+00,1.160562157630920410e+00,1.160493850708007812e+00,1.160425424575805664e+00,1.160356998443603516e+00,1.160288691520690918e+00,1.160220265388488770e+00,1.160152077674865723e+00,1.160083651542663574e+00,1.160015344619750977e+00,1.159947037696838379e+00,1.159878730773925781e+00,1.159810423851013184e+00,1.159742116928100586e+00,1.159673810005187988e+00,1.159605503082275391e+00,1.159537315368652344e+00,1.159469008445739746e+00,1.159400820732116699e+00,1.159332513809204102e+00,1.159264326095581055e+00,1.159196138381958008e+00,1.159127831459045410e+00,1.159059643745422363e+00,1.158991456031799316e+00,1.158923268318176270e+00,1.158855080604553223e+00,1.158786892890930176e+00,1.158718705177307129e+00,1.158650517463684082e+00,1.158582329750061035e+00,1.158514261245727539e+00,1.158446073532104492e+00,1.158378005027770996e+00,1.158309817314147949e+00,1.158241748809814453e+00,1.158173680305480957e+00,1.158105611801147461e+00,1.158037424087524414e+00,1.157969355583190918e+00,1.157901406288146973e+00,1.157833218574523926e+00,1.157765150070190430e+00,1.157697081565856934e+00,1.157629132270812988e+00,1.157561063766479492e+00,1.157493114471435547e+00,1.157425045967102051e+00,1.157356977462768555e+00,1.157289028167724609e+00,1.157221078872680664e+00,1.157153010368347168e+00,1.157085061073303223e+00,1.157017111778259277e+00,1.156949043273925781e+00
1.087094068527221680e+00,1.087033987045288086e+00,1.086974024772644043e+00,1.086914062500000000e+00,1.086854100227355957e+00,1.086794137954711914e+00,1.086734175682067871e+00,1.086674213409423828e+00,1.086614251136779785e+00,1.086554288864135742e+00,1.086494445800781250e+00,1.086434483528137207e+00,1.086374521255493164e+00,1.086314678192138672e+00,1.086254715919494629e+00,1.086194753646850586e+00,1.086134910583496094e+00,1.086075067520141602e+00,1.086015105247497559e+00,1.085955262184143066e+00,1.085895419120788574e+00,1.085835456848144531e+00,1.085775732994079590e+00,1.085715889930725098e+00,1.085655927658081055e+00,1.085596084594726562e+00,1.085536241531372070e+00,1.085476517677307129e+00,1.085416674613952637e+00,1.085356831550598145e+00,1.085297107696533203e+00,1.085237264633178711e+00,1.085177540779113770e+00,1.085117697715759277e+00,1.085057854652404785e+00,1.084998130798339844e+00,1.084938406944274902e+00,1.084878683090209961e+00,1.084818840026855469e+00,1.084759116172790527e+00,1.084699392318725586e+00,1.084639668464660645e+00,1.084579944610595703e+00,1.084520220756530762e+00,1.084460496902465820e+00,1.084400773048400879e+00,1.084341168403625488e+00,1.084281444549560547e+00,1.084221720695495605e+00,1.084161996841430664e+00,1.084102392196655273e+00,1.084042668342590332e+00,1.083983063697814941e+00,1.083923339843750000e+00,1.083863735198974609e+00,1.083804130554199219e+00,1.083744525909423828e+00,1.083684802055358887e+00,1.083625197410583496e+00,1.083565592765808105e+00,1.083505988121032715e+00,1.083446383476257324e+00,1.083386778831481934e+00,1.083327174186706543e+00,1.083267569541931152e+00,1.083208084106445312e+00,1.083148479461669922e+00,1.083088874816894531e+00,1.083029389381408691e+00,1.082969784736633301e+00,1.082910299301147461e+00,1.082850813865661621e+00,1.082791209220886230e+00,1.082731723785400391e+00,1.082672238349914551e+00,1.082612633705139160e+00,1.082553148269653320e+00,1.082493662834167480e+00,1.082434177398681641e+00,1.082374691963195801e+00
1.020995855331420898e+00,1.020942926406860352e+00,1.020890116691589355e+00,1.020837187767028809e+00,1.020784258842468262e+00,1.020731329917907715e+00,1.020678400993347168e+00,1.020625591278076172e+00,1.020572662353515625e+00,1.020519852638244629e+00,1.020466923713684082e+00,1.020413994789123535e+00,1.020361185073852539e+00,1.020308375358581543e+00,1.020255446434020996e+00,1.020202636718750000e+00,1.020149827003479004e+00,1.020097017288208008e+00,1.020044207572937012e+00,1.019991278648376465e+00,1.019938468933105469e+00,1.019885778427124023e+00,1.019832968711853027e+00,1.019780039787292480e+00,1.019727230072021484e+00,1.019674539566040039e+00,1.019621729850769043e+00,1.019568920135498047e+00,1.019516110420227051e+00,1.019463419914245605e+00,1.019410610198974609e+00,1.019357919692993164e+00,1.019305109977722168e+00,1.019252419471740723e+00,1.019199609756469727e+00,1.019146919250488281e+00,1.019094228744506836e+00,1.019041419029235840e+00,1.018988728523254395e+00,1.018936038017272949e+00,1.018883347511291504e+00,1.018830657005310059e+00,1.018777966499328613e+00,1.018725156784057617e+00,1.018672466278076172e+00,1.018619894981384277e+00,1.018567204475402832e+00,1.018514513969421387e+00,1.018461823463439941e+00,1.018409132957458496e+00,1.018356561660766602e+00,1.018303871154785156e+00,1.018251180648803711e+00,1.018198609352111816e+00,1.018145918846130371e+00,1.018093347549438477e+00,1.018040776252746582e+00,1.017988085746765137e+00,1.017935514450073242e+00,1.017882943153381348e+00,1.017830252647399902e+00,1.017777681350708008e+00,1.017725110054016113e+00,1.017672538757324219e+00,1.017619967460632324e+00,1.017567396163940430e+00,1.017514824867248535e+00,1.017462253570556641e+00,1.017409682273864746e+00,1.017357110977172852e+00,1.017304539680480957e+00,1.017252087593078613e+00,1.017199516296386719e+00,1.017146944999694824e+00,1.017094492912292480e+00,1.017041921615600586e+00,1.016989469528198242e+00,1.016936898231506348e+00,1.016884326934814453e+00,1.016831874847412109e+00
9.624749422073364258e-01,9.624280333518981934e-01,9.623809456825256348e-01,9.623339176177978516e-01,9.622868895530700684e-01,9.622398614883422852e-01,9.621928334236145020e-01,9.621458649635314941e-01,9.620988368988037109e-01,9.620518088340759277e-01,9.620048403739929199e-01,9.619579315185546875e-01,9.619109630584716797e-01,9.618639945983886719e-01,9.618169665336608887e-01,9.617699980735778809e-01,9.617230296134948730e-01,9.616760611534118652e-01,9.616290926933288574e-01,9.615821838378906250e-01,9.615352153778076172e-01,9.614883661270141602e-01,9.614413976669311523e-01,9.613944888114929199e-01,9.613475203514099121e-01,9.613006114959716797e-01,9.612537026405334473e-01,9.612067937850952148e-01,9.611598849296569824e-01,9.611129164695739746e-01,9.610661268234252930e-01,9.610192179679870605e-01,9.609723687171936035e-01,9.609254598617553711e-01,9.608785510063171387e-01,9.608317017555236816e-01,9.607847929000854492e-01,9.607379436492919922e-01,9.606910347938537598e-01,9.606441855430603027e-01,9.605974555015563965e-01,9.605505466461181641e-01,9.605036973953247070e-01,9.604568481445312500e-01,9.604099988937377930e-01,9.603632092475891113e-01,9.603163599967956543e-01,9.602695107460021973e-01,9.602227210998535156e-01,9.601759910583496094e-01,9.601291418075561523e-01,9.600823521614074707e-01,9.600355625152587891e-01,9.599887132644653320e-01,9.599419236183166504e-01,9.598951339721679688e-01,9.598483443260192871e-01,9.598015546798706055e-01,9.597547650337219238e-01,9.597080945968627930e-01,9.596613645553588867e-01,9.596145749092102051e-01,9.595678448677062988e-01,9.595210552215576172e-01,9.594743251800537109e-01,9.594275951385498047e-01,9.593808054924011230e-01,9.593340754508972168e-01,9.592874646186828613e-01,9.592407345771789551e-01,9.591940045356750488e-01,9.591472744941711426e-01,9.591005444526672363e-01,9.590538740158081055e-01,9.590071439743041992e-01,9.589604139328002930e-01,9.589137434959411621e-01,9.588670730590820312e-01,9.588204622268676758e-01,9.587737917900085449e-01
9.102988839149475098e-01,9.102568030357360840e-01,9.102147221565246582e-01,9.101726412773132324e-01,9.101305603981018066e-01,9.100885391235351562e-01,9.100465774536132812e-01,9.100044965744018555e-01,9.099624156951904297e-01,9.099203944206237793e-01,9.098783731460571289e-01,9.098362922668457031e-01,9.097942709922790527e-01,9.097522497177124023e-01,9.097102284431457520e-01,9.096682667732238770e-01,9.096262454986572266e-01,9.095842242240905762e-01,9.095422625541687012e-01,9.095002412796020508e-01,9.094582200050354004e-01,9.094161987304687500e-01,9.093742370605468750e-01,9.093322157859802246e-01,9.092902541160583496e-01,9.092483520507812500e-01,9.092063903808593750e-01,9.091643691062927246e-01,9.091224074363708496e-01,9.090804457664489746e-01,9.090384840965270996e-01,9.089965224266052246e-01,9.089545607566833496e-01,9.089125990867614746e-01,9.088707566261291504e-01,9.088287949562072754e-01,9.087868332862854004e-01,9.087449312210083008e-01,9.087029695510864258e-01,9.086610674858093262e-01,9.086191058158874512e-01,9.085772037506103516e-01,9.085353016853332520e-01,9.084933400154113770e-01,9.084515571594238281e-01,9.084096550941467285e-01,9.083677530288696289e-01,9.083258509635925293e-01,9.082839488983154297e-01,9.082420468330383301e-01,9.082001447677612305e-01,9.081583023071289062e-01,9.081164002418518066e-01,9.080746173858642578e-01,9.080327749252319336e-01,9.079908728599548340e-01,9.079490303993225098e-01,9.079071283340454102e-01,9.078652858734130859e-01,9.078234434127807617e-01,9.077816009521484375e-01,9.077397584915161133e-01,9.076979160308837891e-01,9.076561331748962402e-01,9.076142907142639160e-01,9.075725078582763672e-01,9.075306653976440430e-01,9.074888229370117188e-01,9.074470400810241699e-01,9.074051976203918457e-01,9.073634147644042969e-01,9.073215723037719727e-01,9.072797894477844238e-01,9.072380661964416504e-01,9.071962833404541016e-01,9.071545004844665527e-01,9.071127176284790039e-01,9.070709347724914551e-01,9.070291519165039062e-01,9.069873690605163574e-01
8.634889125823974609e-01,8.634510040283203125e-01,8.634131550788879395e-01,8.633753061294555664e-01,8.633374571800231934e-01,8.632996082305908203e-01,8.632617592811584473e-01,8.632239103317260742e-01,8.631860613822937012e-01,8.631482124328613281e-01,8.631104826927185059e-01,8.630726337432861328e-01,8.630348443984985352e-01,8.629969954490661621e-01,8.629592061042785645e-01,8.629213571548461914e-01,8.628835678100585938e-01,8.628457784652709961e-01,8.628079295158386230e-01,8.627701997756958008e-01,8.627324104309082031e-01,8.626946210861206055e-01,8.626568317413330078e-01,8.626190423965454102e-01,8.625812530517578125e-01,8.625434637069702148e-01,8.625056743621826172e-01,8.624679446220397949e-01,8.624301552772521973e-01,8.623924851417541504e-01,8.623546957969665527e-01,8.623169064521789551e-01,8.622791767120361328e-01,8.622414469718933105e-01,8.622036576271057129e-01,8.621659278869628906e-01,8.621281981468200684e-01,8.620904088020324707e-01,8.620526790618896484e-01,8.620150089263916016e-01,8.619772791862487793e-01,8.619395494461059570e-01,8.619018197059631348e-01,8.618641495704650879e-01,8.618264198303222656e-01,8.617886900901794434e-01,8.617509603500366211e-01,8.617132306098937988e-01,8.616756200790405273e-01,8.616379499435424805e-01,8.616002202033996582e-01,8.615625500679016113e-01,8.615248203277587891e-01,8.614871501922607422e-01,8.614494800567626953e-01,8.614117503166198730e-01,8.613740801811218262e-01,8.613364100456237793e-01,8.612988591194152832e-01,8.612611889839172363e-01,8.612235188484191895e-01,8.611858487129211426e-01,8.611481785774230957e-01,8.611105084419250488e-01,8.610728383064270020e-01,8.610352277755737305e-01,8.609975576400756836e-01,8.609600067138671875e-01,8.609223365783691406e-01,8.608847260475158691e-01,8.608471155166625977e-01,8.608094453811645508e-01,8.607718348503112793e-01,8.607342243194580078e-01,8.606965541839599609e-01,8.606589436531066895e-01,8.606213331222534180e-01,8.605838418006896973e-01,8.605462312698364258e-01,8.605086207389831543e-01
8.212575316429138184e-01,8.212233185768127441e-01,8.211890459060668945e-01,8.211548328399658203e-01,8.211205601692199707e-01,8.210864067077636719e-01,8.210521936416625977e-01,8.210179209709167480e-01,8.209837079048156738e-01,8.209494948387145996e-01,8.209152817726135254e-01,8.208810687065124512e-01,8.208468556404113770e-01,8.208125829696655273e-01,8.207784891128540039e-01,8.207442760467529297e-01,8.207100629806518555e-01,8.206758499145507812e-01,8.206416368484497070e-01,8.206074833869934082e-01,8.205732703208923340e-01,8.205390572547912598e-01,8.205049037933349609e-01,8.204706907272338867e-01,8.204365968704223633e-01,8.204024434089660645e-01,8.203682303428649902e-01,8.203340768814086914e-01,8.202998638153076172e-01,8.202657103538513184e-01,8.202315568923950195e-01,8.201974034309387207e-01,8.201632499694824219e-01,8.201291561126708984e-01,8.200950026512145996e-01,8.200608491897583008e-01,8.200266957283020020e-01,8.199925422668457031e-01,8.199583888053894043e-01,8.199242353439331055e-01,8.198901414871215820e-01,8.198559880256652832e-01,8.198218345642089844e-01,8.197878003120422363e-01,8.197536468505859375e-01,8.197195529937744141e-01,8.196853995323181152e-01,8.196513056755065918e-01,8.196172118186950684e-01,8.195830583572387695e-01,8.195489645004272461e-01,8.195148706436157227e-01,8.194808363914489746e-01,8.194467425346374512e-01,8.194126486778259277e-01,8.193785548210144043e-01,8.193444609642028809e-01,8.193103671073913574e-01,8.192762732505798340e-01,8.192421793937683105e-01,8.192080855369567871e-01,8.191739916801452637e-01,8.191400170326232910e-01,8.191059231758117676e-01,8.190718889236450195e-01,8.190377950668334961e-01,8.190037608146667480e-01,8.189696669578552246e-01,8.189356327056884766e-01,8.189015388488769531e-01,8.188675045967102051e-01,8.188335299491882324e-01,8.187994956970214844e-01,8.187654614448547363e-01,8.187314271926879883e-01,8.186973333358764648e-01,8.186632990837097168e-01,8.186292648315429688e-01,8.185952305793762207e-01,8.185611963272094727e-01
7.829645872116088867e-01,7.829334735870361328e-01,7.829023003578186035e-01,7.828711867332458496e-01,7.828400731086730957e-01,7.828089594841003418e-01,7.827778458595275879e-01,7.827467322349548340e-01,7.827156186103820801e-01,7.826845645904541016e-01,7.826534509658813477e-01,7.826223373413085938e-01,7.825912237167358398e-01,7.825601696968078613e-01,7.825290560722351074e-01,7.824979424476623535e-01,7.824668288230895996e-01,7.824357748031616211e-01,7.824047207832336426e-01,7.823736667633056641e-01,7.823425531387329102e-01,7.823114991188049316e-01,7.822804450988769531e-01,7.822493314743041992e-01,7.822182774543762207e-01,7.821872234344482422e-01,7.821561098098754883e-01,7.821250557899475098e-01,7.820940613746643066e-01,7.820630073547363281e-01,7.820319533348083496e-01,7.820008993148803711e-01,7.819698452949523926e-01,7.819387912750244141e-01,7.819077372550964355e-01,7.818766832351684570e-01,7.818456292152404785e-01,7.818146944046020508e-01,7.817836403846740723e-01,7.817525863647460938e-01,7.817215323448181152e-01,7.816905379295349121e-01,7.816594839096069336e-01,7.816284894943237305e-01,7.815974354743957520e-01,7.815664410591125488e-01,7.815353870391845703e-01,7.815044522285461426e-01,7.814734578132629395e-01,7.814424633979797363e-01,7.814114093780517578e-01,7.813804149627685547e-01,7.813494205474853516e-01,7.813184261322021484e-01,7.812874317169189453e-01,7.812564373016357422e-01,7.812255024909973145e-01,7.811945080757141113e-01,7.811635136604309082e-01,7.811325192451477051e-01,7.811015248298645020e-01,7.810705304145812988e-01,7.810395956039428711e-01,7.810086011886596680e-01,7.809776067733764648e-01,7.809466719627380371e-01,7.809157371520996094e-01,7.808848023414611816e-01,7.808538079261779785e-01,7.808228731155395508e-01,7.807918787002563477e-01,7.807609438896179199e-01,7.807299494743347168e-01,7.806990146636962891e-01,7.806680798530578613e-01,7.806371450424194336e-01,7.806062698364257812e-01,7.805752754211425781e-01,7.805443406105041504e-01,7.805134057998657227e-01
7.480834126472473145e-01,7.480550408363342285e-01,7.480266094207763672e-01,7.479982376098632812e-01,7.479698657989501953e-01,7.479414343833923340e-01,7.479130029678344727e-01,7.478846311569213867e-01,7.478561997413635254e-01,7.478278279304504395e-01,7.477993965148925781e-01,7.477710247039794922e-01,7.477425932884216309e-01,7.477142810821533203e-01,7.476859092712402344e-01,7.476575374603271484e-01,7.476291060447692871e-01,7.476007342338562012e-01,7.475723624229431152e-01,7.475439906120300293e-01,7.475156188011169434e-01,7.474872469902038574e-01,7.474589347839355469e-01,7.474305629730224609e-01,7.474021911621093750e-01,7.473738193511962891e-01,7.473454475402832031e-01,7.473170757293701172e-01,7.472887039184570312e-01,7.472603917121887207e-01,7.472320199012756348e-01,7.472036480903625488e-01,7.471753954887390137e-01,7.471470236778259277e-01,7.471186518669128418e-01,7.470903396606445312e-01,7.470619678497314453e-01,7.470336556434631348e-01,7.470052838325500488e-01,7.469769716262817383e-01,7.469485998153686523e-01,7.469203472137451172e-01,7.468920350074768066e-01,7.468637228012084961e-01,7.468353509902954102e-01,7.468070387840270996e-01,7.467787265777587891e-01,7.467504143714904785e-01,7.467221021652221680e-01,7.466937899589538574e-01,7.466654777526855469e-01,7.466372251510620117e-01,7.466089129447937012e-01,7.465806007385253906e-01,7.465522885322570801e-01,7.465239763259887695e-01,7.464956641197204590e-01,7.464674115180969238e-01,7.464390993118286133e-01,7.464107871055603027e-01,7.463825345039367676e-01,7.463542819023132324e-01,7.463260293006896973e-01,7.462977170944213867e-01,7.462694048881530762e-01,7.462411522865295410e-01,7.462128996849060059e-01,7.461845874786376953e-01,7.461563348770141602e-01,7.461280226707458496e-01,7.460998296737670898e-01,7.460715770721435547e-01,7.460433244705200195e-01,7.460150718688964844e-01,7.459867596626281738e-01,7.459585070610046387e-01,7.459302544593811035e-01,7.459020018577575684e-01,7.458737492561340332e-01,7.458454966545104980e-01
7.161777019500732422e-01,7.161516547203063965e-01,7.161256074905395508e-01,7.160995602607727051e-01,7.160735130310058594e-01,7.160474658012390137e-01,7.160214781761169434e-01,7.159954905509948730e-01,7.159694433212280273e-01,7.159433960914611816e-01,7.159174084663391113e-01,7.158913612365722656e-01,7.158653140068054199e-01,7.158393263816833496e-01,7.158132791519165039e-01,7.157872915267944336e-01,7.157612442970275879e-01,7.157353162765502930e-01,7.157092690467834473e-01,7.156832814216613770e-01,7.156572341918945312e-01,7.156312465667724609e-01,7.156052589416503906e-01,7.155792713165283203e-01,7.155532240867614746e-01,7.155272364616394043e-01,7.155012488365173340e-01,7.154753208160400391e-01,7.154493331909179688e-01,7.154232859611511230e-01,7.153972983360290527e-01,7.153713107109069824e-01,7.153453230857849121e-01,7.153193354606628418e-01,7.152934074401855469e-01,7.152674198150634766e-01,7.152414917945861816e-01,7.152155041694641113e-01,7.151895165443420410e-01,7.151635289192199707e-01,7.151376008987426758e-01,7.151116132736206055e-01,7.150856256484985352e-01,7.150596976280212402e-01,7.150337100028991699e-01,7.150077223777770996e-01,7.149818539619445801e-01,7.149558663368225098e-01,7.149299383163452148e-01,7.149039506912231445e-01,7.148780226707458496e-01,7.148520946502685547e-01,7.148261070251464844e-01,7.148001790046691895e-01,7.147742509841918945e-01,7.147483229637145996e-01,7.147223949432373047e-01,7.146964669227600098e-01,7.146705389022827148e-01,7.146446108818054199e-01,7.146186232566833496e-01,7.145926952362060547e-01,7.145667672157287598e-01,7.145408391952514648e-01,7.145149111747741699e-01,7.144890427589416504e-01,7.144631147384643555e-01,7.144372463226318359e-01,7.144113183021545410e-01,7.143853902816772461e-01,7.143594622611999512e-01,7.143335342407226562e-01,7.143076658248901367e-01,7.142817378044128418e-01,7.142558693885803223e-01,7.142300009727478027e-01,7.142040729522705078e-01,7.141781449317932129e-01,7.141522765159606934e-01,7.141263484954833984e-01
6.868821382522583008e-01,6.868581771850585938e-01,6.868342757225036621e-01,6.868103146553039551e-01,6.867864131927490234e-01,6.867624521255493164e-01,6.867384910583496094e-01,6.867145299911499023e-01,6.866905689239501953e-01,6.866666674613952637e-01,6.866427063941955566e-01,6.866187453269958496e-01,6.865949034690856934e-01,6.865709424018859863e-01,6.865469813346862793e-01,6.865230798721313477e-01,6.864991188049316406e-01,6.864752173423767090e-01,6.864512562751770020e-01,6.864273548126220703e-01,6.864033937454223633e-01,6.863795518875122070e-01,6.863555908203125000e-01,6.863316893577575684e-01,6.863077878952026367e-01,6.862838268280029297e-01,6.862599253654479980e-01,6.862360239028930664e-01,6.862121224403381348e-01,6.861882209777832031e-01,6.861642599105834961e-01,6.861404180526733398e-01,6.861165165901184082e-01,6.860926151275634766e-01,6.860687136650085449e-01,6.860448122024536133e-01,6.860209107398986816e-01,6.859970092773437500e-01,6.859731078147888184e-01,6.859492063522338867e-01,6.859253644943237305e-01,6.859014630317687988e-01,6.858776211738586426e-01,6.858537197113037109e-01,6.858298182487487793e-01,6.858059167861938477e-01,6.857820749282836914e-01,6.857581734657287598e-01,6.857342720031738281e-01,6.857104301452636719e-01,6.856865882873535156e-01,6.856626868247985840e-01,6.856388449668884277e-01,6.856149435043334961e-01,6.855911016464233398e-01,6.855672001838684082e-01,6.855433583259582520e-01,6.855195164680480957e-01,6.854956150054931641e-01,6.854718327522277832e-01,6.854479312896728516e-01,6.854240894317626953e-01,6.854002475738525391e-01,6.853764057159423828e-01,6.853525042533874512e-01,6.853286623954772949e-01,6.853048205375671387e-01,6.852809786796569824e-01,6.852571368217468262e-01,6.852333545684814453e-01,6.852095127105712891e-01,6.851856708526611328e-01,6.851618289947509766e-01,6.851379871368408203e-01,6.851141452789306641e-01,6.850903034210205078e-01,6.850664615631103516e-01,6.850426197052001953e-01,6.850187778472900391e-01,6.849950551986694336e-01
6.598891615867614746e-01,6.598670482635498047e-01,6.598449349403381348e-01,6.598228216171264648e-01,6.598007082939147949e-01,6.597785949707031250e-01,6.597565412521362305e-01,6.597344875335693359e-01,6.597123742103576660e-01,6.596902608871459961e-01,6.596681475639343262e-01,6.596460938453674316e-01,6.596239805221557617e-01,6.596018671989440918e-01,6.595797538757324219e-01,6.595577001571655273e-01,6.595356464385986328e-01,6.595135331153869629e-01,6.594914793968200684e-01,6.594693660736083984e-01,6.594473123550415039e-01,6.594251990318298340e-01,6.594031453132629395e-01,6.593810319900512695e-01,6.593589782714843750e-01,6.593369841575622559e-01,6.593148708343505859e-01,6.592928171157836914e-01,6.592707037925720215e-01,6.592486500740051270e-01,6.592265963554382324e-01,6.592045426368713379e-01,6.591824293136596680e-01,6.591603755950927734e-01,6.591383218765258789e-01,6.591163277626037598e-01,6.590942740440368652e-01,6.590722203254699707e-01,6.590501070022583008e-01,6.590280532836914062e-01,6.590059995651245117e-01,6.589839458465576172e-01,6.589618921279907227e-01,6.589398384094238281e-01,6.589178442955017090e-01,6.588958501815795898e-01,6.588737964630126953e-01,6.588517427444458008e-01,6.588296890258789062e-01,6.588076353073120117e-01,6.587855815887451172e-01,6.587635874748229980e-01,6.587415337562561035e-01,6.587194800376892090e-01,6.586974859237670898e-01,6.586754918098449707e-01,6.586534380912780762e-01,6.586313843727111816e-01,6.586093902587890625e-01,6.585873365402221680e-01,6.585653424263000488e-01,6.585432887077331543e-01,6.585212945938110352e-01,6.584992408752441406e-01,6.584773063659667969e-01,6.584552526473999023e-01,6.584332585334777832e-01,6.584112644195556641e-01,6.583892107009887695e-01,6.583672165870666504e-01,6.583452224731445312e-01,6.583231687545776367e-01,6.583011746406555176e-01,6.582792401313781738e-01,6.582572460174560547e-01,6.582351922988891602e-01,6.582131981849670410e-01,6.581912040710449219e-01,6.581692099571228027e-01,6.581472158432006836e-01
6.349374055862426758e-01,6.349170207977294922e-01,6.348965167999267578e-01,6.348760724067687988e-01,6.348556280136108398e-01,6.348351240158081055e-01,6.348146796226501465e-01,6.347941756248474121e-01,6.347737312316894531e-01,6.347532868385314941e-01,6.347328424453735352e-01,6.347123980522155762e-01,6.346919536590576172e-01,6.346715092658996582e-01,6.346510648727416992e-01,6.346305608749389648e-01,6.346101164817810059e-01,6.345896720886230469e-01,6.345692276954650879e-01,6.345487833023071289e-01,6.345283985137939453e-01,6.345079541206359863e-01,6.344875097274780273e-01,6.344670653343200684e-01,6.344466209411621094e-01,6.344261765480041504e-01,6.344057321548461914e-01,6.343852877616882324e-01,6.343648433685302734e-01,6.343443989753723145e-01,6.343240141868591309e-01,6.343035697937011719e-01,6.342831850051879883e-01,6.342627406120300293e-01,6.342422962188720703e-01,6.342218518257141113e-01,6.342014670372009277e-01,6.341810226440429688e-01,6.341605782508850098e-01,6.341402530670166016e-01,6.341198086738586426e-01,6.340993642807006836e-01,6.340789794921875000e-01,6.340585350990295410e-01,6.340381503105163574e-01,6.340177059173583984e-01,6.339973211288452148e-01,6.339768767356872559e-01,6.339564919471740723e-01,6.339361071586608887e-01,6.339157223701477051e-01,6.338953375816345215e-01,6.338748931884765625e-01,6.338545083999633789e-01,6.338341236114501953e-01,6.338136792182922363e-01,6.337932944297790527e-01,6.337729096412658691e-01,6.337525844573974609e-01,6.337321400642395020e-01,6.337117552757263184e-01,6.336913704872131348e-01,6.336709856986999512e-01,6.336506009101867676e-01,6.336302161216735840e-01,6.336098313331604004e-01,6.335894465446472168e-01,6.335690021514892578e-01,6.335486769676208496e-01,6.335282921791076660e-01,6.335079073905944824e-01,6.334875226020812988e-01,6.334671974182128906e-01,6.334468126296997070e-01,6.334264278411865234e-01,6.334060430526733398e-01,6.333856582641601562e-01,6.333653330802917480e-01,6.333449482917785645e-01,6.333246231079101562e-01
6.118039488792419434e-01,6.117849349975585938e-01,6.117659807205200195e-01,6.117469668388366699e-01,6.117279529571533203e-01,6.117089986801147461e-01,6.116899847984313965e-01,6.116709709167480469e-01,6.116520166397094727e-01,6.116330027580261230e-01,6.116139888763427734e-01,6.115949749946594238e-01,6.115760207176208496e-01,6.115570068359375000e-01,6.115379929542541504e-01,6.115190982818603516e-01,6.115000844001770020e-01,6.114810705184936523e-01,6.114621162414550781e-01,6.114431023597717285e-01,6.114241480827331543e-01,6.114051342010498047e-01,6.113861799240112305e-01,6.113671660423278809e-01,6.113482713699340820e-01,6.113292574882507324e-01,6.113103032112121582e-01,6.112912893295288086e-01,6.112723350524902344e-01,6.112533807754516602e-01,6.112343668937683105e-01,6.112154126167297363e-01,6.111964583396911621e-01,6.111774444580078125e-01,6.111585497856140137e-01,6.111395955085754395e-01,6.111205816268920898e-01,6.111016273498535156e-01,6.110826730728149414e-01,6.110637187957763672e-01,6.110447645187377930e-01,6.110258102416992188e-01,6.110068559646606445e-01,6.109879016876220703e-01,6.109689474105834961e-01,6.109499931335449219e-01,6.109310388565063477e-01,6.109120845794677734e-01,6.108931303024291992e-01,6.108741760253906250e-01,6.108552217483520508e-01,6.108362674713134766e-01,6.108173727989196777e-01,6.107984185218811035e-01,6.107795238494873047e-01,6.107605695724487305e-01,6.107416152954101562e-01,6.107226610183715820e-01,6.107037067413330078e-01,6.106848120689392090e-01,6.106658577919006348e-01,6.106469035148620605e-01,6.106280088424682617e-01,6.106091141700744629e-01,6.105901598930358887e-01,6.105712056159973145e-01,6.105523109436035156e-01,6.105333566665649414e-01,6.105144023895263672e-01,6.104955077171325684e-01,6.104765534400939941e-01,6.104576587677001953e-01,6.104387640953063965e-01,6.104198694229125977e-01,6.104009151458740234e-01,6.103820204734802246e-01,6.103630661964416504e-01,6.103441715240478516e-01,6.103252768516540527e-01,6.103063225746154785e-01
5.902969241142272949e-01,5.902792215347290039e-01,5.902615189552307129e-01,5.902438163757324219e-01,5.902261734008789062e-01,5.902084708213806152e-01,5.901907682418823242e-01,5.901730656623840332e-01,5.901553630828857422e-01,5.901377201080322266e-01,5.901200771331787109e-01,5.901023745536804199e-01,5.900846719741821289e-01,5.900670289993286133e-01,5.900493264198303223e-01,5.900316238403320312e-01,5.900139808654785156e-01,5.899962782859802246e-01,5.899786353111267090e-01,5.899609923362731934e-01,5.899432897567749023e-01,5.899256467819213867e-01,5.899079442024230957e-01,5.898903012275695801e-01,5.898725986480712891e-01,5.898549556732177734e-01,5.898373126983642578e-01,5.898196101188659668e-01,5.898020267486572266e-01,5.897843241691589355e-01,5.897666811943054199e-01,5.897490382194519043e-01,5.897313356399536133e-01,5.897136926651000977e-01,5.896960496902465820e-01,5.896783471107482910e-01,5.896607041358947754e-01,5.896430611610412598e-01,5.896254181861877441e-01,5.896077752113342285e-01,5.895901322364807129e-01,5.895724892616271973e-01,5.895548462867736816e-01,5.895372033119201660e-01,5.895195603370666504e-01,5.895018577575683594e-01,5.894842147827148438e-01,5.894666314125061035e-01,5.894489884376525879e-01,5.894313454627990723e-01,5.894137024879455566e-01,5.893960595130920410e-01,5.893784165382385254e-01,5.893607735633850098e-01,5.893431305885314941e-01,5.893254876136779785e-01,5.893078446388244629e-01,5.892902612686157227e-01,5.892726182937622070e-01,5.892549753189086914e-01,5.892373919486999512e-01,5.892197489738464355e-01,5.892021059989929199e-01,5.891844630241394043e-01,5.891668796539306641e-01,5.891492366790771484e-01,5.891315937042236328e-01,5.891140103340148926e-01,5.890963673591613770e-01,5.890787839889526367e-01,5.890611410140991211e-01,5.890434980392456055e-01,5.890259146690368652e-01,5.890082716941833496e-01,5.889906883239746094e-01,5.889730453491210938e-01,5.889554619789123535e-01,5.889378786087036133e-01,5.889202356338500977e-01,5.889026522636413574e-01
5.702505707740783691e-01,5.702340602874755859e-01,5.702175498008728027e-01,5.702010393142700195e-01,5.701845884323120117e-01,5.701680779457092285e-01,5.701515674591064453e-01,5.701350569725036621e-01,5.701185464859008789e-01,5.701020359992980957e-01,5.700855255126953125e-01,5.700690150260925293e-01,5.700525045394897461e-01,5.700360536575317383e-01,5.700195431709289551e-01,5.700030922889709473e-01,5.699865818023681641e-01,5.699700713157653809e-01,5.699535608291625977e-01,5.699370503425598145e-01,5.699205994606018066e-01,5.699040889739990234e-01,5.698875784873962402e-01,5.698711276054382324e-01,5.698546767234802246e-01,5.698381662368774414e-01,5.698216557502746582e-01,5.698052048683166504e-01,5.697886943817138672e-01,5.697721838951110840e-01,5.697557330131530762e-01,5.697392225265502930e-01,5.697227716445922852e-01,5.697063207626342773e-01,5.696898102760314941e-01,5.696733593940734863e-01,5.696568489074707031e-01,5.696403980255126953e-01,5.696238875389099121e-01,5.696074366569519043e-01,5.695909261703491211e-01,5.695744752883911133e-01,5.695580244064331055e-01,5.695415735244750977e-01,5.695250630378723145e-01,5.695086121559143066e-01,5.694921612739562988e-01,5.694756507873535156e-01,5.694591999053955078e-01,5.694427490234375000e-01,5.694262981414794922e-01,5.694097876548767090e-01,5.693933963775634766e-01,5.693769454956054688e-01,5.693604350090026855e-01,5.693439841270446777e-01,5.693275332450866699e-01,5.693110823631286621e-01,5.692946314811706543e-01,5.692781805992126465e-01,5.692616701126098633e-01,5.692452788352966309e-01,5.692288279533386230e-01,5.692123770713806152e-01,5.691959261894226074e-01,5.691794753074645996e-01,5.691630244255065918e-01,5.691465735435485840e-01,5.691301226615905762e-01,5.691136717796325684e-01,5.690972208976745605e-01,5.690808296203613281e-01,5.690643787384033203e-01,5.690479278564453125e-01,5.690314769744873047e-01,5.690150260925292969e-01,5.689985752105712891e-01,5.689821243286132812e-01,5.689656734466552734e-01,5.689492821693420410e-01
