5.000000000000000000e+00,5.000000000000000000e+00,5.000000000000000000e+00,5.000000000000000000e+00,5.000000000000000000e+00,5.000000000000000000e+00,5.000000000000000000e+00,5.000000000000000000e+00,5.000000000000000000e+00,5.000000000000000000e+00,5.000000000000000000e+00,5.000000000000000000e+00,5.000000000000000000e+00,5.000000000000000000e+00,5.000000000000000000e+00,5.000000000000000000e+00,5.000000000000000000e+00,5.000000000000000000e+00,5.000000000000000000e+00,4.254212379455566406e+00,4.148319244384765625e+00,4.047569751739501953e+00,3.951598167419433594e+00,3.860072374343872070e+00,3.772690296173095703e+00,3.689176321029663086e+00,3.609280347824096680e+00,3.532771348953247070e+00,3.459438800811767578e+00,3.389088630676269531e+00,3.321542978286743164e+00,3.256636857986450195e+00,3.194218635559082031e+00,3.134148359298706055e+00,3.076295614242553711e+00,3.020539999008178711e+00,2.966769456863403320e+00,2.914879798889160156e+00,2.864774227142333984e+00,2.816361665725708008e+00,2.769558668136596680e+00,2.724285602569580078e+00,2.680469036102294922e+00,2.638039588928222656e+00,2.596932172775268555e+00,2.557086467742919922e+00,2.518444776535034180e+00,2.480953931808471680e+00,2.444562673568725586e+00,2.409223794937133789e+00,2.374891996383666992e+00,2.341524839401245117e+00,2.309079408645629883e+00,2.277519941329956055e+00,2.246811389923095703e+00,2.216921567916870117e+00,2.187818527221679688e+00,2.159469842910766602e+00,2.131846189498901367e+00,2.104920625686645508e+00,2.078666448593139648e+00,2.053059339523315430e+00,2.028075218200683594e+00,2.003691911697387695e+00,1.979888200759887695e+00,1.956643223762512207e+00,1.933937788009643555e+00,1.911753296852111816e+00,1.890071988105773926e+00,1.868876934051513672e+00,1.848151922225952148e+00,1.827881574630737305e+00,1.808050990104675293e+00,1.788646101951599121e+00,1.769653320312500000e+00,1.751059651374816895e+00,1.732852697372436523e+00,1.715020418167114258e+00,1.697551369667053223e+00,1.680434703826904297e+00
5.000000000000000000e+00,5.000000000000000000e+00,5.000000000000000000e+00,5.000000000000000000e+00,5.000000000000000000e+00,5.000000000000000000e+00,5.000000000000000000e+00,5.000000000000000000e+00,5.000000000000000000e+00,5.000000000000000000e+00,5.000000000000000000e+00,5.000000000000000000e+00,5.000000000000000000e+00,5.000000000000000000e+00,5.000000000000000000e+00,5.000000000000000000e+00,5.000000000000000000e+00,5.000000000000000000e+00,4.365707874298095703e+00,4.254263877868652344e+00,4.148368358612060547e+00,4.047616481781005859e+00,3.951642990112304688e+00,3.860114574432373047e+00,3.772730588912963867e+00,3.689215421676635742e+00,3.609317541122436523e+00,3.532806873321533203e+00,3.459473133087158203e+00,3.389121532440185547e+00,3.321574211120605469e+00,3.256666898727416992e+00,3.194247722625732422e+00,3.134176492691040039e+00,3.076322555541992188e+00,3.020565986633300781e+00,2.966794490814208984e+00,2.914903879165649414e+00,2.864797353744506836e+00,2.816384315490722656e+00,2.769580602645874023e+00,2.724306821823120117e+00,2.680489540100097656e+00,2.638059377670288086e+00,2.596951246261596680e+00,2.557105064392089844e+00,2.518462896347045898e+00,2.480971574783325195e+00,2.444578170776367188e+00,2.409234285354614258e+00,2.374897956848144531e+00,2.341526985168457031e+00,2.309084415435791016e+00,2.277528524398803711e+00,2.246823787689208984e+00,2.216935634613037109e+00,2.187832117080688477e+00,2.159483194351196289e+00,2.131859302520751953e+00,2.104933261871337891e+00,2.078678846359252930e+00,2.053071260452270508e+00,2.028087139129638672e+00,2.003703355789184570e+00,1.979899406433105469e+00,1.956654191017150879e+00,1.933948516845703125e+00,1.911763668060302734e+00,1.890082120895385742e+00,1.868886947631835938e+00,1.848161697387695312e+00,1.827891111373901367e+00,1.808060288429260254e+00,1.788655281066894531e+00,1.769662261009216309e+00,1.751068472862243652e+00,1.732861280441284180e+00,1.715028882026672363e+00,1.697559595108032227e+00,1.680442810058593750e+00
5.000000000000000000e+00,5.000000000000000000e+00,5.000000000000000000e+00,5.000000000000000000e+00,5.000000000000000000e+00,5.000000000000000000e+00,5.000000000000000000e+00,5.000000000000000000e+00,5.000000000000000000e+00,5.000000000000000000e+00,5.000000000000000000e+00,5.000000000000000000e+00,5.000000000000000000e+00,5.000000000000000000e+00,5.000000000000000000e+00,5.000000000000000000e+00,5.000000000000000000e+00,4.483204364776611328e+00,4.365762233734130859e+00,4.254315853118896484e+00,4.148417472839355469e+00,4.047663211822509766e+00,3.951687097549438477e+00,3.860157251358032227e+00,3.772771358489990234e+00,3.689254283905029297e+00,3.609354734420776367e+00,3.532842636108398438e+00,3.459506988525390625e+00,3.389154195785522461e+00,3.321605682373046875e+00,3.256697177886962891e+00,3.194277048110961914e+00,3.134204387664794922e+00,3.076349735260009766e+00,3.020591974258422852e+00,2.966819524765014648e+00,2.914928197860717773e+00,2.864820957183837891e+00,2.816407203674316406e+00,2.769602537155151367e+00,2.724328041076660156e+00,2.680509805679321289e+00,2.638079166412353516e+00,2.596970558166503906e+00,2.557118654251098633e+00,2.518471240997314453e+00,2.480974912643432617e+00,2.444582223892211914e+00,2.409242630004882812e+00,2.374910354614257812e+00,2.341542720794677734e+00,2.309099674224853516e+00,2.277543306350708008e+00,2.246838092803955078e+00,2.216949701309204102e+00,2.187845945358276367e+00,2.159496545791625977e+00,2.131872177124023438e+00,2.104945898056030273e+00,2.078691244125366211e+00,2.053083419799804688e+00,2.028098821640014648e+00,2.003715038299560547e+00,1.979910612106323242e+00,1.956665158271789551e+00,1.933959245681762695e+00,1.911774158477783203e+00,1.890092372894287109e+00,1.868896842002868652e+00,1.848171472549438477e+00,1.827900648117065430e+00,1.808069705963134766e+00,1.788664460182189941e+00,1.769671201705932617e+00,1.751077175140380859e+00,1.732869863510131836e+00,1.715037226676940918e+00,1.697567820549011230e+00,1.680450797080993652e+00
5.000000000000000000e+00,5.000000000000000000e+00,5.000000000000000000e+00,5.000000000000000000e+00,5.000000000000000000e+00,5.000000000000000000e+00,5.000000000000000000e+00,5.000000000000000000e+00,5.000000000000000000e+00,5.000000000000000000e+00,5.000000000000000000e+00,5.000000000000000000e+00,5.000000000000000000e+00,5.000000000000000000e+00,5.000000000000000000e+00,4.738186359405517578e+00,4.607200622558593750e+00,4.483261585235595703e+00,4.365816116333007812e+00,4.254367351531982422e+00,4.148466587066650391e+00,4.047709941864013672e+00,3.951731920242309570e+00,3.860199928283691406e+00,3.772811889648437500e+00,3.689292669296264648e+00,3.609391689300537109e+00,3.532877922058105469e+00,3.459541320800781250e+00,3.389187097549438477e+00,3.321637392044067383e+00,3.256727695465087891e+00,3.194305896759033203e+00,3.134232282638549805e+00,3.076376438140869141e+00,3.020617961883544922e+00,2.966844558715820312e+00,2.914952516555786133e+00,2.864844322204589844e+00,2.816429853439331055e+00,2.769624233245849609e+00,2.724345445632934570e+00,2.680521249771118164e+00,2.638084650039672852e+00,2.596973180770874023e+00,2.557126283645629883e+00,2.518483638763427734e+00,2.480991601943969727e+00,2.444599390029907227e+00,2.409259319305419922e+00,2.374926328659057617e+00,2.341558218002319336e+00,2.309114933013916016e+00,2.277558326721191406e+00,2.246852636337280273e+00,2.216963768005371094e+00,2.187859535217285156e+00,2.159509658813476562e+00,2.131885290145874023e+00,2.104958534240722656e+00,2.078703641891479492e+00,2.053095340728759766e+00,2.028110504150390625e+00,2.003726482391357422e+00,1.979921817779541016e+00,1.956676125526428223e+00,1.933969974517822266e+00,1.911784648895263672e+00,1.890102624893188477e+00,1.868906855583190918e+00,1.848181128501892090e+00,1.827910184860229492e+00,1.808079004287719727e+00,1.788673520088195801e+00,1.769680142402648926e+00,1.751085996627807617e+00,1.732878446578979492e+00,1.715045690536499023e+00,1.697576045989990234e+00,1.680458903312683105e+00
5.000000000000000000e+00,5.000000000000000000e+00,5.000000000000000000e+00,5.000000000000000000e+00,5.000000000000000000e+00,5.000000000000000000e+00,5.000000000000000000e+00,5.000000000000000000e+00,5.000000000000000000e+00,5.000000000000000000e+00,5.000000000000000000e+00,5.000000000000000000e+00,5.000000000000000000e+00,5.000000000000000000e+00,4.876906394958496094e+00,4.738250732421875000e+00,4.607260704040527344e+00,4.483318805694580078e+00,4.365870952606201172e+00,4.254418849945068359e+00,4.148515701293945312e+00,4.047756671905517578e+00,3.951776504516601562e+00,3.860242128372192383e+00,3.772852182388305664e+00,3.689331769943237305e+00,3.609428882598876953e+00,3.532913684844970703e+00,3.459575414657592773e+00,3.389219760894775391e+00,3.321668624877929688e+00,3.256757736206054688e+00,3.194334983825683594e+00,3.134260416030883789e+00,3.076403617858886719e+00,3.020644187927246094e+00,2.966869831085205078e+00,2.914974212646484375e+00,2.864859342575073242e+00,2.816437959671020508e+00,2.769627094268798828e+00,2.724351882934570312e+00,2.680533170700073242e+00,2.638101816177368164e+00,2.596992492675781250e+00,2.557145118713378906e+00,2.518501758575439453e+00,2.481009244918823242e+00,2.444616317749023438e+00,2.409275770187377930e+00,2.374942541122436523e+00,2.341573953628540039e+00,2.309130191802978516e+00,2.277573108673095703e+00,2.246866941452026367e+00,2.216977834701538086e+00,2.187873363494873047e+00,2.159523010253906250e+00,2.131898164749145508e+00,2.104971170425415039e+00,2.078715801239013672e+00,2.053107500076293945e+00,2.028122425079345703e+00,2.003737926483154297e+00,1.979933023452758789e+00,1.956686973571777344e+00,1.933980584144592285e+00,1.911795139312744141e+00,1.890112876892089844e+00,1.868916869163513184e+00,1.848190903663635254e+00,1.827919721603393555e+00,1.808088421821594238e+00,1.788682699203491211e+00,1.769689083099365234e+00,1.751094818115234375e+00,1.732887029647827148e+00,1.715054035186767578e+00,1.697584271430969238e+00,1.680467009544372559e+00
5.000000000000000000e+00,5.000000000000000000e+00,5.000000000000000000e+00,5.000000000000000000e+00,5.000000000000000000e+00,5.000000000000000000e+00,5.000000000000000000e+00,5.000000000000000000e+00,5.000000000000000000e+00,5.000000000000000000e+00,5.000000000000000000e+00,5.000000000000000000e+00,5.000000000000000000e+00,5.000000000000000000e+00,4.876974105834960938e+00,4.738314628601074219e+00,4.607321739196777344e+00,4.483376026153564453e+00,4.365925312042236328e+00,4.254470348358154297e+00,4.148564815521240234e+00,4.047803401947021484e+00,3.951820611953735352e+00,3.860284566879272461e+00,3.772892951965332031e+00,3.689370632171630859e+00,3.609466314315795898e+00,3.532949447631835938e+00,3.459609270095825195e+00,3.389252424240112305e+00,3.321700096130371094e+00,3.256788015365600586e+00,3.194364309310913086e+00,3.134288311004638672e+00,3.076422929763793945e+00,3.020655870437622070e+00,2.966874599456787109e+00,2.914979934692382812e+00,2.864870786666870117e+00,2.816455364227294922e+00,2.769649028778076172e+00,2.724373340606689453e+00,2.680553674697875977e+00,2.638121604919433594e+00,2.597011804580688477e+00,2.557163715362548828e+00,2.518519878387451172e+00,2.481026649475097656e+00,2.444633483886718750e+00,2.409292459487915039e+00,2.374958753585815430e+00,2.341589689254760742e+00,2.309145450592041016e+00,2.277587890625000000e+00,2.246881484985351562e+00,2.216991901397705078e+00,2.187886953353881836e+00,2.159536361694335938e+00,2.131911277770996094e+00,2.104983806610107422e+00,2.078728199005126953e+00,2.053119659423828125e+00,2.028134107589721680e+00,2.003749370574951172e+00,1.979944229125976562e+00,1.956697940826416016e+00,1.933991312980651855e+00,1.911805510520935059e+00,1.890123009681701660e+00,1.868926882743835449e+00,1.848200678825378418e+00,1.827929258346557617e+00,1.808097720146179199e+00,1.788691878318786621e+00,1.769698143005371094e+00,1.751103520393371582e+00,1.732895612716674805e+00,1.715062499046325684e+00,1.697592616081237793e+00,1.680475115776062012e+00
5.000000000000000000e+00,5.000000000000000000e+00,5.000000000000000000e+00,5.000000000000000000e+00,5.000000000000000000e+00,5.000000000000000000e+00,5.000000000000000000e+00,5.000000000000000000e+00,5.000000000000000000e+00,5.000000000000000000e+00,5.000000000000000000e+00,5.000000000000000000e+00,5.000000000000000000e+00,5.000000000000000000e+00,4.877042293548583984e+00,4.738378524780273438e+00,4.607381820678710938e+00,4.483433723449707031e+00,4.365979671478271484e+00,4.254521846771240234e+00,4.148613929748535156e+00,4.047850131988525391e+00,3.951865434646606445e+00,3.860327243804931641e+00,3.772933721542358398e+00,3.689409494400024414e+00,3.609503030776977539e+00,3.532984733581542969e+00,3.459643602371215820e+00,3.389285326004028320e+00,3.321725845336914062e+00,3.256804466247558594e+00,3.194372177124023438e+00,3.134292125701904297e+00,3.076434135437011719e+00,3.020673513412475586e+00,2.966898202896118164e+00,2.915004253387451172e+00,2.864894151687622070e+00,2.816478013992309570e+00,2.769671201705932617e+00,2.724394559860229492e+00,2.680574178695678711e+00,2.638141632080078125e+00,2.597031116485595703e+00,2.557182550430297852e+00,2.518537998199462891e+00,2.481044292449951172e+00,2.444650650024414062e+00,2.409309148788452148e+00,2.374974727630615234e+00,2.341605424880981445e+00,2.309160709381103516e+00,2.277602672576904297e+00,2.246895790100097656e+00,2.217005968093872070e+00,2.187900543212890625e+00,2.159549713134765625e+00,2.131924152374267578e+00,2.104996681213378906e+00,2.078740596771240234e+00,2.053131580352783203e+00,2.028145790100097656e+00,2.003760814666748047e+00,1.979955434799194336e+00,1.956708908081054688e+00,1.934002041816711426e+00,1.911816000938415527e+00,1.890133261680603027e+00,1.868936896324157715e+00,1.848210453987121582e+00,1.827938914299011230e+00,1.808107137680053711e+00,1.788701057434082031e+00,1.769707083702087402e+00,1.751112341880798340e+00,1.732904195785522461e+00,1.715070843696594238e+00,1.697600841522216797e+00,1.680483102798461914e+00
5.000000000000000000e+00,5.000000000000000000e+00,5.000000000000000000e+00,5.000000000000000000e+00,5.000000000000000000e+00,5.000000000000000000e+00,5.000000000000000000e+00,5.000000000000000000e+00,5.000000000000000000e+00,5.000000000000000000e+00,5.000000000000000000e+00,5.000000000000000000e+00,5.000000000000000000e+00,5.000000000000000000e+00,4.877110004425048828e+00,4.738442897796630859e+00,4.607442378997802734e+00,4.483490943908691406e+00,4.366034030914306641e+00,4.254573822021484375e+00,4.148662567138671875e+00,4.047896862030029297e+00,3.951910018920898438e+00,3.860369443893432617e+00,3.772974014282226562e+00,3.689448118209838867e+00,3.609536886215209961e+00,3.533007383346557617e+00,3.459656000137329102e+00,3.389289379119873047e+00,3.321735620498657227e+00,3.256822109222412109e+00,3.194396972656250000e+00,3.134320020675659180e+00,3.076461076736450195e+00,3.020699501037597656e+00,2.966923475265502930e+00,2.915028572082519531e+00,2.864917755126953125e+00,2.816500663757324219e+00,2.769693136215209961e+00,2.724415779113769531e+00,2.680594921112060547e+00,2.638161420822143555e+00,2.597050428390502930e+00,2.557201147079467773e+00,2.518556118011474609e+00,2.481061935424804688e+00,2.444667577743530273e+00,2.409325599670410156e+00,2.374990940093994141e+00,2.341621160507202148e+00,2.309175968170166016e+00,2.277617692947387695e+00,2.246910333633422852e+00,2.217020034790039062e+00,2.187914371490478516e+00,2.159563064575195312e+00,2.131937265396118164e+00,2.105009317398071289e+00,2.078752994537353516e+00,2.053143739700317383e+00,2.028157711029052734e+00,2.003772497177124023e+00,1.979966759681701660e+00,1.956719875335693359e+00,1.934012770652770996e+00,1.911826491355895996e+00,1.890143513679504395e+00,1.868946790695190430e+00,1.848220229148864746e+00,1.827948451042175293e+00,1.808116436004638672e+00,1.788710236549377441e+00,1.769716024398803711e+00,1.751121044158935547e+00,1.732912778854370117e+00,1.715079307556152344e+00,1.697609066963195801e+00,1.680491209030151367e+00
5.000000000000000000e+00,5.000000000000000000e+00,5.000000000000000000e+00,5.000000000000000000e+00,5.000000000000000000e+00,5.000000000000000000e+00,5.000000000000000000e+00,5.000000000000000000e+00,5.000000000000000000e+00,5.000000000000000000e+00,5.000000000000000000e+00,5.000000000000000000e+00,5.000000000000000000e+00,5.000000000000000000e+00,4.877177715301513672e+00,4.738506793975830078e+00,4.607502937316894531e+00,4.483548641204833984e+00,4.366087913513183594e+00,4.254625320434570312e+00,4.148712158203125000e+00,4.047943592071533203e+00,3.951953887939453125e+00,3.860400199890136719e+00,3.772992610931396484e+00,3.689455509185791016e+00,3.609544992446899414e+00,3.533025026321411133e+00,3.459682226181030273e+00,3.389322280883789062e+00,3.321767091751098633e+00,3.256852388381958008e+00,3.194426298141479492e+00,3.134348154067993164e+00,3.076488256454467773e+00,3.020725727081298828e+00,2.966948509216308594e+00,2.915052890777587891e+00,2.864941120147705078e+00,2.816523313522338867e+00,2.769715070724487305e+00,2.724436998367309570e+00,2.680615425109863281e+00,2.638181447982788086e+00,2.597069740295410156e+00,2.557219743728637695e+00,2.518574237823486328e+00,2.481079578399658203e+00,2.444684743881225586e+00,2.409342288970947266e+00,2.375007152557373047e+00,2.341636657714843750e+00,2.309191226959228516e+00,2.277632474899291992e+00,2.246924877166748047e+00,2.217034101486206055e+00,2.187927961349487305e+00,2.159576416015625000e+00,2.131950139999389648e+00,2.105021953582763672e+00,2.078765392303466797e+00,2.053155660629272461e+00,2.028169393539428711e+00,2.003783941268920898e+00,1.979977965354919434e+00,1.956730842590332031e+00,1.934023380279541016e+00,1.911836862564086914e+00,1.890153765678405762e+00,1.868956804275512695e+00,1.848230004310607910e+00,1.827957987785339355e+00,1.808125853538513184e+00,1.788719296455383301e+00,1.769724965095520020e+00,1.751129865646362305e+00,1.732921361923217773e+00,1.715087771415710449e+00,1.697617292404174805e+00,1.680499315261840820e+00
5.000000000000000000e+00,5.000000000000000000e+00,5.000000000000000000e+00,5.000000000000000000e+00,5.000000000000000000e+00,5.000000000000000000e+00,5.000000000000000000e+00,5.000000000000000000e+00,5.000000000000000000e+00,5.000000000000000000e+00,5.000000000000000000e+00,5.000000000000000000e+00,5.000000000000000000e+00,5.000000000000000000e+00,4.877245903015136719e+00,4.738570690155029297e+00,4.607563495635986328e+00,4.483605861663818359e+00,4.366142749786376953e+00,4.254667282104492188e+00,4.148738384246826172e+00,4.047956466674804688e+00,3.951959848403930664e+00,3.860417366027832031e+00,3.773019790649414062e+00,3.689491987228393555e+00,3.609582424163818359e+00,3.533060789108276367e+00,3.459716320037841797e+00,3.389355182647705078e+00,3.321798801422119141e+00,3.256882905960083008e+00,3.194455385208129883e+00,3.134376287460327148e+00,3.076515197753906250e+00,3.020751714706420898e+00,2.966973781585693359e+00,2.915077209472656250e+00,2.864964723587036133e+00,2.816546201705932617e+00,2.769737005233764648e+00,2.724458217620849609e+00,2.680635929107666016e+00,2.638201236724853516e+00,2.597089052200317383e+00,2.557238578796386719e+00,2.518592357635498047e+00,2.481097221374511719e+00,2.444701910018920898e+00,2.409358978271484375e+00,2.375023126602172852e+00,2.341652393341064453e+00,2.309206485748291016e+00,2.277647256851196289e+00,2.246939182281494141e+00,2.217048168182373047e+00,2.187941789627075195e+00,2.159589767456054688e+00,2.131963253021240234e+00,2.105034589767456055e+00,2.078777790069580078e+00,2.053167819976806641e+00,2.028181076049804688e+00,2.003795385360717773e+00,1.979989171028137207e+00,1.956741809844970703e+00,1.934034109115600586e+00,1.911847352981567383e+00,1.890163898468017578e+00,1.868966817855834961e+00,1.848239779472351074e+00,1.827967524528503418e+00,1.808135151863098145e+00,1.788728475570678711e+00,1.769733905792236328e+00,1.751138687133789062e+00,1.732929944992065430e+00,1.715096116065979004e+00,1.697625517845153809e+00,1.680507421493530273e+00
5.000000000000000000e+00,5.000000000000000000e+00,5.000000000000000000e+00,5.000000000000000000e+00,5.000000000000000000e+00,5.000000000000000000e+00,5.000000000000000000e+00,5.000000000000000000e+00,5.000000000000000000e+00,5.000000000000000000e+00,5.000000000000000000e+00,5.000000000000000000e+00,5.000000000000000000e+00,5.000000000000000000e+00,4.877313613891601562e+00,4.738628387451171875e+00,4.607601642608642578e+00,4.483626365661621094e+00,4.366148948669433594e+00,4.254683017730712891e+00,4.148766994476318359e+00,4.047996044158935547e+00,3.952004671096801758e+00,3.860460042953491211e+00,3.773060560226440430e+00,3.689530849456787109e+00,3.609619617462158203e+00,3.533096313476562500e+00,3.459750652313232422e+00,3.389387845993041992e+00,3.321830272674560547e+00,3.256913185119628906e+00,3.194484710693359375e+00,3.134404420852661133e+00,3.076542377471923828e+00,3.020777940750122070e+00,2.966999053955078125e+00,2.915101528167724609e+00,2.864988088607788086e+00,2.816568851470947266e+00,2.769758939743041992e+00,2.724479436874389648e+00,2.680656433105468750e+00,2.638221263885498047e+00,2.597108364105224609e+00,2.557257175445556641e+00,2.518610715866088867e+00,2.481114864349365234e+00,2.444719076156616211e+00,2.409375429153442383e+00,2.375039339065551758e+00,2.341668128967285156e+00,2.309221744537353516e+00,2.277662038803100586e+00,2.246953725814819336e+00,2.217062234878540039e+00,2.187955379486083984e+00,2.159603118896484375e+00,2.131976366043090820e+00,2.105047225952148438e+00,2.078790187835693359e+00,2.053179979324340820e+00,2.028192996978759766e+00,2.003806829452514648e+00,1.980000376701354980e+00,1.956752777099609375e+00,1.934044837951660156e+00,1.911857843399047852e+00,1.890174150466918945e+00,1.868976831436157227e+00,1.848249554634094238e+00,1.827977061271667480e+00,1.808144569396972656e+00,1.788737654685974121e+00,1.769742846488952637e+00,1.751147389411926270e+00,1.732938528060913086e+00,1.715104579925537109e+00,1.697633743286132812e+00,1.680515527725219727e+00
5.000000000000000000e+00,5.000000000000000000e+00,5.000000000000000000e+00,5.000000000000000000e+00,5.000000000000000000e+00,5.000000000000000000e+00,5.000000000000000000e+00,5.000000000000000000e+00,5.000000000000000000e+00,5.000000000000000000e+00,5.000000000000000000e+00,5.000000000000000000e+00,5.000000000000000000e+00,5.000000000000000000e+00,4.877326011657714844e+00,4.738642215728759766e+00,4.607631206512451172e+00,4.483669757843017578e+00,4.366203308105468750e+00,4.254734992980957031e+00,4.148816108703613281e+00,4.048042774200439453e+00,3.952049255371093750e+00,3.860502719879150391e+00,3.773101329803466797e+00,3.689569950103759766e+00,3.609656810760498047e+00,3.533132076263427734e+00,3.459784746170043945e+00,3.389420747756958008e+00,3.321861982345581055e+00,3.256943464279174805e+00,3.194513797760009766e+00,3.134432554244995117e+00,3.076569557189941406e+00,3.020803928375244141e+00,2.967024087905883789e+00,2.915125846862792969e+00,2.865011692047119141e+00,2.816591501235961914e+00,2.769780874252319336e+00,2.724500656127929688e+00,2.680677175521850586e+00,2.638241052627563477e+00,2.597127676010131836e+00,2.557276010513305664e+00,2.518628835678100586e+00,2.481132507324218750e+00,2.444736003875732422e+00,2.409392118453979492e+00,2.375055551528930664e+00,2.341683864593505859e+00,2.309237003326416016e+00,2.277677059173583984e+00,2.246968030929565430e+00,2.217076301574707031e+00,2.187969207763671875e+00,2.159616470336914062e+00,2.131989240646362305e+00,2.105059862136840820e+00,2.078802347183227539e+00,2.053191900253295898e+00,2.028204679489135742e+00,2.003818273544311523e+00,1.980011582374572754e+00,1.956763744354248047e+00,1.934055566787719727e+00,1.911868333816528320e+00,1.890184402465820312e+00,1.868986845016479492e+00,1.848259329795837402e+00,1.827986717224121094e+00,1.808153867721557617e+00,1.788746833801269531e+00,1.769751906394958496e+00,1.751156210899353027e+00,1.732947111129760742e+00,1.715112924575805664e+00,1.697642087936401367e+00,1.680523514747619629e+00
5.000000000000000000e+00,5.000000000000000000e+00,5.000000000000000000e+00,5.000000000000000000e+00,5.000000000000000000e+00,5.000000000000000000e+00,5.000000000000000000e+00,5.000000000000000000e+00,5.000000000000000000e+00,5.000000000000000000e+00,5.000000000000000000e+00,5.000000000000000000e+00,5.000000000000000000e+00,5.000000000000000000e+00,4.877389907836914062e+00,4.738706588745117188e+00,4.607692241668701172e+00,4.483727455139160156e+00,4.366258144378662109e+00,4.254786968231201172e+00,4.148865699768066406e+00,4.048089981079101562e+00,3.952093839645385742e+00,3.860545396804809570e+00,3.773142099380493164e+00,3.689608812332153320e+00,3.609694242477416992e+00,3.533167839050292969e+00,3.459819078445434570e+00,3.389453649520874023e+00,3.321893453598022461e+00,3.256973981857299805e+00,3.194543123245239258e+00,3.134460687637329102e+00,3.076596498489379883e+00,3.020830154418945312e+00,2.967049360275268555e+00,2.915150165557861328e+00,2.865035057067871094e+00,2.816614151000976562e+00,2.769802808761596680e+00,2.724521875381469727e+00,2.680697679519653320e+00,2.638261079788208008e+00,2.597146987915039062e+00,2.557294607162475586e+00,2.518646955490112305e+00,2.481150150299072266e+00,2.444753170013427734e+00,2.409408569335937500e+00,2.375071763992309570e+00,2.341699600219726562e+00,2.309252262115478516e+00,2.277691841125488281e+00,2.246982574462890625e+00,2.217090368270874023e+00,2.187982797622680664e+00,2.159629821777343750e+00,2.132002353668212891e+00,2.105072736740112305e+00,2.078814744949340820e+00,2.053204059600830078e+00,2.028216600418090820e+00,2.003829717636108398e+00,1.980022788047790527e+00,1.956774711608886719e+00,1.934066176414489746e+00,1.911878705024719238e+00,1.890194654464721680e+00,1.868996858596801758e+00,1.848269104957580566e+00,1.827996253967285156e+00,1.808163285255432129e+00,1.788755893707275391e+00,1.769760847091674805e+00,1.751164913177490234e+00,1.732955813407897949e+00,1.715121388435363770e+00,1.697650313377380371e+00,1.680531620979309082e+00
5.000000000000000000e+00,5.000000000000000000e+00,5.000000000000000000e+00,5.000000000000000000e+00,5.000000000000000000e+00,5.000000000000000000e+00,5.000000000000000000e+00,5.000000000000000000e+00,5.000000000000000000e+00,5.000000000000000000e+00,5.000000000000000000e+00,5.000000000000000000e+00,5.000000000000000000e+00,5.000000000000000000e+00,4.877457618713378906e+00,4.738770961761474609e+00,4.607753276824951172e+00,4.483785152435302734e+00,4.366312980651855469e+00,4.254838466644287109e+00,4.148914813995361328e+00,4.048136711120605469e+00,3.952138662338256836e+00,3.860588073730468750e+00,3.773182868957519531e+00,3.689647674560546875e+00,3.609731435775756836e+00,3.533203601837158203e+00,3.459853410720825195e+00,3.389486551284790039e+00,3.321924924850463867e+00,3.257004261016845703e+00,3.194572210311889648e+00,3.134488821029663086e+00,3.076623678207397461e+00,3.020856142044067383e+00,2.967074394226074219e+00,2.915174484252929688e+00,2.865058660507202148e+00,2.816636800765991211e+00,2.769824743270874023e+00,2.724543094635009766e+00,2.680718183517456055e+00,2.638280868530273438e+00,2.597166299819946289e+00,2.557313442230224609e+00,2.518665075302124023e+00,2.481167554855346680e+00,2.444770336151123047e+00,2.409425258636474609e+00,2.375087738037109375e+00,2.341715097427368164e+00,2.309267520904541016e+00,2.277706623077392578e+00,2.246997117996215820e+00,2.217104434967041016e+00,2.187996625900268555e+00,2.159643173217773438e+00,2.132015228271484375e+00,2.105085372924804688e+00,2.078827142715454102e+00,2.053215980529785156e+00,2.028228282928466797e+00,2.003841400146484375e+00,1.980033993721008301e+00,1.956785559654235840e+00,1.934076905250549316e+00,1.911889195442199707e+00,1.890204787254333496e+00,1.869006752967834473e+00,1.848278880119323730e+00,1.828005790710449219e+00,1.808172583580017090e+00,1.788765072822570801e+00,1.769769787788391113e+00,1.751173734664916992e+00,1.732964396476745605e+00,1.715129852294921875e+00,1.697658538818359375e+00,1.680539727210998535e+00
5.000000000000000000e+00,5.000000000000000000e+00,5.000000000000000000e+00,5.000000000000000000e+00,5.000000000000000000e+00,5.000000000000000000e+00,5.000000000000000000e+00,5.000000000000000000e+00,5.000000000000000000e+00,5.000000000000000000e+00,5.000000000000000000e+00,5.000000000000000000e+00,5.000000000000000000e+00,5.000000000000000000e+00,4.877525806427001953e+00,4.738835334777832031e+00,4.607813835144042969e+00,4.483842849731445312e+00,4.366367340087890625e+00,4.254890441894531250e+00,4.148963928222656250e+00,4.048183917999267578e+00,3.952183246612548828e+00,3.860630512237548828e+00,3.773223400115966797e+00,3.689686775207519531e+00,3.609768629074096680e+00,3.533239364624023438e+00,3.459887504577636719e+00,3.389519453048706055e+00,3.321956634521484375e+00,3.257034540176391602e+00,3.194601535797119141e+00,3.134516954421997070e+00,3.076650619506835938e+00,3.020882368087768555e+00,2.967099666595458984e+00,2.915198802947998047e+00,2.865082025527954102e+00,2.816659688949584961e+00,2.769846677780151367e+00,2.724564313888549805e+00,2.680738687515258789e+00,2.638300895690917969e+00,2.597185611724853516e+00,2.557332038879394531e+00,2.518683195114135742e+00,2.481185197830200195e+00,2.444787263870239258e+00,2.409441947937011719e+00,2.375103950500488281e+00,2.341730833053588867e+00,2.309282779693603516e+00,2.277721405029296875e+00,2.247011423110961914e+00,2.217118501663208008e+00,2.188010215759277344e+00,2.159656524658203125e+00,2.132028341293334961e+00,2.105098009109497070e+00,2.078839540481567383e+00,2.053228139877319336e+00,2.028239965438842773e+00,2.003852844238281250e+00,1.980045199394226074e+00,1.956796526908874512e+00,1.934087634086608887e+00,1.911899685859680176e+00,1.890215039253234863e+00,1.869016766548156738e+00,1.848288655281066895e+00,1.828015327453613281e+00,1.808181881904602051e+00,1.788774251937866211e+00,1.769778728485107422e+00,1.751182556152343750e+00,1.732972979545593262e+00,1.715138196945190430e+00,1.697666764259338379e+00,1.680547833442687988e+00
5.000000000000000000e+00,5.000000000000000000e+00,5.000000000000000000e+00,5.000000000000000000e+00,5.000000000000000000e+00,5.000000000000000000e+00,5.000000000000000000e+00,5.000000000000000000e+00,5.000000000000000000e+00,5.000000000000000000e+00,5.000000000000000000e+00,5.000000000000000000e+00,5.000000000000000000e+00,5.000000000000000000e+00,4.877593994140625000e+00,4.738899707794189453e+00,4.607874393463134766e+00,4.483900070190429688e+00,4.366421699523925781e+00,4.254942417144775391e+00,4.149013519287109375e+00,4.048230648040771484e+00,3.952228069305419922e+00,3.860673189163208008e+00,3.773264169692993164e+00,3.689725637435913086e+00,3.609806060791015625e+00,3.533274888992309570e+00,3.459921836853027344e+00,3.389552354812622070e+00,3.321988105773925781e+00,3.257064819335937500e+00,3.194630622863769531e+00,3.134545087814331055e+00,3.076677799224853516e+00,3.020908355712890625e+00,2.967124938964843750e+00,2.915223121643066406e+00,2.865105628967285156e+00,2.816682338714599609e+00,2.769868612289428711e+00,2.724585533142089844e+00,2.680759429931640625e+00,2.638320684432983398e+00,2.597204923629760742e+00,2.557350873947143555e+00,2.518701314926147461e+00,2.481202840805053711e+00,2.444804430007934570e+00,2.409458398818969727e+00,2.375120162963867188e+00,2.341746568679809570e+00,2.309298038482666016e+00,2.277736425399780273e+00,2.247025966644287109e+00,2.217132568359375000e+00,2.188023805618286133e+00,2.159669876098632812e+00,2.132041215896606445e+00,2.105110645294189453e+00,2.078851938247680664e+00,2.053240060806274414e+00,2.028251886367797852e+00,2.003864288330078125e+00,1.980056405067443848e+00,1.956807494163513184e+00,1.934098362922668457e+00,1.911910176277160645e+00,1.890225291252136230e+00,1.869026780128479004e+00,1.848298430442810059e+00,1.828024864196777344e+00,1.808191299438476562e+00,1.788783431053161621e+00,1.769787669181823730e+00,1.751191258430480957e+00,1.732981562614440918e+00,1.715146660804748535e+00,1.697674989700317383e+00,1.680555820465087891e+00
5.000000000000000000e+00,5.000000000000000000e+00,5.000000000000000000e+00,5.000000000000000000e+00,5.000000000000000000e+00,5.000000000000000000e+00,5.000000000000000000e+00,5.000000000000000000e+00,5.000000000000000000e+00,5.000000000000000000e+00,5.000000000000000000e+00,5.000000000000000000e+00,5.000000000000000000e+00,5.000000000000000000e+00,4.877662181854248047e+00,4.738963603973388672e+00,4.607935428619384766e+00,4.483957767486572266e+00,4.366476535797119141e+00,4.254993915557861328e+00,4.149062633514404297e+00,4.048277378082275391e+00,3.952272653579711914e+00,3.860715866088867188e+00,3.773304939270019531e+00,3.689764499664306641e+00,3.609843254089355469e+00,3.533310651779174805e+00,3.459956169128417969e+00,3.389585256576538086e+00,3.322019815444946289e+00,3.257095336914062500e+00,3.194659948348999023e+00,3.134573221206665039e+00,3.076704740524291992e+00,3.020934581756591797e+00,2.967149972915649414e+00,2.915247440338134766e+00,2.865128993988037109e+00,2.816704988479614258e+00,2.769890546798706055e+00,2.724606752395629883e+00,2.680779933929443359e+00,2.638340711593627930e+00,2.597223997116088867e+00,2.557369470596313477e+00,2.518719434738159180e+00,2.481220483779907227e+00,2.444821596145629883e+00,2.409475088119506836e+00,2.375136137008666992e+00,2.341762304306030273e+00,2.309313297271728516e+00,2.277751207351684570e+00,2.247040271759033203e+00,2.217146635055541992e+00,2.188037633895874023e+00,2.159683227539062500e+00,2.132054328918457031e+00,2.105123281478881836e+00,2.078864336013793945e+00,2.053252220153808594e+00,2.028263568878173828e+00,2.003875732421875000e+00,1.980067610740661621e+00,1.956818461418151855e+00,1.934109091758728027e+00,1.911920547485351562e+00,1.890235543251037598e+00,1.869036793708801270e+00,1.848308205604553223e+00,1.828034520149230957e+00,1.808200597763061523e+00,1.788792610168457031e+00,1.769796609878540039e+00,1.751200079917907715e+00,1.732990145683288574e+00,1.715155005455017090e+00,1.697683215141296387e+00,1.680563926696777344e+00
5.000000000000000000e+00,5.000000000000000000e+00,5.000000000000000000e+00,5.000000000000000000e+00,5.000000000000000000e+00,5.000000000000000000e+00,5.000000000000000000e+00,5.000000000000000000e+00,5.000000000000000000e+00,5.000000000000000000e+00,5.000000000000000000e+00,5.000000000000000000e+00,5.000000000000000000e+00,5.000000000000000000e+00,4.877727031707763672e+00,4.739025592803955078e+00,4.607993602752685547e+00,4.484013557434082031e+00,4.366529464721679688e+00,4.255044460296630859e+00,4.149110794067382812e+00,4.048323631286621094e+00,3.952317476272583008e+00,3.860758543014526367e+00,3.773345708847045898e+00,3.689803600311279297e+00,3.609880447387695312e+00,3.533346414566040039e+00,3.459990262985229492e+00,3.389617919921875000e+00,3.322051286697387695e+00,3.257125616073608398e+00,3.194689035415649414e+00,3.134601116180419922e+00,3.076731920242309570e+00,3.020960569381713867e+00,2.967175245285034180e+00,2.915271759033203125e+00,2.865152597427368164e+00,2.816727638244628906e+00,2.769912481307983398e+00,2.724627971649169922e+00,2.680800437927246094e+00,2.638360500335693359e+00,2.597243309020996094e+00,2.557388305664062500e+00,2.518737554550170898e+00,2.481238126754760742e+00,2.444838762283325195e+00,2.409491777420043945e+00,2.375152349472045898e+00,2.341778039932250977e+00,2.309328556060791016e+00,2.277765989303588867e+00,2.247054815292358398e+00,2.217160701751708984e+00,2.188051462173461914e+00,2.159696578979492188e+00,2.132067203521728516e+00,2.105136156082153320e+00,2.078876733779907227e+00,2.053264379501342773e+00,2.028275251388549805e+00,2.003887176513671875e+00,1.980078935623168945e+00,1.956829428672790527e+00,1.934119701385498047e+00,1.911931037902832031e+00,1.890245676040649414e+00,1.869046807289123535e+00,1.848317980766296387e+00,1.828044056892395020e+00,1.808210015296936035e+00,1.788801670074462891e+00,1.769805669784545898e+00,1.751208782196044922e+00,1.732998728752136230e+00,1.715163469314575195e+00,1.697691559791564941e+00,1.680572032928466797e+00
5.000000000000000000e+00,5.000000000000000000e+00,5.000000000000000000e+00,5.000000000000000000e+00,5.000000000000000000e+00,5.000000000000000000e+00,5.000000000000000000e+00,5.000000000000000000e+00,5.000000000000000000e+00,5.000000000000000000e+00,5.000000000000000000e+00,5.000000000000000000e+00,5.000000000000000000e+00,5.000000000000000000e+00,4.877792358398437500e+00,4.739087104797363281e+00,4.608052253723144531e+00,4.484068870544433594e+00,4.366582393646240234e+00,4.255094528198242188e+00,4.149158477783203125e+00,4.048368930816650391e+00,3.952360153198242188e+00,3.860799312591552734e+00,3.773385047912597656e+00,3.689841270446777344e+00,3.609916687011718750e+00,3.533381462097167969e+00,3.460023880004882812e+00,3.389650583267211914e+00,3.322082519531250000e+00,3.257155895233154297e+00,3.194718360900878906e+00,3.134629249572753906e+00,3.076759099960327148e+00,3.020986795425415039e+00,2.967200517654418945e+00,2.915296077728271484e+00,2.865175962448120117e+00,2.816750288009643555e+00,2.769934415817260742e+00,2.724649190902709961e+00,2.680820941925048828e+00,2.638380527496337891e+00,2.597262620925903320e+00,2.557406902313232422e+00,2.518755912780761719e+00,2.481255769729614258e+00,2.444855690002441406e+00,2.409508228302001953e+00,2.375168561935424805e+00,2.341793537139892578e+00,2.309343814849853516e+00,2.277780771255493164e+00,2.247069120407104492e+00,2.217174768447875977e+00,2.188065052032470703e+00,2.159709930419921875e+00,2.132080316543579102e+00,2.105148792266845703e+00,2.078888893127441406e+00,2.053276300430297852e+00,2.028287172317504883e+00,2.003898859024047852e+00,1.980090141296386719e+00,1.956840395927429199e+00,1.934130430221557617e+00,1.911941528320312500e+00,1.890255928039550781e+00,1.869056820869445801e+00,1.848327755928039551e+00,1.828053593635559082e+00,1.808219313621520996e+00,1.788810849189758301e+00,1.769814610481262207e+00,1.751217603683471680e+00,1.733007311820983887e+00,1.715171933174133301e+00,1.697699785232543945e+00,1.680580139160156250e+00
5.000000000000000000e+00,5.000000000000000000e+00,5.000000000000000000e+00,5.000000000000000000e+00,5.000000000000000000e+00,5.000000000000000000e+00,5.000000000000000000e+00,5.000000000000000000e+00,5.000000000000000000e+00,5.000000000000000000e+00,5.000000000000000000e+00,5.000000000000000000e+00,5.000000000000000000e+00,5.000000000000000000e+00,4.877858161926269531e+00,4.739149093627929688e+00,4.608110904693603516e+00,4.484124183654785156e+00,4.366634845733642578e+00,4.255144596099853516e+00,4.149205684661865234e+00,4.048414230346679688e+00,3.952403068542480469e+00,3.860840797424316406e+00,3.773424148559570312e+00,3.689878940582275391e+00,3.609952926635742188e+00,3.533415555953979492e+00,3.460057020187377930e+00,3.389682054519653320e+00,3.322113037109375000e+00,3.257184982299804688e+00,3.194746255874633789e+00,3.134656667709350586e+00,3.076785326004028320e+00,3.021012306213378906e+00,2.967225074768066406e+00,2.915319681167602539e+00,2.865199327468872070e+00,2.816772937774658203e+00,2.769956350326538086e+00,2.724670648574829102e+00,2.680841445922851562e+00,2.638400554656982422e+00,2.597281932830810547e+00,2.557425737380981445e+00,2.518774032592773438e+00,2.481273412704467773e+00,2.444872856140136719e+00,2.409524917602539062e+00,2.375184535980224609e+00,2.341809272766113281e+00,2.309359073638916016e+00,2.277795791625976562e+00,2.247083663940429688e+00,2.217188835144042969e+00,2.188078880310058594e+00,2.159723281860351562e+00,2.132093191146850586e+00,2.105161428451538086e+00,2.078901290893554688e+00,2.053288459777832031e+00,2.028298854827880859e+00,2.003910303115844727e+00,1.980101346969604492e+00,1.956851363182067871e+00,1.934141159057617188e+00,1.911951899528503418e+00,1.890266180038452148e+00,1.869066715240478516e+00,1.848337531089782715e+00,1.828063130378723145e+00,1.808228731155395508e+00,1.788820028305053711e+00,1.769823551177978516e+00,1.751226425170898438e+00,1.733015894889831543e+00,1.715180277824401855e+00,1.697708010673522949e+00,1.680588245391845703e+00
5.000000000000000000e+00,5.000000000000000000e+00,5.000000000000000000e+00,5.000000000000000000e+00,5.000000000000000000e+00,5.000000000000000000e+00,5.000000000000000000e+00,5.000000000000000000e+00,5.000000000000000000e+00,5.000000000000000000e+00,5.000000000000000000e+00,5.000000000000000000e+00,5.000000000000000000e+00,5.000000000000000000e+00,4.877923965454101562e+00,4.739211559295654297e+00,4.608169555664062500e+00,4.484179496765136719e+00,4.366687297821044922e+00,4.255194664001464844e+00,4.149253368377685547e+00,4.048459053039550781e+00,3.952446460723876953e+00,3.860881567001342773e+00,3.773463726043701172e+00,3.689916372299194336e+00,3.609988927841186523e+00,3.533450126647949219e+00,3.460089921951293945e+00,3.389714002609252930e+00,3.322143316268920898e+00,3.257214546203613281e+00,3.194774627685546875e+00,3.134683609008789062e+00,3.076811552047729492e+00,3.021037340164184570e+00,2.967249393463134766e+00,2.915343284606933594e+00,2.865221738815307617e+00,2.816794872283935547e+00,2.769977569580078125e+00,2.724691152572631836e+00,2.680861473083496094e+00,2.638419628143310547e+00,2.597301006317138672e+00,2.557444095611572266e+00,2.518791913986206055e+00,2.481290817260742188e+00,2.444889783859252930e+00,2.409541606903076172e+00,2.375200748443603516e+00,2.341825008392333984e+00,2.309374332427978516e+00,2.277810573577880859e+00,2.247098207473754883e+00,2.217202663421630859e+00,2.188092470169067383e+00,2.159736633300781250e+00,2.132106304168701172e+00,2.105174064636230469e+00,2.078913688659667969e+00,2.053300380706787109e+00,2.028310537338256836e+00,2.003921747207641602e+00,1.980112552642822266e+00,1.956862330436706543e+00,1.934151887893676758e+00,1.911962389945983887e+00,1.890276432037353516e+00,1.869076728820800781e+00,1.848347306251525879e+00,1.828072667121887207e+00,1.808238029479980469e+00,1.788829207420349121e+00,1.769832491874694824e+00,1.751235127449035645e+00,1.733024477958679199e+00,1.715188741683959961e+00,1.697716236114501953e+00,1.680596232414245605e+00
5.000000000000000000e+00,5.000000000000000000e+00,5.000000000000000000e+00,5.000000000000000000e+00,5.000000000000000000e+00,5.000000000000000000e+00,5.000000000000000000e+00,5.000000000000000000e+00,5.000000000000000000e+00,5.000000000000000000e+00,5.000000000000000000e+00,5.000000000000000000e+00,5.000000000000000000e+00,5.000000000000000000e+00,4.877989768981933594e+00,4.739273548126220703e+00,4.608228206634521484e+00,4.484235286712646484e+00,4.366739749908447266e+00,4.255244255065917969e+00,4.149301052093505859e+00,4.048504829406738281e+00,3.952489137649536133e+00,3.860923051834106445e+00,3.773502826690673828e+00,3.689954042434692383e+00,3.610024690628051758e+00,3.533484935760498047e+00,3.460123062133789062e+00,3.389745473861694336e+00,3.322174072265625000e+00,3.257243633270263672e+00,3.194802761077880859e+00,3.134710788726806641e+00,3.076837539672851562e+00,3.021062612533569336e+00,2.967273712158203125e+00,2.915366888046264648e+00,2.865244626998901367e+00,2.816816568374633789e+00,2.769998788833618164e+00,2.724711418151855469e+00,2.680881500244140625e+00,2.638438940048217773e+00,2.597319364547729492e+00,2.557462215423583984e+00,2.518809318542480469e+00,2.481307744979858398e+00,2.444906473159790039e+00,2.409557580947875977e+00,2.375216484069824219e+00,2.341840267181396484e+00,2.309389114379882812e+00,2.277825117111206055e+00,2.247112274169921875e+00,2.217216730117797852e+00,2.188106060028076172e+00,2.159749984741210938e+00,2.132119417190551758e+00,2.105186700820922852e+00,2.078926086425781250e+00,2.053312540054321289e+00,2.028322458267211914e+00,2.003933191299438477e+00,1.980123758316040039e+00,1.956873297691345215e+00,1.934162497520446777e+00,1.911972880363464355e+00,1.890286564826965332e+00,1.869086742401123047e+00,1.848357081413269043e+00,1.828082323074340820e+00,1.808247447013854980e+00,1.788838386535644531e+00,1.769841432571411133e+00,1.751243948936462402e+00,1.733033061027526855e+00,1.715197086334228516e+00,1.697724461555480957e+00,1.680604338645935059e+00
5.000000000000000000e+00,5.000000000000000000e+00,5.000000000000000000e+00,5.000000000000000000e+00,5.000000000000000000e+00,5.000000000000000000e+00,5.000000000000000000e+00,5.000000000000000000e+00,5.000000000000000000e+00,5.000000000000000000e+00,5.000000000000000000e+00,5.000000000000000000e+00,5.000000000000000000e+00,5.000000000000000000e+00,4.878055095672607422e+00,4.739335536956787109e+00,4.608286857604980469e+00,4.484290599822998047e+00,4.366792201995849609e+00,4.255294322967529297e+00,4.149348258972167969e+00,4.048549652099609375e+00,3.952532529830932617e+00,3.860963821411132812e+00,3.773542165756225586e+00,3.689991474151611328e+00,3.610060691833496094e+00,3.533519029617309570e+00,3.460156202316284180e+00,3.389777183532714844e+00,3.322204351425170898e+00,3.257272958755493164e+00,3.194830894470214844e+00,3.134737968444824219e+00,3.076863765716552734e+00,3.021087646484375000e+00,2.967298030853271484e+00,2.915390253067016602e+00,2.865267276763916016e+00,2.816838502883911133e+00,2.770019769668579102e+00,2.724732160568237305e+00,2.680901050567626953e+00,2.638458251953125000e+00,2.597338199615478516e+00,2.557480096817016602e+00,2.518826961517333984e+00,2.481324672698974609e+00,2.444922924041748047e+00,2.409573554992675781e+00,2.375231981277465820e+00,2.341855525970458984e+00,2.309403896331787109e+00,2.277839422225952148e+00,2.247126340866088867e+00,2.217230081558227539e+00,2.188119173049926758e+00,2.159762859344482422e+00,2.132131814956665039e+00,2.105199098587036133e+00,2.078938245773315430e+00,2.053324460983276367e+00,2.028333902359008789e+00,2.003944635391235352e+00,1.980134963989257812e+00,1.956884264945983887e+00,1.934173226356506348e+00,1.911983370780944824e+00,1.890296816825866699e+00,1.869096755981445312e+00,1.848366856575012207e+00,1.828091859817504883e+00,1.808256745338439941e+00,1.788847446441650391e+00,1.769850373268127441e+00,1.751252651214599609e+00,1.733041644096374512e+00,1.715205550193786621e+00,1.697732806205749512e+00,1.680612444877624512e+00
5.000000000000000000e+00,5.000000000000000000e+00,5.000000000000000000e+00,5.000000000000000000e+00,5.000000000000000000e+00,5.000000000000000000e+00,5.000000000000000000e+00,5.000000000000000000e+00,5.000000000000000000e+00,5.000000000000000000e+00,5.000000000000000000e+00,5.000000000000000000e+00,5.000000000000000000e+00,5.000000000000000000e+00,4.878120899200439453e+00,4.739397048950195312e+00,4.608345508575439453e+00,4.484346389770507812e+00,4.366845130920410156e+00,4.255344390869140625e+00,4.149395942687988281e+00,4.048594951629638672e+00,3.952575683593750000e+00,3.861005067825317383e+00,3.773581266403198242e+00,3.690029144287109375e+00,3.610096454620361328e+00,3.533553600311279297e+00,3.460189104080200195e+00,3.389809131622314453e+00,3.322234869003295898e+00,3.257302045822143555e+00,3.194859027862548828e+00,3.134764909744262695e+00,3.076889991760253906e+00,3.021112918853759766e+00,2.967322111129760742e+00,2.915413856506347656e+00,2.865289926528930664e+00,2.816860675811767578e+00,2.770040988922119141e+00,2.724752426147460938e+00,2.680921077728271484e+00,2.638477325439453125e+00,2.597356796264648438e+00,2.557498216629028320e+00,2.518844366073608398e+00,2.481341838836669922e+00,2.444939374923706055e+00,2.409589767456054688e+00,2.375247478485107422e+00,2.341870546340942383e+00,2.309418678283691406e+00,2.277853727340698242e+00,2.247140169143676758e+00,2.217243909835815430e+00,2.188132524490356445e+00,2.159775733947753906e+00,2.132144451141357422e+00,2.105211257934570312e+00,2.078950166702270508e+00,2.053336143493652344e+00,2.028345346450805664e+00,2.003955602645874023e+00,1.980145692825317383e+00,1.956894755363464355e+00,1.934183716773986816e+00,1.911993622779846191e+00,1.890306830406188965e+00,1.869106531143188477e+00,1.848376393318176270e+00,1.828101396560668945e+00,1.808266162872314453e+00,1.788856625556945801e+00,1.769859433174133301e+00,1.751261472702026367e+00,1.733050227165222168e+00,1.715214014053344727e+00,1.697741031646728516e+00,1.680620551109313965e+00
5.000000000000000000e+00,5.000000000000000000e+00,5.000000000000000000e+00,5.000000000000000000e+00,5.000000000000000000e+00,5.000000000000000000e+00,5.000000000000000000e+00,5.000000000000000000e+00,5.000000000000000000e+00,5.000000000000000000e+00,5.000000000000000000e+00,5.000000000000000000e+00,5.000000000000000000e+00,5.000000000000000000e+00,4.878186702728271484e+00,4.739459037780761719e+00,4.608403682708740234e+00,4.484401702880859375e+00,4.366898059844970703e+00,4.255394458770751953e+00,4.149443149566650391e+00,4.048640251159667969e+00,3.952618598937988281e+00,3.861046552658081055e+00,3.773620605468750000e+00,3.690066576004028320e+00,3.610132694244384766e+00,3.533587932586669922e+00,3.460222244262695312e+00,3.389840602874755859e+00,3.322265386581420898e+00,3.257331371307373047e+00,3.194887161254882812e+00,3.134792089462280273e+00,3.076915979385375977e+00,3.021138191223144531e+00,2.967346668243408203e+00,2.915436983108520508e+00,2.865312576293945312e+00,2.816882371902465820e+00,2.770062208175659180e+00,2.724772930145263672e+00,2.680940628051757812e+00,2.638496637344360352e+00,2.597375392913818359e+00,2.557516336441040039e+00,2.518861770629882812e+00,2.481358766555786133e+00,2.444955825805664062e+00,2.409605503082275391e+00,2.375263214111328125e+00,2.341885566711425781e+00,2.309433221817016602e+00,2.277868032455444336e+00,2.247153997421264648e+00,2.217257499694824219e+00,2.188145637512207031e+00,2.159788370132446289e+00,2.132157087326049805e+00,2.105223417282104492e+00,2.078962087631225586e+00,2.053347587585449219e+00,2.028356790542602539e+00,2.003966808319091797e+00,1.980156421661376953e+00,1.956905484199523926e+00,1.934193968772888184e+00,1.912003636360168457e+00,1.890316605567932129e+00,1.869116187095642090e+00,1.848386049270629883e+00,1.828110575675964355e+00,1.808275103569030762e+00,1.788865447044372559e+00,1.769868016242980957e+00,1.751270055770874023e+00,1.733058691024780273e+00,1.715222239494323730e+00,1.697749018669128418e+00,1.680628418922424316e+00
5.000000000000000000e+00,5.000000000000000000e+00,5.000000000000000000e+00,5.000000000000000000e+00,5.000000000000000000e+00,5.000000000000000000e+00,5.000000000000000000e+00,5.000000000000000000e+00,5.000000000000000000e+00,5.000000000000000000e+00,5.000000000000000000e+00,5.000000000000000000e+00,5.000000000000000000e+00,5.000000000000000000e+00,4.878252506256103516e+00,4.739521026611328125e+00,4.608462333679199219e+00,4.484457015991210938e+00,4.366950511932373047e+00,4.255444526672363281e+00,4.149490833282470703e+00,4.048685550689697266e+00,3.952661991119384766e+00,3.861087322235107422e+00,3.773660182952880859e+00,3.690104246139526367e+00,3.610168457031250000e+00,3.533622503280639648e+00,3.460255146026611328e+00,3.389872550964355469e+00,3.322295665740966797e+00,3.257360458374023438e+00,3.194915294647216797e+00,3.134819030761718750e+00,3.076942205429077148e+00,3.021163225173950195e+00,2.967370986938476562e+00,2.915460586547851562e+00,2.865334987640380859e+00,2.816904306411743164e+00,2.770083427429199219e+00,2.724793672561645508e+00,2.680960655212402344e+00,2.638515710830688477e+00,2.597393989562988281e+00,2.557534217834472656e+00,2.518879413604736328e+00,2.481375694274902344e+00,2.444972276687622070e+00,2.409621715545654297e+00,2.375278711318969727e+00,2.341900825500488281e+00,2.309448003768920898e+00,2.277882337570190430e+00,2.247168064117431641e+00,2.217270851135253906e+00,2.188158988952636719e+00,2.159801483154296875e+00,2.132169485092163086e+00,2.105235815048217773e+00,2.078974008560180664e+00,2.053359270095825195e+00,2.028367996215820312e+00,2.003977775573730469e+00,1.980167508125305176e+00,1.956915974617004395e+00,1.934204220771789551e+00,1.912013649940490723e+00,1.890326619148254395e+00,1.869125962257385254e+00,1.848395347595214844e+00,1.828119754791259766e+00,1.808284044265747070e+00,1.788874387741088867e+00,1.769876718521118164e+00,1.751278519630432129e+00,1.733066916465759277e+00,1.715230345726013184e+00,1.697757124900817871e+00,1.680636405944824219e+00
5.000000000000000000e+00,5.000000000000000000e+00,5.000000000000000000e+00,5.000000000000000000e+00,5.000000000000000000e+00,5.000000000000000000e+00,5.000000000000000000e+00,5.000000000000000000e+00,5.000000000000000000e+00,5.000000000000000000e+00,5.000000000000000000e+00,5.000000000000000000e+00,5.000000000000000000e+00,5.000000000000000000e+00,4.878317832946777344e+00,4.739583492279052734e+00,4.608520984649658203e+00,4.484512805938720703e+00,4.367002964019775391e+00,4.255494117736816406e+00,4.149538516998291016e+00,4.048730850219726562e+00,3.952704668045043945e+00,3.861128568649291992e+00,3.773699283599853516e+00,3.690141916275024414e+00,3.610204458236694336e+00,3.533656835556030273e+00,3.460288286209106445e+00,3.389904022216796875e+00,3.322326183319091797e+00,3.257390022277832031e+00,3.194943428039550781e+00,3.134846448898315430e+00,3.076968193054199219e+00,3.021188497543334961e+00,2.967395067214965820e+00,2.915484189987182617e+00,2.865357875823974609e+00,2.816926002502441406e+00,2.770104646682739258e+00,2.724813938140869141e+00,2.680980682373046875e+00,2.638535022735595703e+00,2.597412586212158203e+00,2.557552337646484375e+00,2.518896818161010742e+00,2.481392860412597656e+00,2.444988727569580078e+00,2.409637689590454102e+00,2.375294208526611328e+00,2.341915845870971680e+00,2.309462785720825195e+00,2.277896642684936523e+00,2.247181892395019531e+00,2.217284440994262695e+00,2.188172101974487305e+00,2.159814357757568359e+00,2.132182121276855469e+00,2.105247974395751953e+00,2.078985929489135742e+00,2.053370952606201172e+00,2.028379440307617188e+00,2.003988981246948242e+00,1.980178236961364746e+00,1.956926465034484863e+00,1.934214472770690918e+00,1.912023901939392090e+00,1.890336394309997559e+00,1.869135499000549316e+00,1.848404765129089355e+00,1.828128933906555176e+00,1.808293223381042480e+00,1.788883209228515625e+00,1.769885301589965820e+00,1.751286864280700684e+00,1.733075141906738281e+00,1.715238571166992188e+00,1.697764992713928223e+00,1.680644035339355469e+00
5.000000000000000000e+00,5.000000000000000000e+00,5.000000000000000000e+00,5.000000000000000000e+00,5.000000000000000000e+00,5.000000000000000000e+00,5.000000000000000000e+00,5.000000000000000000e+00,5.000000000000000000e+00,5.000000000000000000e+00,5.000000000000000000e+00,5.000000000000000000e+00,5.000000000000000000e+00,5.000000000000000000e+00,4.878383636474609375e+00,4.739645481109619141e+00,4.608580112457275391e+00,4.484568119049072266e+00,4.367055416107177734e+00,4.255544185638427734e+00,4.149585723876953125e+00,4.048776149749755859e+00,3.952748060226440430e+00,3.861169576644897461e+00,3.773738622665405273e+00,3.690179347991943359e+00,3.610240697860717773e+00,3.533691406250000000e+00,3.460321187973022461e+00,3.389935731887817383e+00,3.322356462478637695e+00,3.257419347763061523e+00,3.194971561431884766e+00,3.134873390197753906e+00,3.076994419097900391e+00,3.021213531494140625e+00,2.967419624328613281e+00,2.915507555007934570e+00,2.865380525588989258e+00,2.816948175430297852e+00,2.770125627517700195e+00,2.724834442138671875e+00,2.681000232696533203e+00,2.638554334640502930e+00,2.597431182861328125e+00,2.557570219039916992e+00,2.518914461135864258e+00,2.481409549713134766e+00,2.445005416870117188e+00,2.409653663635253906e+00,2.375309705734252930e+00,2.341931104660034180e+00,2.309477329254150391e+00,2.277910947799682617e+00,2.247195959091186523e+00,2.217298030853271484e+00,2.188185453414916992e+00,2.159826993942260742e+00,2.132194757461547852e+00,2.105260133743286133e+00,2.078997611999511719e+00,2.053382635116577148e+00,2.028390645980834961e+00,2.003999948501586914e+00,1.980188965797424316e+00,1.956936955451965332e+00,1.934224963188171387e+00,1.912033915519714355e+00,1.890346288681030273e+00,1.869145035743713379e+00,1.848414301872253418e+00,1.828138232231140137e+00,1.808302164077758789e+00,1.788891911506652832e+00,1.769893884658813477e+00,1.751295447349548340e+00,1.733083605766296387e+00,1.715246558189392090e+00,1.697772979736328125e+00,1.680651783943176270e+00
5.000000000000000000e+00,5.000000000000000000e+00,5.000000000000000000e+00,5.000000000000000000e+00,5.000000000000000000e+00,5.000000000000000000e+00,5.000000000000000000e+00,5.000000000000000000e+00,5.000000000000000000e+00,5.000000000000000000e+00,5.000000000000000000e+00,5.000000000000000000e+00,5.000000000000000000e+00,5.000000000000000000e+00,4.878448963165283203e+00,4.739706993103027344e+00,4.608638286590576172e+00,4.484623908996582031e+00,4.367108345031738281e+00,4.255594253540039062e+00,4.149633407592773438e+00,4.048820972442626953e+00,3.952791452407836914e+00,3.861210823059082031e+00,3.773777723312377930e+00,3.690217018127441406e+00,3.610276460647583008e+00,3.533725976943969727e+00,3.460354328155517578e+00,3.389967441558837891e+00,3.322387218475341797e+00,3.257448434829711914e+00,3.194999933242797852e+00,3.134900569915771484e+00,3.077020406723022461e+00,3.021238803863525391e+00,2.967443704605102539e+00,2.915530920028686523e+00,2.865403175354003906e+00,2.816970109939575195e+00,2.770146846771240234e+00,2.724854946136474609e+00,2.681020259857177734e+00,2.638573408126831055e+00,2.597449779510498047e+00,2.557588338851928711e+00,2.518931865692138672e+00,2.481426715850830078e+00,2.445021867752075195e+00,2.409669876098632812e+00,2.375325441360473633e+00,2.341946125030517578e+00,2.309492111206054688e+00,2.277925252914428711e+00,2.247210025787353516e+00,2.217311620712280273e+00,2.188198566436767578e+00,2.159840106964111328e+00,2.132207155227661133e+00,2.105272531509399414e+00,2.079009771347045898e+00,2.053394079208374023e+00,2.028402090072631836e+00,2.004010915756225586e+00,1.980199933052062988e+00,1.956947684288024902e+00,1.934235215187072754e+00,1.912043929100036621e+00,1.890356063842773438e+00,1.869154810905456543e+00,1.848423719406127930e+00,1.828147411346435547e+00,1.808311104774475098e+00,1.788900732994079590e+00,1.769902706146240234e+00,1.751303911209106445e+00,1.733091831207275391e+00,1.715254664421081543e+00,1.697780847549438477e+00,1.680659770965576172e+00
5.000000000000000000e+00,5.000000000000000000e+00,5.000000000000000000e+00,5.000000000000000000e+00,5.000000000000000000e+00,5.000000000000000000e+00,5.000000000000000000e+00,5.000000000000000000e+00,5.000000000000000000e+00,5.000000000000000000e+00,5.000000000000000000e+00,5.000000000000000000e+00,5.000000000000000000e+00,5.000000000000000000e+00,4.878514766693115234e+00,4.739768981933593750e+00,4.608696937561035156e+00,4.484679222106933594e+00,4.367160797119140625e+00,4.255644321441650391e+00,4.149681091308593750e+00,4.048866271972656250e+00,3.952834129333496094e+00,3.861252069473266602e+00,3.773817300796508789e+00,3.690254449844360352e+00,3.610312461853027344e+00,3.533760070800781250e+00,3.460387468338012695e+00,3.389999151229858398e+00,3.322417497634887695e+00,3.257477760314941406e+00,3.195027828216552734e+00,3.134927749633789062e+00,3.077046632766723633e+00,3.021263837814331055e+00,2.967468023300170898e+00,2.915554285049438477e+00,2.865425825119018555e+00,2.816991806030273438e+00,2.770168304443359375e+00,2.724875450134277344e+00,2.681039810180664062e+00,2.638592720031738281e+00,2.597468376159667969e+00,2.557606458663940430e+00,2.518949508666992188e+00,2.481443643569946289e+00,2.445038318634033203e+00,2.409685611724853516e+00,2.375340938568115234e+00,2.341961383819580078e+00,2.309506893157958984e+00,2.277939558029174805e+00,2.247223854064941406e+00,2.217325210571289062e+00,2.188211679458618164e+00,2.159852743148803711e+00,2.132219791412353516e+00,2.105284690856933594e+00,2.079021692276000977e+00,2.053405761718750000e+00,2.028413295745849609e+00,2.004022121429443359e+00,1.980210661888122559e+00,1.956958174705505371e+00,1.934245467185974121e+00,1.912053942680358887e+00,1.890366077423095703e+00,1.869164466857910156e+00,1.848433017730712891e+00,1.828156590461730957e+00,1.808320283889770508e+00,1.788909673690795898e+00,1.769911289215087891e+00,1.751312255859375000e+00,1.733100056648254395e+00,1.715262889862060547e+00,1.697788953781127930e+00,1.680667519569396973e+00
5.000000000000000000e+00,5.000000000000000000e+00,5.000000000000000000e+00,5.000000000000000000e+00,5.000000000000000000e+00,5.000000000000000000e+00,5.000000000000000000e+00,5.000000000000000000e+00,5.000000000000000000e+00,5.000000000000000000e+00,5.000000000000000000e+00,5.000000000000000000e+00,5.000000000000000000e+00,5.000000000000000000e+00,4.878580570220947266e+00,4.739830970764160156e+00,4.608755588531494141e+00,4.484734535217285156e+00,4.367213726043701172e+00,4.255694389343261719e+00,4.149728298187255859e+00,4.048911571502685547e+00,3.952877521514892578e+00,3.861293077468872070e+00,3.773856639862060547e+00,3.690292119979858398e+00,3.610348224639892578e+00,3.533794879913330078e+00,3.460420370101928711e+00,3.390031099319458008e+00,3.322448015213012695e+00,3.257507085800170898e+00,3.195056200027465820e+00,3.134954690933227539e+00,3.077072858810424805e+00,3.021289110183715820e+00,2.967492341995239258e+00,2.915577888488769531e+00,2.865448474884033203e+00,2.817013740539550781e+00,2.770189285278320312e+00,2.724895954132080078e+00,2.681059837341308594e+00,2.638611793518066406e+00,2.597486972808837891e+00,2.557624578475952148e+00,2.518966913223266602e+00,2.481460571289062500e+00,2.445054769515991211e+00,2.409701824188232422e+00,2.375356435775756836e+00,2.341976642608642578e+00,2.309521675109863281e+00,2.277953863143920898e+00,2.247237682342529297e+00,2.217338800430297852e+00,2.188225030899047852e+00,2.159865856170654297e+00,2.132232189178466797e+00,2.105296850204467773e+00,2.079033613204956055e+00,2.053417444229125977e+00,2.028424739837646484e+00,2.004033088684082031e+00,1.980221390724182129e+00,1.956968665122985840e+00,1.934255957603454590e+00,1.912064194679260254e+00,1.890375852584838867e+00,1.869174003601074219e+00,1.848442435264587402e+00,1.828165888786315918e+00,1.808329224586486816e+00,1.788918495178222656e+00,1.769919872283935547e+00,1.751320719718933105e+00,1.733108401298522949e+00,1.715270996093750000e+00,1.697796821594238281e+00,1.680675268173217773e+00
5.000000000000000000e+00,5.000000000000000000e+00,5.000000000000000000e+00,5.000000000000000000e+00,5.000000000000000000e+00,5.000000000000000000e+00,5.000000000000000000e+00,5.000000000000000000e+00,5.000000000000000000e+00,5.000000000000000000e+00,5.000000000000000000e+00,5.000000000000000000e+00,5.000000000000000000e+00,5.000000000000000000e+00,4.878646373748779297e+00,4.739893436431884766e+00,4.608814239501953125e+00,4.484790325164794922e+00,4.367266178131103516e+00,4.255744457244873047e+00,4.149775981903076172e+00,4.048956871032714844e+00,3.952920436859130859e+00,3.861334323883056641e+00,3.773895740509033203e+00,3.690329790115356445e+00,3.610384225845336914e+00,3.533828973770141602e+00,3.460453510284423828e+00,3.390062570571899414e+00,3.322478532791137695e+00,3.257536411285400391e+00,3.195084333419799805e+00,3.134981870651245117e+00,3.077098846435546875e+00,3.021314620971679688e+00,2.967516660690307617e+00,2.915601253509521484e+00,2.865471124649047852e+00,2.817035675048828125e+00,2.770210504531860352e+00,2.724916458129882812e+00,2.681079864501953125e+00,2.638631105422973633e+00,2.597505569458007812e+00,2.557642698287963867e+00,2.518984317779541016e+00,2.481477737426757812e+00,2.445071220397949219e+00,2.409717798233032227e+00,2.375372171401977539e+00,2.341991662979125977e+00,2.309536457061767578e+00,2.277968168258666992e+00,2.247251510620117188e+00,2.217352390289306641e+00,2.188238143920898438e+00,2.159878730773925781e+00,2.132244825363159180e+00,2.105309009552001953e+00,2.079045534133911133e+00,2.053429126739501953e+00,2.028436183929443359e+00,2.004044294357299805e+00,1.980232238769531250e+00,1.956979393959045410e+00,1.934266209602355957e+00,1.912074208259582520e+00,1.890385627746582031e+00,1.869183540344238281e+00,1.848451972007751465e+00,1.828175067901611328e+00,1.808338284492492676e+00,1.788927197456359863e+00,1.769928693771362305e+00,1.751329302787780762e+00,1.733116745948791504e+00,1.715278983116149902e+00,1.697804689407348633e+00,1.680683135986328125e+00
5.000000000000000000e+00,5.000000000000000000e+00,5.000000000000000000e+00,5.000000000000000000e+00,5.000000000000000000e+00,5.000000000000000000e+00,5.000000000000000000e+00,5.000000000000000000e+00,5.000000000000000000e+00,5.000000000000000000e+00,5.000000000000000000e+00,5.000000000000000000e+00,5.000000000000000000e+00,5.000000000000000000e+00,4.878712177276611328e+00,4.739955425262451172e+00,4.608872890472412109e+00,4.484845638275146484e+00,4.367318630218505859e+00,4.255794048309326172e+00,4.149823665618896484e+00,4.049002170562744141e+00,3.952963590621948242e+00,3.861375331878662109e+00,3.773935079574584961e+00,3.690367221832275391e+00,3.610420465469360352e+00,3.533863544464111328e+00,3.460486412048339844e+00,3.390094280242919922e+00,3.322508811950683594e+00,3.257565736770629883e+00,3.195112466812133789e+00,3.135008811950683594e+00,3.077125072479248047e+00,3.021339654922485352e+00,2.967540979385375977e+00,2.915624856948852539e+00,2.865493774414062500e+00,2.817057609558105469e+00,2.770231485366821289e+00,2.724936962127685547e+00,2.681099414825439453e+00,2.638650178909301758e+00,2.597524166107177734e+00,2.557660579681396484e+00,2.519001960754394531e+00,2.481494665145874023e+00,2.445087909698486328e+00,2.409733772277832031e+00,2.375387668609619141e+00,2.342006683349609375e+00,2.309551000595092773e+00,2.277982711791992188e+00,2.247265577316284180e+00,2.217365741729736328e+00,2.188251495361328125e+00,2.159891366958618164e+00,2.132257461547851562e+00,2.105321407318115234e+00,2.079057455062866211e+00,2.053440809249877930e+00,2.028447389602661133e+00,2.004055500030517578e+00,1.980243206024169922e+00,1.956989884376525879e+00,1.934276461601257324e+00,1.912084221839904785e+00,1.890395641326904297e+00,1.869193434715270996e+00,1.848461389541625977e+00,1.828184247016906738e+00,1.808347225189208984e+00,1.788936138153076172e+00,1.769937276840209961e+00,1.751337766647338867e+00,1.733124971389770508e+00,1.715287089347839355e+00,1.697812795639038086e+00,1.680690884590148926e+00
4.875733852386474609e+00,4.874524116516113281e+00,4.873314857482910156e+00,4.872106075286865234e+00,4.870898246765136719e+00,4.869690895080566406e+00,4.868484020233154297e+00,4.867278099060058594e+00,4.866071701049804688e+00,4.864866733551025391e+00,4.863662719726562500e+00,4.862458705902099609e+00,4.861255645751953125e+00,4.860053062438964844e+00,4.858850955963134766e+00,4.740017414093017578e+00,4.608931541442871094e+00,4.484901428222656250e+00,4.367371082305908203e+00,4.255844116210937500e+00,4.149870872497558594e+00,4.049047470092773438e+00,3.953006982803344727e+00,3.861416578292846680e+00,3.773974180221557617e+00,3.690404891967773438e+00,3.610456228256225586e+00,3.533898353576660156e+00,3.460519552230834961e+00,3.390125989913940430e+00,3.322539567947387695e+00,3.257594823837280273e+00,3.195140838623046875e+00,3.135036230087280273e+00,3.077151060104370117e+00,3.021364927291870117e+00,2.967565298080444336e+00,2.915648221969604492e+00,2.865516424179077148e+00,2.817079305648803711e+00,2.770252704620361328e+00,2.724957227706909180e+00,2.681119441986083984e+00,2.638669490814208984e+00,2.597542762756347656e+00,2.557678699493408203e+00,2.519019365310668945e+00,2.481511592864990234e+00,2.445104360580444336e+00,2.409749984741210938e+00,2.375403165817260742e+00,2.342021703720092773e+00,2.309565782546997070e+00,2.277996778488159180e+00,2.247279644012451172e+00,2.217379570007324219e+00,2.188264608383178711e+00,2.159904479980468750e+00,2.132269859313964844e+00,2.105333566665649414e+00,2.079069375991821289e+00,2.053452253341674805e+00,2.028458833694458008e+00,2.004066467285156250e+00,1.980253934860229492e+00,1.957000374794006348e+00,1.934286713600158691e+00,1.912094473838806152e+00,1.890405416488647461e+00,1.869202971458435059e+00,1.848470807075500488e+00,1.828193426132202148e+00,1.808356404304504395e+00,1.788944959640502930e+00,1.769945859909057617e+00,1.751346111297607422e+00,1.733133196830749512e+00,1.715295314788818359e+00,1.697820663452148438e+00,1.680698633193969727e+00
3.778834342956542969e+00,3.778105974197387695e+00,3.777377843856811523e+00,3.776649951934814453e+00,3.775922298431396484e+00,3.775195121765136719e+00,3.774467945098876953e+00,3.773741245269775391e+00,3.773014783859252930e+00,3.772288560867309570e+00,3.771562576293945312e+00,3.770837068557739258e+00,3.770111799240112305e+00,3.769386529922485352e+00,3.768661737442016602e+00,3.767937421798706055e+00,3.767213106155395508e+00,3.766489267349243164e+00,3.765765428543090820e+00,3.765042066574096680e+00,3.764318943023681641e+00,3.763596057891845703e+00,3.762873649597167969e+00,3.762151241302490234e+00,3.761429309844970703e+00,3.690442323684692383e+00,3.610492229461669922e+00,3.533932447433471680e+00,3.460552692413330078e+00,3.390157699584960938e+00,3.322569847106933594e+00,3.257624387741088867e+00,3.195168733596801758e+00,3.135063409805297852e+00,3.077177286148071289e+00,3.021389961242675781e+00,2.967589616775512695e+00,2.915671586990356445e+00,2.865539073944091797e+00,2.817101240158081055e+00,2.770273923873901367e+00,2.724977970123291016e+00,2.681138992309570312e+00,2.638688802719116211e+00,2.597561597824096680e+00,2.557696580886840820e+00,2.519037008285522461e+00,2.481528520584106445e+00,2.445120811462402344e+00,2.409765720367431641e+00,2.375418901443481445e+00,2.342036962509155273e+00,2.309580326080322266e+00,2.278011322021484375e+00,2.247293472290039062e+00,2.217393159866333008e+00,2.188277721405029297e+00,2.159917116165161133e+00,2.132282495498657227e+00,2.105345726013183594e+00,2.079081296920776367e+00,2.053463935852050781e+00,2.028470277786254883e+00,2.004077672958374023e+00,1.980264663696289062e+00,1.957011103630065918e+00,1.934297204017639160e+00,1.912104487419128418e+00,1.890415191650390625e+00,1.869212508201599121e+00,1.848480343818664551e+00,1.828202843666076660e+00,1.808365345001220703e+00,1.788953781127929688e+00,1.769954442977905273e+00,1.751354694366455078e+00,1.733141541481018066e+00,1.715303421020507812e+00,1.697828650474548340e+00,1.680706381797790527e+00
3.084663152694702148e+00,3.084177732467651367e+00,3.083692550659179688e+00,3.083207368850708008e+00,3.082722425460815430e+00,3.082237720489501953e+00,3.081753015518188477e+00,3.081268548965454102e+00,3.080784320831298828e+00,3.080300092697143555e+00,3.079816102981567383e+00,3.079332113265991211e+00,3.078848361968994141e+00,3.078364849090576172e+00,3.077881336212158203e+00,3.077398061752319336e+00,3.076915025711059570e+00,3.076431989669799805e+00,3.075949192047119141e+00,3.075466632843017578e+00,3.074984073638916016e+00,3.074501752853393555e+00,3.074019432067871094e+00,3.073537826538085938e+00,3.073055744171142578e+00,3.072574138641357422e+00,3.072092533111572266e+00,3.071610927581787109e+00,3.071129560470581055e+00,3.070648431777954102e+00,3.070167541503906250e+00,3.069686651229858398e+00,3.069205999374389648e+00,3.068725347518920898e+00,3.068244934082031250e+00,3.021415233612060547e+00,2.967613697052001953e+00,2.915695190429687500e+00,2.865561723709106445e+00,2.817123413085937500e+00,2.770295143127441406e+00,2.724998235702514648e+00,2.681159019470214844e+00,2.638707876205444336e+00,2.597580194473266602e+00,2.557714700698852539e+00,2.519054412841796875e+00,2.481545686721801758e+00,2.445137262344360352e+00,2.409781932830810547e+00,2.375434398651123047e+00,2.342052221298217773e+00,2.309595108032226562e+00,2.278025388717651367e+00,2.247307538986206055e+00,2.217406511306762695e+00,2.188291072845458984e+00,2.159930229187011719e+00,2.132294893264770508e+00,2.105358123779296875e+00,2.079093217849731445e+00,2.053475618362426758e+00,2.028481483459472656e+00,2.004088640213012695e+00,1.980275630950927734e+00,1.957021594047546387e+00,1.934307456016540527e+00,1.912114500999450684e+00,1.890425086021423340e+00,1.869222283363342285e+00,1.848489642143249512e+00,1.828211903572082520e+00,1.808374285697937012e+00,1.788962483406066895e+00,1.769963264465332031e+00,1.751363158226013184e+00,1.733149766921997070e+00,1.715311527252197266e+00,1.697836518287658691e+00,1.680714249610900879e+00
2.605950593948364258e+00,2.605603933334350586e+00,2.605257749557495117e+00,2.604911565780639648e+00,2.604565382003784180e+00,2.604219198226928711e+00,2.603873252868652344e+00,2.603527307510375977e+00,2.603181600570678711e+00,2.602835893630981445e+00,2.602490186691284180e+00,2.602144718170166016e+00,2.601799249649047852e+00,2.601454019546508789e+00,2.601108789443969727e+00,2.600763559341430664e+00,2.600418567657470703e+00,2.600073814392089844e+00,2.599728822708129883e+00,2.599384069442749023e+00,2.599039316177368164e+00,2.598694801330566406e+00,2.598350286483764648e+00,2.598005771636962891e+00,2.597661495208740234e+00,2.597317218780517578e+00,2.596972942352294922e+00,2.596628904342651367e+00,2.596285104751586914e+00,2.595941066741943359e+00,2.595597267150878906e+00,2.595253705978393555e+00,2.594910144805908203e+00,2.594566583633422852e+00,2.594223022460937500e+00,2.593879699707031250e+00,2.593536615371704102e+00,2.593193292617797852e+00,2.592850446701049805e+00,2.592507362365722656e+00,2.592164516448974609e+00,2.591821670532226562e+00,2.591479063034057617e+00,2.591136455535888672e+00,2.590793848037719727e+00,2.557732820510864258e+00,2.519072055816650391e+00,2.481562614440917969e+00,2.445153713226318359e+00,2.409797906875610352e+00,2.375449895858764648e+00,2.342067241668701172e+00,2.309609889984130859e+00,2.278039932250976562e+00,2.247321367263793945e+00,2.217420101165771484e+00,2.188304185867309570e+00,2.159943103790283203e+00,2.132307529449462891e+00,2.105370283126831055e+00,2.079105138778686523e+00,2.053487300872802734e+00,2.028492927551269531e+00,2.004099607467651367e+00,1.980286478996276855e+00,1.957032084465026855e+00,1.934317708015441895e+00,1.912124752998352051e+00,1.890435099601745605e+00,1.869231939315795898e+00,1.848499059677124023e+00,1.828221082687377930e+00,1.808383464813232422e+00,1.788971424102783203e+00,1.769971847534179688e+00,1.751371502876281738e+00,1.733157992362976074e+00,1.715319752693176270e+00,1.697844624519348145e+00,1.680721998214721680e+00
2.255860567092895508e+00,2.255600929260253906e+00,2.255341529846191406e+00,2.255081892013549805e+00,2.254822492599487305e+00,2.254563331604003906e+00,2.254303932189941406e+00,2.254044532775878906e+00,2.253785371780395508e+00,2.253526449203491211e+00,2.253267288208007812e+00,2.253008365631103516e+00,2.252749443054199219e+00,2.252490520477294922e+00,2.252231597900390625e+00,2.251972913742065430e+00,2.251714229583740234e+00,2.251455545425415039e+00,2.251196861267089844e+00,2.250938415527343750e+00,2.250679969787597656e+00,2.250421524047851562e+00,2.250163078308105469e+00,2.249904870986938477e+00,2.249646663665771484e+00,2.249388456344604492e+00,2.249130249023437500e+00,2.248872280120849609e+00,2.248614311218261719e+00,2.248356342315673828e+00,2.248098373413085938e+00,2.247840642929077148e+00,2.247582674026489258e+00,2.247325181961059570e+00,2.247067451477050781e+00,2.246809720993041992e+00,2.246552228927612305e+00,2.246294736862182617e+00,2.246037483215332031e+00,2.245779991149902344e+00,2.245522737503051758e+00,2.245265483856201172e+00,2.245008230209350586e+00,2.244751214981079102e+00,2.244494199752807617e+00,2.244237184524536133e+00,2.243980169296264648e+00,2.243723154067993164e+00,2.243466377258300781e+00,2.243209600448608398e+00,2.242953062057495117e+00,2.242696285247802734e+00,2.242439746856689453e+00,2.242183208465576172e+00,2.241926670074462891e+00,2.217433691024780273e+00,2.188317537307739258e+00,2.159955739974975586e+00,2.132320165634155273e+00,2.105382442474365234e+00,2.079117059707641602e+00,2.053498983383178711e+00,2.028504371643066406e+00,2.004110813140869141e+00,1.980297207832336426e+00,1.957042574882507324e+00,1.934328198432922363e+00,1.912134766578674316e+00,1.890444874763488770e+00,1.869241476058959961e+00,1.848508477210998535e+00,1.828230500221252441e+00,1.808392405509948730e+00,1.788980245590209961e+00,1.769980430603027344e+00,1.751379966735839844e+00,1.733166456222534180e+00,1.715327739715576172e+00,1.697852492332458496e+00,1.680729746818542480e+00
1.988694548606872559e+00,1.988492727279663086e+00,1.988291025161743164e+00,1.988089561462402344e+00,1.987887978553771973e+00,1.987686395645141602e+00,1.987484812736511230e+00,1.987283229827880859e+00,1.987081766128540039e+00,1.986880302429199219e+00,1.986678957939147949e+00,1.986477613449096680e+00,1.986276268959045410e+00,1.986075043678283691e+00,1.985873818397521973e+00,1.985672593116760254e+00,1.985471487045288086e+00,1.985270380973815918e+00,1.985069274902343750e+00,1.984868288040161133e+00,1.984667301177978516e+00,1.984466314315795898e+00,1.984265446662902832e+00,1.984064579010009766e+00,1.983863711357116699e+00,1.983662962913513184e+00,1.983462214469909668e+00,1.983261466026306152e+00,1.983060836791992188e+00,1.982860207557678223e+00,1.982659578323364258e+00,1.982459068298339844e+00,1.982258558273315430e+00,1.982058167457580566e+00,1.981857657432556152e+00,1.981657385826110840e+00,1.981456995010375977e+00,1.981256723403930664e+00,1.981056451797485352e+00,1.980856180191040039e+00,1.980656027793884277e+00,1.980455875396728516e+00,1.980255842208862305e+00,1.980055689811706543e+00,1.979855775833129883e+00,1.979655742645263672e+00,1.979455828666687012e+00,1.979255914688110352e+00,1.979056000709533691e+00,1.978856205940246582e+00,1.978656411170959473e+00,1.978456735610961914e+00,1.978257060050964355e+00,1.978057384490966797e+00,1.977857708930969238e+00,1.977658152580261230e+00,1.977458596229553223e+00,1.977259159088134766e+00,1.977059721946716309e+00,1.976860284805297852e+00,1.976660966873168945e+00,1.976461529731750488e+00,1.976262331008911133e+00,1.976063013076782227e+00,1.975863814353942871e+00,1.957053422927856445e+00,1.934338450431823730e+00,1.912144780158996582e+00,1.890454649925231934e+00,1.869251251220703125e+00,1.848518013954162598e+00,1.828239679336547852e+00,1.808401346206665039e+00,1.788989067077636719e+00,1.769989132881164551e+00,1.751388549804687500e+00,1.733174681663513184e+00,1.715335845947265625e+00,1.697860360145568848e+00,1.680737733840942383e+00
1.778109550476074219e+00,1.777948260307312012e+00,1.777786970138549805e+00,1.777625799179077148e+00,1.777464509010314941e+00,1.777303338050842285e+00,1.777142167091369629e+00,1.776981115341186523e+00,1.776820063591003418e+00,1.776658892631530762e+00,1.776497960090637207e+00,1.776336908340454102e+00,1.776175975799560547e+00,1.776015043258666992e+00,1.775854110717773438e+00,1.775693178176879883e+00,1.775532364845275879e+00,1.775371432304382324e+00,1.775210738182067871e+00,1.775049924850463867e+00,1.774889111518859863e+00,1.774728417396545410e+00,1.774567723274230957e+00,1.774407148361206055e+00,1.774246454238891602e+00,1.774085879325866699e+00,1.773925304412841797e+00,1.773764729499816895e+00,1.773604273796081543e+00,1.773443818092346191e+00,1.773283362388610840e+00,1.773122906684875488e+00,1.772962450981140137e+00,1.772802114486694336e+00,1.772641777992248535e+00,1.772481441497802734e+00,1.772321224212646484e+00,1.772160887718200684e+00,1.772000670433044434e+00,1.771840572357177734e+00,1.771680355072021484e+00,1.771520256996154785e+00,1.771360158920288086e+00,1.771200060844421387e+00,1.771039962768554688e+00,1.770879983901977539e+00,1.770720005035400391e+00,1.770560026168823242e+00,1.770400047302246094e+00,1.770240187644958496e+00,1.770080327987670898e+00,1.769920587539672852e+00,1.769760847091674805e+00,1.769600987434387207e+00,1.769441246986389160e+00,1.769281506538391113e+00,1.769121885299682617e+00,1.768962144851684570e+00,1.768802523612976074e+00,1.768642902374267578e+00,1.768483281135559082e+00,1.768323779106140137e+00,1.768164277076721191e+00,1.768004775047302246e+00,1.767845273017883301e+00,1.767685770988464355e+00,1.767526388168334961e+00,1.767367005348205566e+00,1.767207622528076172e+00,1.767048358917236328e+00,1.766888976097106934e+00,1.766729712486267090e+00,1.766570568084716797e+00,1.766411304473876953e+00,1.766252160072326660e+00,1.751396894454956055e+00,1.733182907104492188e+00,1.715343952178955078e+00,1.697868466377258301e+00,1.680745482444763184e+00
1.607852339744567871e+00,1.607720494270324707e+00,1.607588648796081543e+00,1.607456803321838379e+00,1.607324957847595215e+00,1.607193112373352051e+00,1.607061386108398438e+00,1.606929659843444824e+00,1.606797933578491211e+00,1.606666207313537598e+00,1.606534481048583984e+00,1.606402754783630371e+00,1.606271147727966309e+00,1.606139540672302246e+00,1.606007933616638184e+00,1.605876326560974121e+00,1.605744719505310059e+00,1.605613231658935547e+00,1.605481743812561035e+00,1.605350136756896973e+00,1.605218768119812012e+00,1.605087280273437500e+00,1.604955792427062988e+00,1.604824423789978027e+00,1.604693055152893066e+00,1.604561686515808105e+00,1.604430317878723145e+00,1.604298949241638184e+00,1.604167699813842773e+00,1.604036331176757812e+00,1.603905081748962402e+00,1.603773832321166992e+00,1.603642582893371582e+00,1.603511452674865723e+00,1.603380203247070312e+00,1.603249073028564453e+00,1.603117942810058594e+00,1.602986812591552734e+00,1.602855801582336426e+00,1.602724671363830566e+00,1.602593660354614258e+00,1.602462649345397949e+00,1.602331638336181641e+00,1.602200627326965332e+00,1.602069616317749023e+00,1.601938724517822266e+00,1.601807832717895508e+00,1.601676940917968750e+00,1.601546049118041992e+00,1.601415157318115234e+00,1.601284384727478027e+00,1.601153492927551270e+00,1.601022720336914062e+00,1.600891947746276855e+00,1.600761175155639648e+00,1.600630521774291992e+00,1.600499749183654785e+00,1.600369095802307129e+00,1.600238442420959473e+00,1.600107789039611816e+00,1.599977135658264160e+00,1.599846482276916504e+00,1.599715948104858398e+00,1.599585413932800293e+00,1.599454879760742188e+00,1.599324345588684082e+00,1.599193811416625977e+00,1.599063396453857422e+00,1.598932862281799316e+00,1.598802447319030762e+00,1.598672032356262207e+00,1.598541736602783203e+00,1.598411321640014648e+00,1.598281025886535645e+00,1.598150610923767090e+00,1.598020315170288086e+00,1.597890138626098633e+00,1.597759842872619629e+00,1.597629547119140625e+00,1.597499370574951172e+00
1.467350721359252930e+00,1.467240929603576660e+00,1.467131137847900391e+00,1.467021346092224121e+00,1.466911435127258301e+00,1.466801762580871582e+00,1.466691970825195312e+00,1.466582179069519043e+00,1.466472506523132324e+00,1.466362714767456055e+00,1.466253042221069336e+00,1.466143369674682617e+00,1.466033697128295898e+00,1.465924024581909180e+00,1.465814352035522461e+00,1.465704798698425293e+00,1.465595126152038574e+00,1.465485572814941406e+00,1.465376019477844238e+00,1.465266466140747070e+00,1.465156912803649902e+00,1.465047359466552734e+00,1.464937925338745117e+00,1.464828372001647949e+00,1.464718937873840332e+00,1.464609503746032715e+00,1.464500069618225098e+00,1.464390635490417480e+00,1.464281201362609863e+00,1.464171886444091797e+00,1.464062452316284180e+00,1.463953137397766113e+00,1.463843822479248047e+00,1.463734388351440430e+00,1.463625192642211914e+00,1.463515877723693848e+00,1.463406562805175781e+00,1.463297486305236816e+00,1.463188171386718750e+00,1.463078975677490234e+00,1.462969779968261719e+00,1.462860584259033203e+00,1.462751388549804688e+00,1.462642192840576172e+00,1.462533116340637207e+00,1.462424039840698242e+00,1.462314844131469727e+00,1.462205767631530762e+00,1.462096691131591797e+00,1.461987614631652832e+00,1.461878538131713867e+00,1.461769580841064453e+00,1.461660504341125488e+00,1.461551547050476074e+00,1.461442589759826660e+00,1.461333632469177246e+00,1.461224675178527832e+00,1.461115717887878418e+00,1.461006879806518555e+00,1.460897922515869141e+00,1.460789084434509277e+00,1.460680127143859863e+00,1.460571289062500000e+00,1.460462450981140137e+00,1.460353732109069824e+00,1.460244894027709961e+00,1.460136055946350098e+00,1.460027337074279785e+00,1.459918618202209473e+00,1.459809780120849609e+00,1.459701061248779297e+00,1.459592461585998535e+00,1.459483742713928223e+00,1.459375023841857910e+00,1.459266424179077148e+00,1.459157705307006836e+00,1.459049105644226074e+00,1.458940505981445312e+00,1.458831906318664551e+00,1.458723306655883789e+00
1.349431276321411133e+00,1.349338412284851074e+00,1.349245429039001465e+00,1.349152565002441406e+00,1.349059700965881348e+00,1.348966836929321289e+00,1.348874092102050781e+00,1.348781228065490723e+00,1.348688364028930664e+00,1.348595619201660156e+00,1.348502874374389648e+00,1.348410010337829590e+00,1.348317265510559082e+00,1.348224520683288574e+00,1.348131775856018066e+00,1.348039031028747559e+00,1.347946405410766602e+00,1.347853660583496094e+00,1.347761034965515137e+00,1.347668290138244629e+00,1.347575664520263672e+00,1.347483038902282715e+00,1.347390413284301758e+00,1.347297787666320801e+00,1.347205162048339844e+00,1.347112655639648438e+00,1.347020030021667480e+00,1.346927404403686523e+00,1.346834897994995117e+00,1.346742391586303711e+00,1.346649765968322754e+00,1.346557259559631348e+00,1.346464753150939941e+00,1.346372246742248535e+00,1.346279859542846680e+00,1.346187353134155273e+00,1.346094846725463867e+00,1.346002459526062012e+00,1.345910072326660156e+00,1.345817565917968750e+00,1.345725178718566895e+00,1.345632791519165039e+00,1.345540404319763184e+00,1.345448017120361328e+00,1.345355749130249023e+00,1.345263361930847168e+00,1.345170974731445312e+00,1.345078706741333008e+00,1.344986438751220703e+00,1.344894170761108398e+00,1.344801783561706543e+00,1.344709515571594238e+00,1.344617366790771484e+00,1.344525098800659180e+00,1.344432830810546875e+00,1.344340682029724121e+00,1.344248414039611816e+00,1.344156265258789062e+00,1.344063997268676758e+00,1.343971848487854004e+00,1.343879699707031250e+00,1.343787550926208496e+00,1.343695521354675293e+00,1.343603372573852539e+00,1.343511223793029785e+00,1.343419194221496582e+00,1.343327045440673828e+00,1.343235015869140625e+00,1.343142986297607422e+00,1.343050956726074219e+00,1.342958927154541016e+00,1.342866897583007812e+00,1.342774868011474609e+00,1.342682838439941406e+00,1.342590928077697754e+00,1.342498898506164551e+00,1.342406988143920898e+00,1.342315077781677246e+00,1.342223167419433594e+00,1.342131257057189941e+00
1.249054431915283203e+00,1.248974800109863281e+00,1.248895287513732910e+00,1.248815655708312988e+00,1.248736143112182617e+00,1.248656630516052246e+00,1.248577117919921875e+00,1.248497486114501953e+00,1.248417973518371582e+00,1.248338460922241211e+00,1.248258948326110840e+00,1.248179435729980469e+00,1.248100042343139648e+00,1.248020529747009277e+00,1.247941017150878906e+00,1.247861623764038086e+00,1.247782111167907715e+00,1.247702717781066895e+00,1.247623324394226074e+00,1.247543931007385254e+00,1.247464537620544434e+00,1.247385144233703613e+00,1.247305750846862793e+00,1.247226476669311523e+00,1.247147083282470703e+00,1.247067689895629883e+00,1.246988415718078613e+00,1.246909022331237793e+00,1.246829748153686523e+00,1.246750354766845703e+00,1.246671080589294434e+00,1.246591806411743164e+00,1.246512532234191895e+00,1.246433258056640625e+00,1.246353983879089355e+00,1.246274709701538086e+00,1.246195554733276367e+00,1.246116280555725098e+00,1.246037006378173828e+00,1.245957851409912109e+00,1.245878577232360840e+00,1.245799422264099121e+00,1.245720267295837402e+00,1.245641112327575684e+00,1.245561957359313965e+00,1.245482802391052246e+00,1.245403647422790527e+00,1.245324492454528809e+00,1.245245337486267090e+00,1.245166301727294922e+00,1.245087146759033203e+00,1.245008111000061035e+00,1.244928956031799316e+00,1.244849920272827148e+00,1.244770884513854980e+00,1.244691848754882812e+00,1.244612812995910645e+00,1.244533777236938477e+00,1.244454741477966309e+00,1.244375705718994141e+00,1.244296669960021973e+00,1.244217753410339355e+00,1.244138717651367188e+00,1.244059801101684570e+00,1.243980765342712402e+00,1.243901848793029785e+00,1.243822932243347168e+00,1.243744015693664551e+00,1.243665099143981934e+00,1.243586182594299316e+00,1.243507266044616699e+00,1.243428349494934082e+00,1.243349552154541016e+00,1.243270635604858398e+00,1.243191719055175781e+00,1.243112921714782715e+00,1.243034124374389648e+00,1.242955207824707031e+00,1.242876410484313965e+00,1.242797613143920898e+00
1.162576794624328613e+00,1.162507891654968262e+00,1.162438988685607910e+00,1.162369966506958008e+00,1.162301063537597656e+00,1.162232160568237305e+00,1.162163257598876953e+00,1.162094354629516602e+00,1.162025451660156250e+00,1.161956548690795898e+00,1.161887645721435547e+00,1.161818742752075195e+00,1.161749958992004395e+00,1.161681056022644043e+00,1.161612272262573242e+00,1.161543369293212891e+00,1.161474585533142090e+00,1.161405682563781738e+00,1.161336898803710938e+00,1.161268115043640137e+00,1.161199331283569336e+00,1.161130547523498535e+00,1.161061763763427734e+00,1.160992980003356934e+00,1.160924196243286133e+00,1.160855412483215332e+00,1.160786628723144531e+00,1.160717964172363281e+00,1.160649180412292480e+00,1.160580396652221680e+00,1.160511732101440430e+00,1.160443067550659180e+00,1.160374283790588379e+00,1.160305619239807129e+00,1.160236954689025879e+00,1.160168290138244629e+00,1.160099625587463379e+00,1.160030961036682129e+00,1.159962296485900879e+00,1.159893631935119629e+00,1.159824967384338379e+00,1.159756302833557129e+00,1.159687757492065430e+00,1.159619092941284180e+00,1.159550428390502930e+00,1.159481883049011230e+00,1.159413337707519531e+00,1.159344673156738281e+00,1.159276127815246582e+00,1.159207582473754883e+00,1.159139037132263184e+00,1.159070491790771484e+00,1.159001946449279785e+00,1.158933401107788086e+00,1.158864855766296387e+00,1.158796310424804688e+00,1.158727884292602539e+00,1.158659338951110840e+00,1.158590793609619141e+00,1.158522367477416992e+00,1.158453822135925293e+00,1.158385396003723145e+00,1.158316969871520996e+00,1.158248543739318848e+00,1.158180117607116699e+00,1.158111691474914551e+00,1.158043265342712402e+00,1.157974839210510254e+00,1.157906413078308105e+00,1.157837986946105957e+00,1.157769560813903809e+00,1.157701253890991211e+00,1.157632827758789062e+00,1.157564520835876465e+00,1.157496213912963867e+00,1.157427787780761719e+00,1.157359480857849121e+00,1.157291173934936523e+00,1.157222867012023926e+00,1.157154440879821777e+00
1.087298274040222168e+00,1.087237954139709473e+00,1.087177634239196777e+00,1.087117314338684082e+00,1.087056994438171387e+00,1.086996674537658691e+00,1.086936473846435547e+00,1.086876153945922852e+00,1.086815834045410156e+00,1.086755752563476562e+00,1.086695432662963867e+00,1.086635231971740723e+00,1.086574912071228027e+00,1.086514711380004883e+00,1.086454510688781738e+00,1.086394309997558594e+00,1.086334109306335449e+00,1.086273908615112305e+00,1.086213707923889160e+00,1.086153507232666016e+00,1.086093306541442871e+00,1.086033105850219727e+00,1.085972905158996582e+00,1.085912704467773438e+00,1.085852622985839844e+00,1.085792422294616699e+00,1.085732340812683105e+00,1.085672140121459961e+00,1.085612058639526367e+00,1.085551857948303223e+00,1.085491776466369629e+00,1.085431694984436035e+00,1.085371494293212891e+00,1.085311412811279297e+00,1.085251331329345703e+00,1.085191249847412109e+00,1.085131168365478516e+00,1.085071086883544922e+00,1.085011005401611328e+00,1.084950923919677734e+00,1.084890961647033691e+00,1.084830880165100098e+00,1.084770798683166504e+00,1.084710717201232910e+00,1.084650754928588867e+00,1.084590673446655273e+00,1.084530711174011230e+00,1.084470748901367188e+00,1.084410667419433594e+00,1.084350705146789551e+00,1.084290742874145508e+00,1.084230780601501465e+00,1.084170818328857422e+00,1.084110856056213379e+00,1.084050893783569336e+00,1.083990931510925293e+00,1.083930969238281250e+00,1.083871006965637207e+00,1.083811044692993164e+00,1.083751082420349121e+00,1.083691239356994629e+00,1.083631277084350586e+00,1.083571434020996094e+00,1.083511471748352051e+00,1.083451628684997559e+00,1.083391666412353516e+00,1.083331823348999023e+00,1.083271980285644531e+00,1.083212018013000488e+00,1.083152174949645996e+00,1.083092331886291504e+00,1.083032488822937012e+00,1.082972645759582520e+00,1.082912802696228027e+00,1.082852959632873535e+00,1.082793116569519043e+00,1.082733392715454102e+00,1.082673549652099609e+00,1.082613706588745117e+00,1.082553982734680176e+00
1.021175622940063477e+00,1.021122455596923828e+00,1.021069169044494629e+00,1.021016001701354980e+00,1.020962834358215332e+00,1.020909667015075684e+00,1.020856499671936035e+00,1.020803332328796387e+00,1.020750164985656738e+00,1.020696997642517090e+00,1.020643830299377441e+00,1.020590662956237793e+00,1.020537614822387695e+00,1.020484447479248047e+00,1.020431280136108398e+00,1.020378112792968750e+00,1.020325064659118652e+00,1.020271897315979004e+00,1.020218849182128906e+00,1.020165681838989258e+00,1.020112633705139160e+00,1.020059585571289062e+00,1.020006418228149414e+00,1.019953370094299316e+00,1.019900321960449219e+00,1.019847273826599121e+00,1.019794225692749023e+00,1.019741058349609375e+00,1.019688010215759277e+00,1.019634962081909180e+00,1.019581913948059082e+00,1.019528985023498535e+00,1.019475936889648438e+00,1.019422888755798340e+00,1.019369840621948242e+00,1.019316792488098145e+00,1.019263863563537598e+00,1.019210815429687500e+00,1.019157886505126953e+00,1.019104838371276855e+00,1.019051909446716309e+00,1.018998861312866211e+00,1.018945932388305664e+00,1.018892884254455566e+00,1.018839955329895020e+00,1.018787026405334473e+00,1.018734097480773926e+00,1.018681049346923828e+00,1.018628120422363281e+00,1.018575191497802734e+00,1.018522262573242188e+00,1.018469333648681641e+00,1.018416404724121094e+00,1.018363475799560547e+00,1.018310666084289551e+00,1.018257737159729004e+00,1.018204808235168457e+00,1.018151879310607910e+00,1.018099069595336914e+00,1.018046259880065918e+00,1.017993330955505371e+00,1.017940521240234375e+00,1.017887592315673828e+00,1.017834782600402832e+00,1.017781853675842285e+00,1.017729043960571289e+00,1.017676234245300293e+00,1.017623305320739746e+00,1.017570495605468750e+00,1.017517685890197754e+00,1.017464876174926758e+00,1.017412066459655762e+00,1.017359256744384766e+00,1.017306447029113770e+00,1.017253637313842773e+00,1.017200827598571777e+00,1.017148017883300781e+00,1.017095327377319336e+00,1.017042517662048340e+00,1.016989707946777344e+00
9.626343250274658203e-01,9.625870585441589355e-01,9.625397920608520508e-01,9.624925255775451660e-01,9.624452590942382812e-01,9.623979330062866211e-01,9.623507261276245117e-01,9.623034596443176270e-01,9.622561931610107422e-01,9.622089862823486328e-01,9.621617197990417480e-01,9.621145129203796387e-01,9.620672464370727539e-01,9.620200395584106445e-01,9.619728326797485352e-01,9.619256258010864258e-01,9.618784189224243164e-01,9.618312120437622070e-01,9.617840051651000977e-01,9.617367982864379883e-01,9.616896510124206543e-01,9.616424441337585449e-01,9.615952968597412109e-01,9.615480899810791016e-01,9.615009427070617676e-01,9.614537954330444336e-01,9.614065885543823242e-01,9.613594412803649902e-01,9.613122940063476562e-01,9.612651467323303223e-01,9.612179994583129883e-01,9.611708521842956543e-01,9.611237049102783203e-01,9.610766172409057617e-01,9.610294699668884277e-01,9.609823822975158691e-01,9.609352350234985352e-01,9.608881473541259766e-01,9.608410000801086426e-01,9.607939124107360840e-01,9.607468247413635254e-01,9.606997370719909668e-01,9.606526494026184082e-01,9.606055617332458496e-01,9.605584740638732910e-01,9.605114459991455078e-01,9.604643583297729492e-01,9.604172706604003906e-01,9.603702425956726074e-01,9.603231549263000488e-01,9.602761268615722656e-01,9.602290987968444824e-01,9.601820111274719238e-01,9.601349830627441406e-01,9.600879549980163574e-01,9.600409269332885742e-01,9.599938988685607910e-01,9.599468708038330078e-01,9.598999023437500000e-01,9.598528742790222168e-01,9.598058462142944336e-01,9.597588777542114258e-01,9.597118496894836426e-01,9.596648812294006348e-01,9.596179127693176270e-01,9.595708847045898438e-01,9.595239162445068359e-01,9.594769477844238281e-01,9.594299793243408203e-01,9.593830108642578125e-01,9.593360424041748047e-01,9.592891335487365723e-01,9.592421650886535645e-01,9.591951966285705566e-01,9.591482877731323242e-01,9.591013193130493164e-01,9.590544104576110840e-01,9.590075016021728516e-01,9.589605331420898438e-01,9.589136242866516113e-01
9.104410409927368164e-01,9.103987812995910645e-01,9.103564620018005371e-01,9.103142023086547852e-01,9.102718830108642578e-01,9.102296233177185059e-01,9.101873636245727539e-01,9.101451039314270020e-01,9.101028442382812500e-01,9.100605845451354980e-01,9.100183248519897461e-01,9.099760651588439941e-01,9.099338054656982422e-01,9.098916053771972656e-01,9.098493456840515137e-01,9.098070859909057617e-01,9.097648859024047852e-01,9.097226262092590332e-01,9.096804261207580566e-01,9.096382260322570801e-01,9.095959663391113281e-01,9.095537662506103516e-01,9.095115661621093750e-01,9.094693660736083984e-01,9.094271659851074219e-01,9.093849658966064453e-01,9.093427658081054688e-01,9.093005657196044922e-01,9.092584252357482910e-01,9.092162251472473145e-01,9.091740250587463379e-01,9.091318845748901367e-01,9.090896844863891602e-01,9.090475440025329590e-01,9.090054035186767578e-01,9.089632034301757812e-01,9.089210629463195801e-01,9.088789224624633789e-01,9.088367819786071777e-01,9.087946414947509766e-01,9.087525010108947754e-01,9.087103605270385742e-01,9.086682200431823730e-01,9.086261391639709473e-01,9.085839986801147461e-01,9.085419774055480957e-01,9.084998369216918945e-01,9.084577560424804688e-01,9.084156751632690430e-01,9.083735346794128418e-01,9.083314538002014160e-01,9.082893729209899902e-01,9.082472920417785645e-01,9.082051515579223633e-01,9.081630706787109375e-01,9.081209897994995117e-01,9.080789685249328613e-01,9.080368876457214355e-01,9.079948067665100098e-01,9.079527258872985840e-01,9.079107046127319336e-01,9.078686237335205078e-01,9.078266024589538574e-01,9.077845215797424316e-01,9.077425003051757812e-01,9.077004194259643555e-01,9.076583981513977051e-01,9.076163768768310547e-01,9.075743556022644043e-01,9.075323343276977539e-01,9.074903130531311035e-01,9.074482917785644531e-01,9.074062705039978027e-01,9.073642492294311523e-01,9.073222875595092773e-01,9.072802662849426270e-01,9.072382450103759766e-01,9.071962833404541016e-01,9.071543216705322266e-01,9.071123003959655762e-01
8.636165261268615723e-01,8.635784983634948730e-01,8.635404109954833984e-01,8.635023832321166992e-01,8.634643554687500000e-01,8.634263277053833008e-01,8.633882999420166016e-01,8.633502721786499023e-01,8.633122444152832031e-01,8.632742166519165039e-01,8.632361888885498047e-01,8.631981611251831055e-01,8.631601333618164062e-01,8.631221055984497070e-01,8.630841374397277832e-01,8.630461096763610840e-01,8.630080819129943848e-01,8.629701137542724609e-01,8.629321455955505371e-01,8.628941178321838379e-01,8.628561496734619141e-01,8.628181815147399902e-01,8.627801537513732910e-01,8.627421855926513672e-01,8.627042174339294434e-01,8.626662492752075195e-01,8.626282811164855957e-01,8.625903129577636719e-01,8.625523447990417480e-01,8.625143766403198242e-01,8.624764084815979004e-01,8.624384999275207520e-01,8.624005317687988281e-01,8.623625636100769043e-01,8.623246550559997559e-01,8.622866868972778320e-01,8.622487783432006836e-01,8.622108697891235352e-01,8.621729016304016113e-01,8.621349930763244629e-01,8.620970845222473145e-01,8.620591759681701660e-01,8.620212078094482422e-01,8.619832992553710938e-01,8.619453907012939453e-01,8.619075417518615723e-01,8.618696331977844238e-01,8.618317246437072754e-01,8.617938160896301270e-01,8.617559075355529785e-01,8.617180585861206055e-01,8.616801500320434570e-01,8.616422414779663086e-01,8.616043925285339355e-01,8.615665435791015625e-01,8.615286350250244141e-01,8.614907860755920410e-01,8.614529371261596680e-01,8.614150285720825195e-01,8.613771796226501465e-01,8.613393306732177734e-01,8.613014817237854004e-01,8.612636327743530273e-01,8.612257838249206543e-01,8.611879348754882812e-01,8.611500859260559082e-01,8.611122965812683105e-01,8.610744476318359375e-01,8.610365986824035645e-01,8.609988093376159668e-01,8.609609603881835938e-01,8.609231710433959961e-01,8.608853220939636230e-01,8.608475327491760254e-01,8.608097434043884277e-01,8.607718944549560547e-01,8.607341051101684570e-01,8.606963157653808594e-01,8.606585264205932617e-01,8.606207370758056641e-01
8.213728070259094238e-01,8.213383555412292480e-01,8.213039636611938477e-01,8.212695121765136719e-01,8.212351202964782715e-01,8.212007284164428711e-01,8.211662769317626953e-01,8.211318850517272949e-01,8.210974931716918945e-01,8.210631012916564941e-01,8.210287094116210938e-01,8.209943175315856934e-01,8.209599256515502930e-01,8.209255337715148926e-01,8.208911418914794922e-01,8.208568096160888672e-01,8.208224177360534668e-01,8.207880258560180664e-01,8.207536935806274414e-01,8.207193017005920410e-01,8.206849098205566406e-01,8.206505775451660156e-01,8.206161856651306152e-01,8.205818533897399902e-01,8.205475211143493652e-01,8.205131292343139648e-01,8.204787969589233398e-01,8.204444646835327148e-01,8.204101324081420898e-01,8.203758001327514648e-01,8.203414678573608398e-01,8.203071355819702148e-01,8.202728033065795898e-01,8.202384710311889648e-01,8.202041387557983398e-01,8.201698064804077148e-01,8.201354742050170898e-01,8.201011419296264648e-01,8.200668692588806152e-01,8.200325369834899902e-01,8.199982047080993652e-01,8.199639320373535156e-01,8.199295997619628906e-01,8.198953270912170410e-01,8.198610544204711914e-01,8.198267221450805664e-01,8.197924494743347168e-01,8.197581768035888672e-01,8.197238445281982422e-01,8.196895718574523926e-01,8.196552991867065430e-01,8.196210265159606934e-01,8.195867538452148438e-01,8.195524811744689941e-01,8.195182085037231445e-01,8.194839358329772949e-01,8.194496631622314453e-01,8.194154500961303711e-01,8.193811774253845215e-01,8.193469047546386719e-01,8.193126916885375977e-01,8.192784190177917480e-01,8.192441463470458984e-01,8.192099332809448242e-01,8.191757202148437500e-01,8.191414475440979004e-01,8.191072344779968262e-01,8.190730214118957520e-01,8.190387487411499023e-01,8.190045356750488281e-01,8.189703226089477539e-01,8.189361095428466797e-01,8.189018964767456055e-01,8.188676834106445312e-01,8.188334703445434570e-01,8.187992572784423828e-01,8.187650442123413086e-01,8.187308311462402344e-01,8.186966180801391602e-01,8.186624646186828613e-01
7.830690145492553711e-01,7.830377221107482910e-01,7.830064296722412109e-01,7.829751968383789062e-01,7.829439043998718262e-01,7.829126119613647461e-01,7.828813791275024414e-01,7.828500866889953613e-01,7.828187942504882812e-01,7.827875614166259766e-01,7.827562689781188965e-01,7.827250361442565918e-01,7.826937437057495117e-01,7.826625108718872070e-01,7.826312780380249023e-01,7.825999855995178223e-01,7.825687527656555176e-01,7.825375199317932129e-01,7.825062870979309082e-01,7.824750542640686035e-01,7.824438214302062988e-01,7.824125289916992188e-01,7.823812961578369141e-01,7.823501229286193848e-01,7.823188900947570801e-01,7.822876572608947754e-01,7.822564244270324707e-01,7.822251915931701660e-01,7.821939587593078613e-01,7.821627855300903320e-01,7.821315526962280273e-01,7.821003198623657227e-01,7.820691466331481934e-01,7.820379137992858887e-01,7.820067405700683594e-01,7.819755077362060547e-01,7.819443345069885254e-01,7.819131016731262207e-01,7.818819284439086914e-01,7.818507552146911621e-01,7.818195819854736328e-01,7.817883491516113281e-01,7.817571759223937988e-01,7.817260026931762695e-01,7.816948294639587402e-01,7.816636562347412109e-01,7.816324830055236816e-01,7.816013097763061523e-01,7.815701365470886230e-01,7.815389633178710938e-01,7.815077900886535645e-01,7.814766764640808105e-01,7.814455032348632812e-01,7.814143300056457520e-01,7.813831567764282227e-01,7.813520431518554688e-01,7.813208699226379395e-01,7.812897562980651855e-01,7.812585830688476562e-01,7.812274694442749023e-01,7.811962962150573730e-01,7.811651825904846191e-01,7.811340689659118652e-01,7.811028957366943359e-01,7.810717821121215820e-01,7.810406684875488281e-01,7.810095548629760742e-01,7.809784412384033203e-01,7.809473276138305664e-01,7.809161543846130371e-01,7.808850407600402832e-01,7.808539867401123047e-01,7.808228731155395508e-01,7.807917594909667969e-01,7.807606458663940430e-01,7.807295322418212891e-01,7.806984186172485352e-01,7.806673645973205566e-01,7.806362509727478027e-01,7.806052565574645996e-01
7.481786012649536133e-01,7.481499910354614258e-01,7.481214404106140137e-01,7.480928897857666016e-01,7.480643391609191895e-01,7.480357885360717773e-01,7.480072379112243652e-01,7.479786872863769531e-01,7.479501366615295410e-01,7.479216456413269043e-01,7.478930950164794922e-01,7.478645443916320801e-01,7.478359937667846680e-01,7.478075027465820312e-01,7.477789521217346191e-01,7.477504014968872070e-01,7.477219104766845703e-01,7.476934194564819336e-01,7.476649284362792969e-01,7.476363778114318848e-01,7.476078867912292480e-01,7.475793361663818359e-01,7.475508451461791992e-01,7.475223541259765625e-01,7.474938035011291504e-01,7.474653124809265137e-01,7.474368214607238770e-01,7.474083304405212402e-01,7.473797798156738281e-01,7.473512887954711914e-01,7.473227977752685547e-01,7.472943067550659180e-01,7.472658157348632812e-01,7.472373247146606445e-01,7.472088336944580078e-01,7.471803426742553711e-01,7.471518516540527344e-01,7.471234202384948730e-01,7.470949292182922363e-01,7.470664381980895996e-01,7.470379471778869629e-01,7.470095157623291016e-01,7.469810247421264648e-01,7.469525337219238281e-01,7.469241023063659668e-01,7.468956112861633301e-01,7.468671798706054688e-01,7.468386888504028320e-01,7.468102574348449707e-01,7.467817664146423340e-01,7.467533349990844727e-01,7.467249035835266113e-01,7.466964125633239746e-01,7.466679811477661133e-01,7.466395497322082520e-01,7.466111183166503906e-01,7.465826869010925293e-01,7.465541958808898926e-01,7.465257644653320312e-01,7.464973330497741699e-01,7.464689016342163086e-01,7.464404702186584473e-01,7.464120388031005859e-01,7.463836669921875000e-01,7.463552355766296387e-01,7.463268041610717773e-01,7.462983727455139160e-01,7.462699413299560547e-01,7.462415695190429688e-01,7.462131381034851074e-01,7.461847066879272461e-01,7.461563348770141602e-01,7.461279034614562988e-01,7.460995316505432129e-01,7.460711002349853516e-01,7.460427284240722656e-01,7.460142970085144043e-01,7.459859251976013184e-01,7.459575533866882324e-01,7.459291219711303711e-01
7.162647247314453125e-01,7.162385582923889160e-01,7.162123918533325195e-01,7.161862254142761230e-01,7.161600589752197266e-01,7.161338925361633301e-01,7.161077260971069336e-01,7.160815596580505371e-01,7.160553932189941406e-01,7.160292267799377441e-01,7.160030603408813477e-01,7.159768939018249512e-01,7.159507274627685547e-01,7.159246206283569336e-01,7.158984541893005371e-01,7.158722877502441406e-01,7.158461213111877441e-01,7.158200144767761230e-01,7.157938480377197266e-01,7.157677412033081055e-01,7.157415747642517090e-01,7.157154679298400879e-01,7.156893014907836914e-01,7.156631946563720703e-01,7.156370282173156738e-01,7.156109213829040527e-01,7.155848145484924316e-01,7.155586481094360352e-01,7.155325412750244141e-01,7.155064344406127930e-01,7.154803276062011719e-01,7.154541611671447754e-01,7.154280543327331543e-01,7.154019474983215332e-01,7.153758406639099121e-01,7.153497338294982910e-01,7.153236269950866699e-01,7.152975201606750488e-01,7.152714133262634277e-01,7.152453064918518066e-01,7.152191996574401855e-01,7.151930928230285645e-01,7.151670455932617188e-01,7.151409387588500977e-01,7.151148319244384766e-01,7.150887250900268555e-01,7.150626778602600098e-01,7.150365710258483887e-01,7.150104641914367676e-01,7.149844169616699219e-01,7.149583101272583008e-01,7.149322628974914551e-01,7.149061560630798340e-01,7.148801088333129883e-01,7.148540019989013672e-01,7.148279547691345215e-01,7.148018479347229004e-01,7.147758007049560547e-01,7.147497534751892090e-01,7.147237062454223633e-01,7.146975994110107422e-01,7.146715521812438965e-01,7.146455049514770508e-01,7.146194577217102051e-01,7.145934104919433594e-01,7.145673036575317383e-01,7.145412564277648926e-01,7.145152091979980469e-01,7.144891619682312012e-01,7.144631147384643555e-01,7.144370675086975098e-01,7.144110798835754395e-01,7.143850326538085938e-01,7.143589854240417480e-01,7.143329381942749023e-01,7.143068909645080566e-01,7.142809033393859863e-01,7.142548561096191406e-01,7.142288088798522949e-01,7.142028212547302246e-01
6.869620084762573242e-01,6.869379281997680664e-01,6.869139075279235840e-01,6.868898272514343262e-01,6.868657469749450684e-01,6.868416666984558105e-01,6.868175864219665527e-01,6.867935061454772949e-01,6.867694854736328125e-01,6.867454051971435547e-01,6.867213249206542969e-01,6.866973042488098145e-01,6.866732239723205566e-01,6.866491436958312988e-01,6.866251230239868164e-01,6.866010427474975586e-01,6.865770220756530762e-01,6.865529417991638184e-01,6.865289211273193359e-01,6.865048408508300781e-01,6.864808201789855957e-01,6.864567399024963379e-01,6.864327192306518555e-01,6.864086985588073730e-01,6.863846182823181152e-01,6.863605976104736328e-01,6.863365769386291504e-01,6.863125562667846680e-01,6.862885355949401855e-01,6.862644553184509277e-01,6.862404346466064453e-01,6.862164139747619629e-01,6.861923933029174805e-01,6.861683726310729980e-01,6.861443519592285156e-01,6.861203312873840332e-01,6.860963106155395508e-01,6.860722899436950684e-01,6.860482692718505859e-01,6.860242486000061035e-01,6.860002875328063965e-01,6.859762668609619141e-01,6.859522461891174316e-01,6.859282255172729492e-01,6.859042048454284668e-01,6.858802437782287598e-01,6.858562231063842773e-01,6.858322024345397949e-01,6.858082413673400879e-01,6.857842206954956055e-01,6.857602596282958984e-01,6.857362389564514160e-01,6.857122778892517090e-01,6.856882572174072266e-01,6.856642961502075195e-01,6.856402754783630371e-01,6.856163144111633301e-01,6.855923533439636230e-01,6.855683326721191406e-01,6.855443716049194336e-01,6.855204105377197266e-01,6.854963898658752441e-01,6.854724287986755371e-01,6.854484677314758301e-01,6.854245066642761230e-01,6.854005455970764160e-01,6.853765845298767090e-01,6.853525638580322266e-01,6.853286027908325195e-01,6.853046417236328125e-01,6.852806806564331055e-01,6.852567195892333984e-01,6.852327585220336914e-01,6.852088570594787598e-01,6.851848959922790527e-01,6.851609349250793457e-01,6.851369738578796387e-01,6.851130127906799316e-01,6.850890517234802246e-01,6.850651502609252930e-01
6.599626541137695312e-01,6.599404811859130859e-01,6.599182486534118652e-01,6.598960161209106445e-01,6.598737835884094238e-01,6.598516106605529785e-01,6.598293781280517578e-01,6.598071455955505371e-01,6.597849726676940918e-01,6.597627401351928711e-01,6.597405076026916504e-01,6.597183346748352051e-01,6.596961021423339844e-01,6.596739292144775391e-01,6.596516966819763184e-01,6.596295237541198730e-01,6.596072912216186523e-01,6.595851182937622070e-01,6.595629453659057617e-01,6.595407128334045410e-01,6.595185399055480957e-01,6.594963669776916504e-01,6.594741344451904297e-01,6.594519615173339844e-01,6.594297885894775391e-01,6.594076156616210938e-01,6.593853831291198730e-01,6.593632102012634277e-01,6.593410372734069824e-01,6.593188643455505371e-01,6.592966914176940918e-01,6.592745184898376465e-01,6.592523455619812012e-01,6.592301726341247559e-01,6.592079997062683105e-01,6.591858267784118652e-01,6.591636538505554199e-01,6.591414809226989746e-01,6.591193079948425293e-01,6.590971350669860840e-01,6.590749621391296387e-01,6.590528488159179688e-01,6.590306758880615234e-01,6.590085029602050781e-01,6.589863300323486328e-01,6.589642167091369629e-01,6.589420437812805176e-01,6.589198708534240723e-01,6.588977575302124023e-01,6.588755846023559570e-01,6.588534116744995117e-01,6.588313579559326172e-01,6.588091850280761719e-01,6.587870717048645020e-01,6.587648987770080566e-01,6.587427854537963867e-01,6.587206125259399414e-01,6.586984992027282715e-01,6.586763262748718262e-01,6.586542129516601562e-01,6.586320996284484863e-01,6.586099267005920410e-01,6.585878133773803711e-01,6.585657000541687012e-01,6.585435867309570312e-01,6.585214138031005859e-01,6.584993004798889160e-01,6.584771871566772461e-01,6.584550738334655762e-01,6.584329605102539062e-01,6.584108471870422363e-01,6.583887338638305664e-01,6.583666205406188965e-01,6.583445072174072266e-01,6.583223938941955566e-01,6.583002805709838867e-01,6.582781672477722168e-01,6.582560539245605469e-01,6.582339406013488770e-01,6.582118272781372070e-01
6.350054144859313965e-01,6.349848508834838867e-01,6.349642276763916016e-01,6.349436640739440918e-01,6.349231004714965820e-01,6.349025368690490723e-01,6.348819732666015625e-01,6.348614096641540527e-01,6.348408460617065430e-01,6.348202824592590332e-01,6.347997188568115234e-01,6.347791552543640137e-01,6.347585916519165039e-01,6.347380280494689941e-01,6.347175240516662598e-01,6.346969604492187500e-01,6.346763968467712402e-01,6.346558332443237305e-01,6.346352696418762207e-01,6.346147656440734863e-01,6.345942020416259766e-01,6.345736384391784668e-01,6.345530748367309570e-01,6.345325708389282227e-01,6.345120072364807129e-01,6.344915032386779785e-01,6.344709396362304688e-01,6.344503760337829590e-01,6.344298720359802246e-01,6.344093084335327148e-01,6.343888044357299805e-01,6.343682408332824707e-01,6.343477368354797363e-01,6.343271732330322266e-01,6.343066692352294922e-01,6.342861652374267578e-01,6.342656016349792480e-01,6.342450976371765137e-01,6.342245936393737793e-01,6.342040300369262695e-01,6.341835260391235352e-01,6.341630220413208008e-01,6.341424584388732910e-01,6.341219544410705566e-01,6.341014504432678223e-01,6.340809464454650879e-01,6.340604424476623535e-01,6.340399384498596191e-01,6.340193748474121094e-01,6.339988708496093750e-01,6.339783668518066406e-01,6.339578628540039062e-01,6.339373588562011719e-01,6.339168548583984375e-01,6.338963508605957031e-01,6.338758468627929688e-01,6.338553428649902344e-01,6.338348984718322754e-01,6.338143944740295410e-01,6.337938904762268066e-01,6.337733864784240723e-01,6.337528824806213379e-01,6.337323784828186035e-01,6.337119340896606445e-01,6.336914300918579102e-01,6.336709260940551758e-01,6.336504220962524414e-01,6.336299777030944824e-01,6.336094737052917480e-01,6.335889697074890137e-01,6.335685253143310547e-01,6.335480213165283203e-01,6.335275769233703613e-01,6.335070729255676270e-01,6.334865689277648926e-01,6.334661245346069336e-01,6.334456205368041992e-01,6.334251761436462402e-01,6.334047317504882812e-01,6.333842277526855469e-01
6.118668913841247559e-01,6.118478178977966309e-01,6.118286848068237305e-01,6.118096113204956055e-01,6.117904782295227051e-01,6.117714047431945801e-01,6.117523312568664551e-01,6.117331981658935547e-01,6.117141246795654297e-01,6.116950511932373047e-01,6.116759181022644043e-01,6.116568446159362793e-01,6.116377711296081543e-01,6.116186976432800293e-01,6.115995645523071289e-01,6.115804910659790039e-01,6.115614175796508789e-01,6.115423440933227539e-01,6.115232706069946289e-01,6.115041971206665039e-01,6.114851236343383789e-01,6.114660501480102539e-01,6.114469766616821289e-01,6.114278435707092285e-01,6.114087700843811035e-01,6.113896965980529785e-01,6.113706827163696289e-01,6.113516092300415039e-01,6.113325357437133789e-01,6.113134622573852539e-01,6.112943887710571289e-01,6.112753152847290039e-01,6.112562417984008789e-01,6.112371683120727539e-01,6.112181544303894043e-01,6.111990809440612793e-01,6.111800074577331543e-01,6.111609339714050293e-01,6.111419200897216797e-01,6.111228466033935547e-01,6.111037731170654297e-01,6.110846996307373047e-01,6.110656857490539551e-01,6.110466122627258301e-01,6.110275983810424805e-01,6.110085248947143555e-01,6.109894514083862305e-01,6.109704375267028809e-01,6.109513640403747559e-01,6.109323501586914062e-01,6.109132766723632812e-01,6.108942627906799316e-01,6.108751893043518066e-01,6.108561754226684570e-01,6.108371615409851074e-01,6.108180880546569824e-01,6.107990741729736328e-01,6.107800602912902832e-01,6.107609868049621582e-01,6.107419729232788086e-01,6.107229590415954590e-01,6.107038855552673340e-01,6.106848716735839844e-01,6.106658577919006348e-01,6.106468439102172852e-01,6.106278300285339355e-01,6.106087565422058105e-01,6.105897426605224609e-01,6.105707287788391113e-01,6.105517148971557617e-01,6.105327010154724121e-01,6.105136871337890625e-01,6.104946732521057129e-01,6.104756593704223633e-01,6.104566454887390137e-01,6.104376316070556641e-01,6.104186177253723145e-01,6.103996038436889648e-01,6.103805899620056152e-01,6.103615760803222656e-01
5.903553366661071777e-01,5.903375148773193359e-01,5.903197526931762695e-01,5.903019905090332031e-01,5.902842283248901367e-01,5.902664065361022949e-01,5.902486443519592285e-01,5.902308821678161621e-01,5.902131199836730957e-01,5.901953577995300293e-01,5.901775360107421875e-01,5.901597738265991211e-01,5.901420116424560547e-01,5.901242494583129883e-01,5.901064872741699219e-01,5.900887250900268555e-01,5.900709629058837891e-01,5.900532007217407227e-01,5.900354385375976562e-01,5.900176763534545898e-01,5.899999141693115234e-01,5.899821519851684570e-01,5.899643898010253906e-01,5.899466276168823242e-01,5.899288654327392578e-01,5.899111032485961914e-01,5.898933410644531250e-01,5.898755788803100586e-01,5.898578763008117676e-01,5.898401141166687012e-01,5.898223519325256348e-01,5.898045897483825684e-01,5.897868871688842773e-01,5.897691249847412109e-01,5.897513628005981445e-01,5.897336602210998535e-01,5.897158980369567871e-01,5.896981358528137207e-01,5.896804332733154297e-01,5.896626710891723633e-01,5.896449089050292969e-01,5.896272063255310059e-01,5.896094441413879395e-01,5.895917415618896484e-01,5.895739793777465820e-01,5.895562171936035156e-01,5.895385146141052246e-01,5.895207524299621582e-01,5.895030498504638672e-01,5.894852876663208008e-01,5.894675850868225098e-01,5.894498825073242188e-01,5.894321203231811523e-01,5.894144177436828613e-01,5.893966555595397949e-01,5.893789529800415039e-01,5.893612504005432129e-01,5.893434882164001465e-01,5.893257856369018555e-01,5.893080830574035645e-01,5.892903804779052734e-01,5.892726182937622070e-01,5.892549157142639160e-01,5.892372131347656250e-01,5.892195105552673340e-01,5.892018079757690430e-01,5.891840457916259766e-01,5.891663432121276855e-01,5.891486406326293945e-01,5.891309380531311035e-01,5.891132354736328125e-01,5.890955328941345215e-01,5.890778303146362305e-01,5.890601277351379395e-01,5.890424251556396484e-01,5.890247225761413574e-01,5.890070199966430664e-01,5.889893174171447754e-01,5.889716148376464844e-01,5.889539122581481934e-01
5.703049898147583008e-01,5.702884197235107422e-01,5.702717900276184082e-01,5.702552199363708496e-01,5.702385902404785156e-01,5.702220201492309570e-01,5.702054500579833984e-01,5.701888203620910645e-01,5.701722502708435059e-01,5.701556801795959473e-01,5.701391100883483887e-01,5.701224803924560547e-01,5.701059103012084961e-01,5.700893402099609375e-01,5.700727701187133789e-01,5.700562000274658203e-01,5.700395703315734863e-01,5.700230002403259277e-01,5.700064301490783691e-01,5.699898600578308105e-01,5.699732899665832520e-01,5.699567198753356934e-01,5.699401497840881348e-01,5.699235796928405762e-01,5.699070096015930176e-01,5.698904395103454590e-01,5.698738694190979004e-01,5.698572993278503418e-01,5.698407292366027832e-01,5.698241591453552246e-01,5.698075890541076660e-01,5.697910785675048828e-01,5.697745084762573242e-01,5.697579383850097656e-01,5.697413682937622070e-01,5.697247982025146484e-01,5.697082281112670898e-01,5.696916580200195312e-01,5.696751475334167480e-01,5.696585774421691895e-01,5.696420073509216309e-01,5.696254372596740723e-01,5.696088671684265137e-01,5.695923566818237305e-01,5.695757865905761719e-01,5.695592164993286133e-01,5.695427060127258301e-01,5.695261359214782715e-01,5.695095658302307129e-01,5.694930553436279297e-01,5.694764852523803711e-01,5.694599151611328125e-01,5.694434046745300293e-01,5.694268345832824707e-01,5.694103240966796875e-01,5.693937540054321289e-01,5.693772435188293457e-01,5.693606734275817871e-01,5.693441629409790039e-01,5.693275928497314453e-01,5.693110823631286621e-01,5.692945122718811035e-01,5.692780017852783203e-01,5.692614912986755371e-01,5.692449212074279785e-01,5.692284107208251953e-01,5.692118406295776367e-01,5.691953301429748535e-01,5.691788196563720703e-01,5.691622495651245117e-01,5.691457390785217285e-01,5.691292285919189453e-01,5.691127181053161621e-01,5.690961480140686035e-01,5.690796375274658203e-01,5.690631270408630371e-01,5.690466165542602539e-01,5.690301060676574707e-01,5.690135359764099121e-01,5.689970254898071289e-01
