3.774664640426635742e+00,3.734538793563842773e+00,3.695257186889648438e+00,3.656792879104614258e+00,3.619121551513671875e+00,3.582217931747436523e+00,3.546059846878051758e+00,3.510624408721923828e+00,3.475889682769775391e+00,3.441836118698120117e+00,3.408442974090576172e+00,3.375691652297973633e+00,3.343564033508300781e+00,3.312041759490966797e+00,3.281108379364013672e+00,3.250747680664062500e+00,3.220943689346313477e+00,3.191680908203125000e+00,3.162945270538330078e+00,3.134722709655761719e+00,3.106998920440673828e+00,3.079761505126953125e+00,3.052997112274169922e+00,3.026694297790527344e+00,3.000840663909912109e+00,2.975425004959106445e+00,2.950436115264892578e+00,2.925863742828369141e+00,2.901697158813476562e+00,2.877926349639892578e+00,2.854542255401611328e+00,2.831534624099731445e+00,2.808895111083984375e+00,2.786614894866943359e+00,2.764685153961181641e+00,2.743098020553588867e+00,2.721845388412475586e+00,2.700919151306152344e+00,2.680312633514404297e+00,2.660018205642700195e+00,2.640028476715087891e+00,2.620337247848510742e+00,2.600937366485595703e+00,2.581822872161865234e+00,2.562987089157104492e+00,2.544424057006835938e+00,2.526128292083740234e+00,2.508093595504760742e+00,2.490314483642578125e+00,2.472785711288452148e+00,2.455502271652221680e+00,2.438458204269409180e+00,2.421649694442749023e+00,2.405071020126342773e+00,2.388717651367187500e+00,2.372585535049438477e+00,2.356669664382934570e+00,2.340965747833251953e+00,2.325469970703125000e+00,2.310177803039550781e+00,2.295085668563842773e+00,2.280189275741577148e+00,2.265485048294067383e+00,2.250969409942626953e+00,2.236638545989990234e+00,2.222488641738891602e+00,2.208517074584960938e+00,2.194719791412353516e+00,2.181094169616699219e+00,2.167636394500732422e+00,2.154343843460083008e+00,2.141213178634643555e+00,2.128241539001464844e+00,2.115426301956176758e+00,2.102764129638671875e+00,2.090253114700317383e+00,2.077889919281005859e+00,2.065671920776367188e+00,2.053596973419189453e+00,2.041662216186523438e+00
3.774665832519531250e+00,3.734539747238159180e+00,3.695257902145385742e+00,3.656794071197509766e+00,3.619122266769409180e+00,3.582219123840332031e+00,3.546060562133789062e+00,3.510625123977661133e+00,3.475890874862670898e+00,3.441836833953857422e+00,3.408443689346313477e+00,3.375692605972290039e+00,3.343564510345458984e+00,3.312042474746704102e+00,3.281109333038330078e+00,3.250748395919799805e+00,3.220944404602050781e+00,3.191681861877441406e+00,3.162945985794067383e+00,3.134723424911499023e+00,3.106999635696411133e+00,3.079761981964111328e+00,3.052998065948486328e+00,3.026695013046264648e+00,3.000841379165649414e+00,2.975425720214843750e+00,2.950436830520629883e+00,2.925864219665527344e+00,2.901697874069213867e+00,2.877926826477050781e+00,2.854542732238769531e+00,2.831535339355468750e+00,2.808895587921142578e+00,2.786615371704101562e+00,2.764685869216918945e+00,2.743098258972167969e+00,2.721845626831054688e+00,2.700919866561889648e+00,2.680313110351562500e+00,2.660018444061279297e+00,2.640029191970825195e+00,2.620337724685668945e+00,2.600937843322753906e+00,2.581823110580444336e+00,2.562987565994262695e+00,2.544424533843994141e+00,2.526128530502319336e+00,2.508094072341918945e+00,2.490314960479736328e+00,2.472786188125610352e+00,2.455502510070800781e+00,2.438458681106567383e+00,2.421649932861328125e+00,2.405071258544921875e+00,2.388718128204345703e+00,2.372585773468017578e+00,2.356670141220092773e+00,2.340966224670410156e+00,2.325470447540283203e+00,2.310178279876708984e+00,2.295086145401000977e+00,2.280189752578735352e+00,2.265485525131225586e+00,2.250969648361206055e+00,2.236638784408569336e+00,2.222489118576049805e+00,2.208517313003540039e+00,2.194720268249511719e+00,2.181094408035278320e+00,2.167636632919311523e+00,2.154344081878662109e+00,2.141213655471801758e+00,2.128241777420043945e+00,2.115426301956176758e+00,2.102764606475830078e+00,2.090253353118896484e+00,2.077890157699584961e+00,2.065672397613525391e+00,2.053597211837768555e+00,2.041662693023681641e+00
3.774666786193847656e+00,3.734540939331054688e+00,3.695258855819702148e+00,3.656794786453247070e+00,3.619123458862304688e+00,3.582219839096069336e+00,3.546061754226684570e+00,3.510626077651977539e+00,3.475891590118408203e+00,3.441837787628173828e+00,3.408444404602050781e+00,3.375693321228027344e+00,3.343565702438354492e+00,3.312043190002441406e+00,3.281110048294067383e+00,3.250749349594116211e+00,3.220944881439208984e+00,3.191682577133178711e+00,3.162946701049804688e+00,3.134723901748657227e+00,3.107000350952148438e+00,3.079762935638427734e+00,3.052998542785644531e+00,3.026695728302001953e+00,3.000842094421386719e+00,2.975426197052001953e+00,2.950437545776367188e+00,2.925864696502685547e+00,2.901698350906372070e+00,2.877927541732788086e+00,2.854543209075927734e+00,2.831535816192626953e+00,2.808896303176879883e+00,2.786615848541259766e+00,2.764686346054077148e+00,2.743098974227905273e+00,2.721846103668212891e+00,2.700920343399047852e+00,2.680313587188720703e+00,2.660018920898437500e+00,2.640029430389404297e+00,2.620338201522827148e+00,2.600938320159912109e+00,2.581823825836181641e+00,2.562988042831420898e+00,2.544425010681152344e+00,2.526129245758056641e+00,2.508094310760498047e+00,2.490315437316894531e+00,2.472786664962768555e+00,2.455502986907958984e+00,2.438459157943725586e+00,2.421650409698486328e+00,2.405071735382080078e+00,2.388718605041503906e+00,2.372586250305175781e+00,2.356670379638671875e+00,2.340966701507568359e+00,2.325470924377441406e+00,2.310178518295288086e+00,2.295086383819580078e+00,2.280190229415893555e+00,2.265485763549804688e+00,2.250970125198364258e+00,2.236639022827148438e+00,2.222489356994628906e+00,2.208517789840698242e+00,2.194720506668090820e+00,2.181094646453857422e+00,2.167636871337890625e+00,2.154344081878662109e+00,2.141213655471801758e+00,2.128242015838623047e+00,2.115426778793334961e+00,2.102764844894409180e+00,2.090253591537475586e+00,2.077890396118164062e+00,2.065672636032104492e+00,2.053597688674926758e+00,2.041662931442260742e+00
3.774667501449584961e+00,3.734541893005371094e+00,3.695260047912597656e+00,3.656795740127563477e+00,3.619124412536621094e+00,3.582221031188964844e+00,3.546062469482421875e+00,3.510627031326293945e+00,3.475892543792724609e+00,3.441838502883911133e+00,3.408445596694946289e+00,3.375694036483764648e+00,3.343566179275512695e+00,3.312044143676757812e+00,3.281110763549804688e+00,3.250749826431274414e+00,3.220945835113525391e+00,3.191683053970336914e+00,3.162947416305541992e+00,3.134724855422973633e+00,3.107000827789306641e+00,3.079763412475585938e+00,3.052999258041381836e+00,3.026696205139160156e+00,3.000842571258544922e+00,2.975426912307739258e+00,2.950438022613525391e+00,2.925865650177001953e+00,2.901699066162109375e+00,2.877928018569946289e+00,2.854543924331665039e+00,2.831536293029785156e+00,2.808896780014038086e+00,2.786616563796997070e+00,2.764686584472656250e+00,2.743099451065063477e+00,2.721846818923950195e+00,2.700920820236206055e+00,2.680314064025878906e+00,2.660019636154174805e+00,2.640029907226562500e+00,2.620338678359985352e+00,2.600938796997070312e+00,2.581824064254760742e+00,2.562988519668579102e+00,2.544425725936889648e+00,2.526129484176635742e+00,2.508095026016235352e+00,2.490315675735473633e+00,2.472787141799926758e+00,2.455503463745117188e+00,2.438459396362304688e+00,2.421650886535644531e+00,2.405072212219238281e+00,2.388718843460083008e+00,2.372586727142333984e+00,2.356670856475830078e+00,2.340966939926147461e+00,2.325471162796020508e+00,2.310178995132446289e+00,2.295086622238159180e+00,2.280190467834472656e+00,2.265486240386962891e+00,2.250970363616943359e+00,2.236639499664306641e+00,2.222489833831787109e+00,2.208517789840698242e+00,2.194720745086669922e+00,2.181094884872436523e+00,2.167637109756469727e+00,2.154344558715820312e+00,2.141213893890380859e+00,2.128242254257202148e+00,2.115427017211914062e+00,2.102765083312988281e+00,2.090254068374633789e+00,2.077890872955322266e+00,2.065672874450683594e+00,2.053597927093505859e+00,2.041663408279418945e+00
3.774668931961059570e+00,3.734542608261108398e+00,3.695260763168334961e+00,3.656796932220458984e+00,3.619125127792358398e+00,3.582221746444702148e+00,3.546063661575317383e+00,3.510627746582031250e+00,3.475893259048461914e+00,3.441839456558227539e+00,3.408446073532104492e+00,3.375694990158081055e+00,3.343566894531250000e+00,3.312044858932495117e+00,3.281111717224121094e+00,3.250750541687011719e+00,3.220946550369262695e+00,3.191684007644653320e+00,3.162947893142700195e+00,3.134725332260131836e+00,3.107001781463623047e+00,3.079764127731323242e+00,3.052999973297119141e+00,3.026696920394897461e+00,3.000843048095703125e+00,2.975427627563476562e+00,2.950438737869262695e+00,2.925866127014160156e+00,2.901699542999267578e+00,2.877928972244262695e+00,2.854544401168823242e+00,2.831537008285522461e+00,2.808897256851196289e+00,2.786616802215576172e+00,2.764687299728393555e+00,2.743099927902221680e+00,2.721847295761108398e+00,2.700921297073364258e+00,2.680314540863037109e+00,2.660020112991333008e+00,2.640030622482299805e+00,2.620339155197143555e+00,2.600939273834228516e+00,2.581824779510498047e+00,2.562988758087158203e+00,2.544425964355468750e+00,2.526130199432373047e+00,2.508095264434814453e+00,2.490316390991210938e+00,2.472787380218505859e+00,2.455503702163696289e+00,2.438460111618041992e+00,2.421651124954223633e+00,2.405072450637817383e+00,2.388719320297241211e+00,2.372586965560913086e+00,2.356671333312988281e+00,2.340967416763305664e+00,2.325471401214599609e+00,2.310179471969604492e+00,2.295087099075317383e+00,2.280190706253051758e+00,2.265486717224121094e+00,2.250970840454101562e+00,2.236639499664306641e+00,2.222490072250366211e+00,2.208518266677856445e+00,2.194720983505249023e+00,2.181095123291015625e+00,2.167637348175048828e+00,2.154344797134399414e+00,2.141214370727539062e+00,2.128242731094360352e+00,2.115427255630493164e+00,2.102765560150146484e+00,2.090254306793212891e+00,2.077891111373901367e+00,2.065673112869262695e+00,2.053598165512084961e+00,2.041663646697998047e+00
3.774669647216796875e+00,3.734543800354003906e+00,3.695261716842651367e+00,3.656797647476196289e+00,3.619126319885253906e+00,3.582222700119018555e+00,3.546064376831054688e+00,3.510628700256347656e+00,3.475893974304199219e+00,3.441840171813964844e+00,3.408447265625000000e+00,3.375695705413818359e+00,3.343567848205566406e+00,3.312045812606811523e+00,3.281112194061279297e+00,3.250751495361328125e+00,3.220947027206420898e+00,3.191684484481811523e+00,3.162948846817016602e+00,3.134726047515869141e+00,3.107002258300781250e+00,3.079764842987060547e+00,3.053000450134277344e+00,3.026697635650634766e+00,3.000844001770019531e+00,2.975428104400634766e+00,2.950439214706420898e+00,2.925866842269897461e+00,2.901700019836425781e+00,2.877929449081420898e+00,2.854545116424560547e+00,2.831537485122680664e+00,2.808897972106933594e+00,2.786617279052734375e+00,2.764687776565551758e+00,2.743100643157958984e+00,2.721847772598266602e+00,2.700921773910522461e+00,2.680315256118774414e+00,2.660020351409912109e+00,2.640031099319458008e+00,2.620339632034301758e+00,2.600939750671386719e+00,2.581825256347656250e+00,2.562989473342895508e+00,2.544426441192626953e+00,2.526130437850952148e+00,2.508095979690551758e+00,2.490316629409790039e+00,2.472787857055664062e+00,2.455504417419433594e+00,2.438460350036621094e+00,2.421651840209960938e+00,2.405072927474975586e+00,2.388719797134399414e+00,2.372587442398071289e+00,2.356671571731567383e+00,2.340967655181884766e+00,2.325471878051757812e+00,2.310179710388183594e+00,2.295087575912475586e+00,2.280190944671630859e+00,2.265486478805541992e+00,2.250970840454101562e+00,2.236639976501464844e+00,2.222490310668945312e+00,2.208518505096435547e+00,2.194721460342407227e+00,2.181095600128173828e+00,2.167637825012207031e+00,2.154345035552978516e+00,2.141214609146118164e+00,2.128242969512939453e+00,2.115427494049072266e+00,2.102765798568725586e+00,2.090254545211791992e+00,2.077891349792480469e+00,2.065673589706420898e+00,2.053598642349243164e+00,2.041663885116577148e+00
3.774670600891113281e+00,3.734544754028320312e+00,3.695262908935546875e+00,3.656798362731933594e+00,3.619127035140991211e+00,3.582223653793334961e+00,3.546065092086791992e+00,3.510629415512084961e+00,3.475895166397094727e+00,3.441840887069702148e+00,3.408447980880737305e+00,3.375696659088134766e+00,3.343568563461303711e+00,3.312046527862548828e+00,3.281113147735595703e+00,3.250752210617065430e+00,3.220947980880737305e+00,3.191685199737548828e+00,3.162949562072753906e+00,3.134726762771606445e+00,3.107002735137939453e+00,3.079765558242797852e+00,3.053001165390014648e+00,3.026698112487792969e+00,3.000844478607177734e+00,2.975428819656372070e+00,2.950439929962158203e+00,2.925867319107055664e+00,2.901700735092163086e+00,2.877929925918579102e+00,2.854545593261718750e+00,2.831538200378417969e+00,2.808898448944091797e+00,2.786617994308471680e+00,2.764688491821289062e+00,2.743101119995117188e+00,2.721848249435424805e+00,2.700922250747680664e+00,2.680315732955932617e+00,2.660021066665649414e+00,2.640031337738037109e+00,2.620340108871459961e+00,2.600940227508544922e+00,2.581825494766235352e+00,2.562989711761474609e+00,2.544426918029785156e+00,2.526130914688110352e+00,2.508096218109130859e+00,2.490317106246948242e+00,2.472788333892822266e+00,2.455504655838012695e+00,2.438460826873779297e+00,2.421652078628540039e+00,2.405073404312133789e+00,2.388720035552978516e+00,2.372587919235229492e+00,2.356672048568725586e+00,2.340968132019042969e+00,2.325472116470336914e+00,2.310179948806762695e+00,2.295087575912475586e+00,2.280191183090209961e+00,2.265486955642700195e+00,2.250971317291259766e+00,2.236640214920043945e+00,2.222490787506103516e+00,2.208518743515014648e+00,2.194721698760986328e+00,2.181095838546752930e+00,2.167638063430786133e+00,2.154345512390136719e+00,2.141214847564697266e+00,2.128243207931518555e+00,2.115427970886230469e+00,2.102766036987304688e+00,2.090254783630371094e+00,2.077891588211059570e+00,2.065673828125000000e+00,2.053598880767822266e+00,2.041664123535156250e+00
3.774671792984008789e+00,3.734545469284057617e+00,3.695263624191284180e+00,3.656799793243408203e+00,3.619127750396728516e+00,3.582224607467651367e+00,3.546066284179687500e+00,3.510630130767822266e+00,3.475895881652832031e+00,3.441842079162597656e+00,3.408448696136474609e+00,3.375697374343872070e+00,3.343569517135620117e+00,3.312047004699707031e+00,3.281113862991333008e+00,3.250753164291381836e+00,3.220948696136474609e+00,3.191686153411865234e+00,3.162950277328491211e+00,3.134727478027343750e+00,3.107003688812255859e+00,3.079766035079956055e+00,3.053001880645751953e+00,3.026698827743530273e+00,3.000844955444335938e+00,2.975429296493530273e+00,2.950440645217895508e+00,2.925867795944213867e+00,2.901701211929321289e+00,2.877930641174316406e+00,2.854546070098876953e+00,2.831538677215576172e+00,2.808899164199829102e+00,2.786618471145629883e+00,2.764688968658447266e+00,2.743101835250854492e+00,2.721848726272583008e+00,2.700922966003417969e+00,2.680315971374511719e+00,2.660021543502807617e+00,2.640032052993774414e+00,2.620340585708618164e+00,2.600940704345703125e+00,2.581826210021972656e+00,2.562990188598632812e+00,2.544427394866943359e+00,2.526131391525268555e+00,2.508096694946289062e+00,2.490317583084106445e+00,2.472788810729980469e+00,2.455505132675170898e+00,2.438461303710937500e+00,2.421652555465698242e+00,2.405073642730712891e+00,2.388720512390136719e+00,2.372587919235229492e+00,2.356672048568725586e+00,2.340968370437622070e+00,2.325472354888916016e+00,2.310180187225341797e+00,2.295088052749633789e+00,2.280191659927368164e+00,2.265487432479858398e+00,2.250971794128417969e+00,2.236640691757202148e+00,2.222491025924682617e+00,2.208519458770751953e+00,2.194722175598144531e+00,2.181096315383911133e+00,2.167638540267944336e+00,2.154345989227294922e+00,2.141215562820434570e+00,2.128243923187255859e+00,2.115428447723388672e+00,2.102766752243041992e+00,2.090255498886108398e+00,2.077892065048217773e+00,2.065674304962158203e+00,2.053599119186401367e+00,2.041664600372314453e+00
3.774672746658325195e+00,3.734546661376953125e+00,3.695264816284179688e+00,3.656800508499145508e+00,3.619128942489624023e+00,3.582225322723388672e+00,3.546066999435424805e+00,3.510631322860717773e+00,3.475896596908569336e+00,3.441842794418334961e+00,3.408449649810791016e+00,3.375698089599609375e+00,3.343570232391357422e+00,3.312047958374023438e+00,3.281114578247070312e+00,3.250753641128540039e+00,3.220949649810791016e+00,3.191686630249023438e+00,3.162950992584228516e+00,3.134728431701660156e+00,3.107004165649414062e+00,3.079766750335693359e+00,3.053002357482910156e+00,3.026699542999267578e+00,3.000845909118652344e+00,2.975430011749267578e+00,2.950441122055053711e+00,2.925868511199951172e+00,2.901701927185058594e+00,2.877931118011474609e+00,2.854546785354614258e+00,2.831539154052734375e+00,2.808899641036987305e+00,2.786619186401367188e+00,2.764689445495605469e+00,2.743102073669433594e+00,2.721849441528320312e+00,2.700923204421997070e+00,2.680316448211669922e+00,2.660021781921386719e+00,2.640032291412353516e+00,2.620340824127197266e+00,2.600941181182861328e+00,2.581826448440551758e+00,2.562990665435791016e+00,2.544427633285522461e+00,2.526131868362426758e+00,2.508097171783447266e+00,2.490318059921264648e+00,2.472789287567138672e+00,2.455505609512329102e+00,2.438461780548095703e+00,2.421653032302856445e+00,2.405074357986450195e+00,2.388720989227294922e+00,2.372588872909545898e+00,2.356673002243041992e+00,2.340969324111938477e+00,2.325473308563232422e+00,2.310181140899658203e+00,2.295089006423950195e+00,2.280192613601684570e+00,2.265488386154174805e+00,2.250972509384155273e+00,2.236641645431518555e+00,2.222491979598999023e+00,2.208520174026489258e+00,2.194722890853881836e+00,2.181097269058227539e+00,2.167639493942260742e+00,2.154346942901611328e+00,2.141216278076171875e+00,2.128244638442993164e+00,2.115429401397705078e+00,2.102767467498779297e+00,2.090256214141845703e+00,2.077892780303955078e+00,2.065674781799316406e+00,2.053600072860717773e+00,2.041665315628051758e+00
3.774673938751220703e+00,3.734547615051269531e+00,3.695265769958496094e+00,3.656801700592041016e+00,3.619129896163940430e+00,3.582226514816284180e+00,3.546067714691162109e+00,3.510632038116455078e+00,3.475897789001464844e+00,3.441843509674072266e+00,3.408450365066528320e+00,3.375699043273925781e+00,3.343570947647094727e+00,3.312048673629760742e+00,3.281115531921386719e+00,3.250754117965698242e+00,3.220949888229370117e+00,3.191687345504760742e+00,3.162951707839965820e+00,3.134728670120239258e+00,3.107004880905151367e+00,3.079767465591430664e+00,3.053003311157226562e+00,3.026700258255004883e+00,3.000846385955810547e+00,2.975430727005004883e+00,2.950441837310791016e+00,2.925869464874267578e+00,2.901702880859375000e+00,2.877931833267211914e+00,2.854547500610351562e+00,2.831540107727050781e+00,2.808900594711303711e+00,2.786619901657104492e+00,2.764690399169921875e+00,2.743103027343750000e+00,2.721850395202636719e+00,2.700924396514892578e+00,2.680317640304565430e+00,2.660022974014282227e+00,2.640033483505249023e+00,2.620342254638671875e+00,2.600942373275756836e+00,2.581827640533447266e+00,2.562991857528686523e+00,2.544428825378417969e+00,2.526132822036743164e+00,2.508098363876342773e+00,2.490319013595581055e+00,2.472790241241455078e+00,2.455506563186645508e+00,2.438462972640991211e+00,2.421653985977172852e+00,2.405075311660766602e+00,2.388722181320190430e+00,2.372589826583862305e+00,2.356673955917358398e+00,2.340970039367675781e+00,2.325474262237548828e+00,2.310182094573974609e+00,2.295089960098266602e+00,2.280193567276000977e+00,2.265489101409912109e+00,2.250973463058471680e+00,2.236642599105834961e+00,2.222492933273315430e+00,2.208520889282226562e+00,2.194723844528198242e+00,2.181097984313964844e+00,2.167640447616577148e+00,2.154347658157348633e+00,2.141216993331909180e+00,2.128245353698730469e+00,2.115430116653442383e+00,2.102768182754516602e+00,2.090257167816162109e+00,2.077893495559692383e+00,2.065675735473632812e+00,2.053600788116455078e+00,2.041666030883789062e+00
3.774674654006958008e+00,3.734548807144165039e+00,3.695266962051391602e+00,3.656802892684936523e+00,3.619130849838256836e+00,3.582227468490600586e+00,3.546069383621215820e+00,3.510633468627929688e+00,3.475899219512939453e+00,3.441844940185546875e+00,3.408451795578002930e+00,3.375700473785400391e+00,3.343572616577148438e+00,3.312050104141235352e+00,3.281116724014282227e+00,3.250756025314331055e+00,3.220951795578002930e+00,3.191689252853393555e+00,3.162953138351440430e+00,3.134730339050292969e+00,3.107006549835205078e+00,3.079769134521484375e+00,3.053004980087280273e+00,3.026701688766479492e+00,3.000848054885864258e+00,2.975432395935058594e+00,2.950443506240844727e+00,2.925870895385742188e+00,2.901704072952270508e+00,2.877933263778686523e+00,2.854548931121826172e+00,2.831541538238525391e+00,2.808901786804199219e+00,2.786621332168579102e+00,2.764691591262817383e+00,2.743104457855224609e+00,2.721851587295532227e+00,2.700925588607788086e+00,2.680318832397460938e+00,2.660024166107177734e+00,2.640034675598144531e+00,2.620343446731567383e+00,2.600943326950073242e+00,2.581828832626342773e+00,2.562993049621582031e+00,2.544430017471313477e+00,2.526134014129638672e+00,2.508099317550659180e+00,2.490320205688476562e+00,2.472791433334350586e+00,2.455507755279541016e+00,2.438463687896728516e+00,2.421655178070068359e+00,2.405076265335083008e+00,2.388723134994506836e+00,2.372590780258178711e+00,2.356674909591674805e+00,2.340970993041992188e+00,2.325475215911865234e+00,2.310183048248291016e+00,2.295090913772583008e+00,2.280194282531738281e+00,2.265490055084228516e+00,2.250974416732788086e+00,2.236643314361572266e+00,2.222493648529052734e+00,2.208521842956542969e+00,2.194724559783935547e+00,2.181098937988281250e+00,2.167641162872314453e+00,2.154348373413085938e+00,2.141217708587646484e+00,2.128246307373046875e+00,2.115430831909179688e+00,2.102769136428833008e+00,2.090257644653320312e+00,2.077894210815429688e+00,2.065676450729370117e+00,2.053601503372192383e+00,2.041666746139526367e+00
3.774677276611328125e+00,3.734551429748535156e+00,3.695269346237182617e+00,3.656804800033569336e+00,3.619133234024047852e+00,3.582229852676391602e+00,3.546071529388427734e+00,3.510635614395141602e+00,3.475900888442993164e+00,3.441846847534179688e+00,3.408453702926635742e+00,3.375702381134033203e+00,3.343574285507202148e+00,3.312052011489868164e+00,3.281118631362915039e+00,3.250757694244384766e+00,3.220953702926635742e+00,3.191690683364868164e+00,3.162954807281494141e+00,3.134732007980346680e+00,3.107008218765258789e+00,3.079770803451538086e+00,3.053006172180175781e+00,3.026703357696533203e+00,3.000849485397338867e+00,2.975433826446533203e+00,2.950444936752319336e+00,2.925872087478637695e+00,2.901705503463745117e+00,2.877934694290161133e+00,2.854550361633300781e+00,2.831542730331420898e+00,2.808903217315673828e+00,2.786622762680053711e+00,2.764693021774291992e+00,2.743105888366699219e+00,2.721852779388427734e+00,2.700926780700683594e+00,2.680320024490356445e+00,2.660025596618652344e+00,2.640035867691040039e+00,2.620344400405883789e+00,2.600944519042968750e+00,2.581830024719238281e+00,2.562994003295898438e+00,2.544431209564208984e+00,2.526134967803955078e+00,2.508100271224975586e+00,2.490321159362792969e+00,2.472792625427246094e+00,2.455508708953857422e+00,2.438464879989624023e+00,2.421656131744384766e+00,2.405077457427978516e+00,2.388724088668823242e+00,2.372591733932495117e+00,2.356675863265991211e+00,2.340971946716308594e+00,2.325476169586181641e+00,2.310184001922607422e+00,2.295091629028320312e+00,2.280195236206054688e+00,2.265491008758544922e+00,2.250975370407104492e+00,2.236644029617309570e+00,2.222494363784790039e+00,2.208522796630859375e+00,2.194725513458251953e+00,2.181099653244018555e+00,2.167641878128051758e+00,2.154349088668823242e+00,2.141218662261962891e+00,2.128247022628784180e+00,2.115431785583496094e+00,2.102769613265991211e+00,2.090258598327636719e+00,2.077894926071166992e+00,2.065677165985107422e+00,2.053602218627929688e+00,2.041667461395263672e+00
3.774679899215698242e+00,3.734553813934326172e+00,3.695271492004394531e+00,3.656807184219360352e+00,3.619135618209838867e+00,3.582232236862182617e+00,3.546073675155639648e+00,3.510637521743774414e+00,3.475903034210205078e+00,3.441848993301391602e+00,3.408455848693847656e+00,3.375704050064086914e+00,3.343576192855834961e+00,3.312053918838500977e+00,3.281120538711547852e+00,3.250759601593017578e+00,3.220955133438110352e+00,3.191692590713500977e+00,3.162956714630126953e+00,3.134733915328979492e+00,3.107010126113891602e+00,3.079772233963012695e+00,3.053007841110229492e+00,3.026705026626586914e+00,3.000851154327392578e+00,2.975435495376586914e+00,2.950446367263793945e+00,2.925873756408691406e+00,2.901707172393798828e+00,2.877936363220214844e+00,2.854551553726196289e+00,2.831544160842895508e+00,2.808904647827148438e+00,2.786624193191528320e+00,2.764694452285766602e+00,2.743106842041015625e+00,2.721854209899902344e+00,2.700928211212158203e+00,2.680321455001831055e+00,2.660026788711547852e+00,2.640037059783935547e+00,2.620345592498779297e+00,2.600945711135864258e+00,2.581831216812133789e+00,2.562995195388793945e+00,2.544432163238525391e+00,2.526136159896850586e+00,2.508101463317871094e+00,2.490322351455688477e+00,2.472793340682983398e+00,2.455509662628173828e+00,2.438465833663940430e+00,2.421657085418701172e+00,2.405078411102294922e+00,2.388725042343139648e+00,2.372592687606811523e+00,2.356676816940307617e+00,2.340972900390625000e+00,2.325477123260498047e+00,2.310184717178344727e+00,2.295092582702636719e+00,2.280196189880371094e+00,2.265491962432861328e+00,2.250976085662841797e+00,2.236644983291625977e+00,2.222495317459106445e+00,2.208523511886596680e+00,2.194726467132568359e+00,2.181100368499755859e+00,2.167642593383789062e+00,2.154350042343139648e+00,2.141219377517700195e+00,2.128247737884521484e+00,2.115432262420654297e+00,2.102770566940307617e+00,2.090259313583374023e+00,2.077895879745483398e+00,2.065677881240844727e+00,2.053602933883666992e+00,2.041668176651000977e+00
3.774682283401489258e+00,3.734555959701538086e+00,3.695273876190185547e+00,3.656809568405151367e+00,3.619138002395629883e+00,3.582234382629394531e+00,3.546075582504272461e+00,3.510639667510986328e+00,3.475905179977416992e+00,3.441851139068603516e+00,3.408457517623901367e+00,3.375706195831298828e+00,3.343578338623046875e+00,3.312055826187133789e+00,3.281122446060180664e+00,3.250761270523071289e+00,3.220957040786743164e+00,3.191694259643554688e+00,3.162958383560180664e+00,3.134735584259033203e+00,3.107011556625366211e+00,3.079773902893066406e+00,3.053009510040283203e+00,3.026706457138061523e+00,3.000852823257446289e+00,2.975436687469482422e+00,2.950447797775268555e+00,2.925875186920166016e+00,2.901708602905273438e+00,2.877937555313110352e+00,2.854553222656250000e+00,2.831545591354370117e+00,2.808906078338623047e+00,2.786625385284423828e+00,2.764695644378662109e+00,2.743108272552490234e+00,2.721855401992797852e+00,2.700929403305053711e+00,2.680322647094726562e+00,2.660027742385864258e+00,2.640038251876831055e+00,2.620346784591674805e+00,2.600946903228759766e+00,2.581832408905029297e+00,2.562996149063110352e+00,2.544433355331420898e+00,2.526137351989746094e+00,2.508102655410766602e+00,2.490323305130004883e+00,2.472794532775878906e+00,2.455510854721069336e+00,2.438467025756835938e+00,2.421658277511596680e+00,2.405079364776611328e+00,2.388725996017456055e+00,2.372593641281127930e+00,2.356677770614624023e+00,2.340973854064941406e+00,2.325477838516235352e+00,2.310185670852661133e+00,2.295093536376953125e+00,2.280197143554687500e+00,2.265492677688598633e+00,2.250976800918579102e+00,2.236645936965942383e+00,2.222496271133422852e+00,2.208524465560913086e+00,2.194727182388305664e+00,2.181101322174072266e+00,2.167643547058105469e+00,2.154350757598876953e+00,2.141220331192016602e+00,2.128248453140258789e+00,2.115433216094970703e+00,2.102771282196044922e+00,2.090260028839111328e+00,2.077896595001220703e+00,2.065678596496582031e+00,2.053603649139404297e+00,2.041668891906738281e+00
3.774684429168701172e+00,3.734558343887329102e+00,3.695276260375976562e+00,3.656811952590942383e+00,3.619140386581420898e+00,3.582236289978027344e+00,3.546077966690063477e+00,3.510642051696777344e+00,3.475907325744628906e+00,3.441853046417236328e+00,3.408459663391113281e+00,3.375708341598510742e+00,3.343580245971679688e+00,3.312057971954345703e+00,3.281124114990234375e+00,3.250763177871704102e+00,3.220958948135375977e+00,3.191696166992187500e+00,3.162960290908813477e+00,3.134737014770507812e+00,3.107013225555419922e+00,3.079775571823120117e+00,3.053011178970336914e+00,3.026708126068115234e+00,3.000854253768920898e+00,2.975438356399536133e+00,2.950449466705322266e+00,2.925876855850219727e+00,2.901709794998168945e+00,2.877938985824584961e+00,2.854554653167724609e+00,2.831547021865844727e+00,2.808907270431518555e+00,2.786626577377319336e+00,2.764696836471557617e+00,2.743109703063964844e+00,2.721856832504272461e+00,2.700930595397949219e+00,2.680323839187622070e+00,2.660029172897338867e+00,2.640039443969726562e+00,2.620348215103149414e+00,2.600948095321655273e+00,2.581833362579345703e+00,2.562997341156005859e+00,2.544434547424316406e+00,2.526138544082641602e+00,2.508103609085083008e+00,2.490324497222900391e+00,2.472795724868774414e+00,2.455511808395385742e+00,2.438467979431152344e+00,2.421658992767333984e+00,2.405080318450927734e+00,2.388726949691772461e+00,2.372594594955444336e+00,2.356678724288940430e+00,2.340974807739257812e+00,2.325478792190551758e+00,2.310186624526977539e+00,2.295094490051269531e+00,2.280197858810424805e+00,2.265493631362915039e+00,2.250977754592895508e+00,2.236646890640258789e+00,2.222497224807739258e+00,2.208525180816650391e+00,2.194727897644042969e+00,2.181102037429809570e+00,2.167644500732421875e+00,2.154351711273193359e+00,2.141220808029174805e+00,2.128249406814575195e+00,2.115433931350708008e+00,2.102771997451782227e+00,2.090260744094848633e+00,2.077897310256958008e+00,2.065679311752319336e+00,2.053604364395141602e+00,2.041669607162475586e+00
3.774687051773071289e+00,3.734560966491699219e+00,3.695278644561767578e+00,3.656814336776733398e+00,3.619142293930053711e+00,3.582238674163818359e+00,3.546080112457275391e+00,3.510644197463989258e+00,3.475909233093261719e+00,3.441855192184448242e+00,3.408461809158325195e+00,3.375710248947143555e+00,3.343582153320312500e+00,3.312059402465820312e+00,3.281126022338867188e+00,3.250765085220336914e+00,3.220960617065429688e+00,3.191698074340820312e+00,3.162961721420288086e+00,3.134738922119140625e+00,3.107014894485473633e+00,3.079777240753173828e+00,3.053012847900390625e+00,3.026709556579589844e+00,3.000855684280395508e+00,2.975440025329589844e+00,2.950450897216796875e+00,2.925878047943115234e+00,2.901711463928222656e+00,2.877940416336059570e+00,2.854556083679199219e+00,2.831548452377319336e+00,2.808908462524414062e+00,2.786628007888793945e+00,2.764698266983032227e+00,2.743110895156860352e+00,2.721858024597167969e+00,2.700931787490844727e+00,2.680325031280517578e+00,2.660030364990234375e+00,2.640040874481201172e+00,2.620349407196044922e+00,2.600949287414550781e+00,2.581834554672241211e+00,2.562998533248901367e+00,2.544435739517211914e+00,2.526139497756958008e+00,2.508104562759399414e+00,2.490325450897216797e+00,2.472796678543090820e+00,2.455513000488281250e+00,2.438468933105468750e+00,2.421660184860229492e+00,2.405081272125244141e+00,2.388728141784667969e+00,2.372595787048339844e+00,2.356679677963256836e+00,2.340975761413574219e+00,2.325479745864868164e+00,2.310187578201293945e+00,2.295095205307006836e+00,2.280198812484741211e+00,2.265494585037231445e+00,2.250978708267211914e+00,2.236647605895996094e+00,2.222497940063476562e+00,2.208526134490966797e+00,2.194728851318359375e+00,2.181102991104125977e+00,2.167645215988159180e+00,2.154352426528930664e+00,2.141221761703491211e+00,2.128250122070312500e+00,2.115434885025024414e+00,2.102772951126098633e+00,2.090261459350585938e+00,2.077898025512695312e+00,2.065680027008056641e+00,2.053605079650878906e+00,2.041670322418212891e+00
3.774689674377441406e+00,3.734563350677490234e+00,3.695281267166137695e+00,3.656816482543945312e+00,3.619144678115844727e+00,3.582241058349609375e+00,3.546082496643066406e+00,3.510646104812622070e+00,3.475911378860473633e+00,3.441857099533081055e+00,3.408463954925537109e+00,3.375712394714355469e+00,3.343583822250366211e+00,3.312061548233032227e+00,3.281127929687500000e+00,3.250766992568969727e+00,3.220962524414062500e+00,3.191699504852294922e+00,3.162963628768920898e+00,3.134740591049194336e+00,3.107016563415527344e+00,3.079778909683227539e+00,3.053014278411865234e+00,3.026711225509643555e+00,3.000857353210449219e+00,2.975441455841064453e+00,2.950452327728271484e+00,2.925879478454589844e+00,2.901712894439697266e+00,2.877941846847534180e+00,2.854557514190673828e+00,2.831549644470214844e+00,2.808909893035888672e+00,2.786629438400268555e+00,2.764699697494506836e+00,2.743112325668334961e+00,2.721859216690063477e+00,2.700933218002319336e+00,2.680326223373413086e+00,2.660031557083129883e+00,2.640042066574096680e+00,2.620350360870361328e+00,2.600950479507446289e+00,2.581835746765136719e+00,2.562999725341796875e+00,2.544436693191528320e+00,2.526140451431274414e+00,2.508105754852294922e+00,2.490326642990112305e+00,2.472797870635986328e+00,2.455513954162597656e+00,2.438469886779785156e+00,2.421661138534545898e+00,2.405082464218139648e+00,2.388729095458984375e+00,2.372596502304077148e+00,2.356680631637573242e+00,2.340976715087890625e+00,2.325480937957763672e+00,2.310188531875610352e+00,2.295096158981323242e+00,2.280199766159057617e+00,2.265495300292968750e+00,2.250979661941528320e+00,2.236648559570312500e+00,2.222498655319213867e+00,2.208526849746704102e+00,2.194729566574096680e+00,2.181103944778442383e+00,2.167645931243896484e+00,2.154353141784667969e+00,2.141222476959228516e+00,2.128251075744628906e+00,2.115435600280761719e+00,2.102773427963256836e+00,2.090262174606323242e+00,2.077898740768432617e+00,2.065680742263793945e+00,2.053605794906616211e+00,2.041671037673950195e+00
3.774692058563232422e+00,3.734565973281860352e+00,3.695283174514770508e+00,3.656818866729736328e+00,3.619147062301635742e+00,3.582243204116821289e+00,3.546084165573120117e+00,3.510648250579833984e+00,3.475913524627685547e+00,3.441859245300292969e+00,3.408465862274169922e+00,3.375714063644409180e+00,3.343585968017578125e+00,3.312063455581665039e+00,3.281129837036132812e+00,3.250768899917602539e+00,3.220964193344116211e+00,3.191701412200927734e+00,3.162965297698974609e+00,3.134742259979248047e+00,3.107018470764160156e+00,3.079780340194702148e+00,3.053015947341918945e+00,3.026712894439697266e+00,3.000859022140502930e+00,2.975442886352539062e+00,2.950453758239746094e+00,2.925881147384643555e+00,2.901714324951171875e+00,2.877943515777587891e+00,2.854558706283569336e+00,2.831551074981689453e+00,2.808911323547363281e+00,2.786630868911743164e+00,2.764701128005981445e+00,2.743113279342651367e+00,2.721860408782958984e+00,2.700934410095214844e+00,2.680327653884887695e+00,2.660032987594604492e+00,2.640043020248413086e+00,2.620351552963256836e+00,2.600951671600341797e+00,2.581836938858032227e+00,2.563000679016113281e+00,2.544437885284423828e+00,2.526141643524169922e+00,2.508106946945190430e+00,2.490327835083007812e+00,2.472798824310302734e+00,2.455514907836914062e+00,2.438471078872680664e+00,2.421662330627441406e+00,2.405083417892456055e+00,2.388730049133300781e+00,2.372597455978393555e+00,2.356681585311889648e+00,2.340977668762207031e+00,2.325481653213500977e+00,2.310189485549926758e+00,2.295097112655639648e+00,2.280200719833374023e+00,2.265496253967285156e+00,2.250980377197265625e+00,2.236649274826049805e+00,2.222499608993530273e+00,2.208527803421020508e+00,2.194730520248413086e+00,2.181104660034179688e+00,2.167646884918212891e+00,2.154354095458984375e+00,2.141223430633544922e+00,2.128251791000366211e+00,2.115436315536499023e+00,2.102774381637573242e+00,2.090263128280639648e+00,2.077899456024169922e+00,2.065681457519531250e+00,2.053606510162353516e+00,2.041671752929687500e+00
3.774694681167602539e+00,3.734567880630493164e+00,3.695285558700561523e+00,3.656821250915527344e+00,3.619149208068847656e+00,3.582245111465454102e+00,3.546086549758911133e+00,3.510650396347045898e+00,3.475915670394897461e+00,3.441861391067504883e+00,3.408467769622802734e+00,3.375715970993041992e+00,3.343587875366210938e+00,3.312065362930297852e+00,3.281131744384765625e+00,3.250770330429077148e+00,3.220966100692749023e+00,3.191703081130981445e+00,3.162967205047607422e+00,3.134744167327880859e+00,3.107019901275634766e+00,3.079782009124755859e+00,3.053017616271972656e+00,3.026714563369750977e+00,3.000860214233398438e+00,2.975444555282592773e+00,2.950455427169799805e+00,2.925882577896118164e+00,2.901715755462646484e+00,2.877944707870483398e+00,2.854560136795043945e+00,2.831552505493164062e+00,2.808912754058837891e+00,2.786632299423217773e+00,2.764702081680297852e+00,2.743114709854125977e+00,2.721861839294433594e+00,2.700935602188110352e+00,2.680328845977783203e+00,2.660033941268920898e+00,2.640044212341308594e+00,2.620352745056152344e+00,2.600952863693237305e+00,2.581837892532348633e+00,2.563001871109008789e+00,2.544438838958740234e+00,2.526142835617065430e+00,2.508108139038085938e+00,2.490328550338745117e+00,2.472799777984619141e+00,2.455516099929809570e+00,2.438472032546997070e+00,2.421663284301757812e+00,2.405084371566772461e+00,2.388731002807617188e+00,2.372598648071289062e+00,2.356682538986206055e+00,2.340978622436523438e+00,2.325482606887817383e+00,2.310190439224243164e+00,2.295098066329956055e+00,2.280201673507690430e+00,2.265496969223022461e+00,2.250981330871582031e+00,2.236650228500366211e+00,2.222500562667846680e+00,2.208528757095336914e+00,2.194731235504150391e+00,2.181105375289916992e+00,2.167647600173950195e+00,2.154354810714721680e+00,2.141224145889282227e+00,2.128252506256103516e+00,2.115437030792236328e+00,2.102775096893310547e+00,2.090263843536376953e+00,2.077900171279907227e+00,2.065682172775268555e+00,2.053607225418090820e+00,2.041672468185424805e+00
3.774696826934814453e+00,3.734570503234863281e+00,3.695288181304931641e+00,3.656823635101318359e+00,3.619151353836059570e+00,3.582247495651245117e+00,3.546088695526123047e+00,3.510652542114257812e+00,3.475917816162109375e+00,3.441863298416137695e+00,3.408469676971435547e+00,3.375718116760253906e+00,3.343590021133422852e+00,3.312067270278930664e+00,3.281133413314819336e+00,3.250772237777709961e+00,3.220967769622802734e+00,3.191704988479614258e+00,3.162968873977661133e+00,3.134745597839355469e+00,3.107021570205688477e+00,3.079783916473388672e+00,3.053019285202026367e+00,3.026715755462646484e+00,3.000861883163452148e+00,2.975445985794067383e+00,2.950456857681274414e+00,2.925884246826171875e+00,2.901717185974121094e+00,2.877946138381958008e+00,2.854561567306518555e+00,2.831553936004638672e+00,2.808914184570312500e+00,2.786633253097534180e+00,2.764703512191772461e+00,2.743116140365600586e+00,2.721863269805908203e+00,2.700937032699584961e+00,2.680330038070678711e+00,2.660035133361816406e+00,2.640045642852783203e+00,2.620353937149047852e+00,2.600953817367553711e+00,2.581839084625244141e+00,2.563003063201904297e+00,2.544440031051635742e+00,2.526144027709960938e+00,2.508109092712402344e+00,2.490329742431640625e+00,2.472800970077514648e+00,2.455517053604125977e+00,2.438473224639892578e+00,2.421664237976074219e+00,2.405085325241088867e+00,2.388731956481933594e+00,2.372599601745605469e+00,2.356683492660522461e+00,2.340979576110839844e+00,2.325483560562133789e+00,2.310191392898559570e+00,2.295099020004272461e+00,2.280202388763427734e+00,2.265497922897338867e+00,2.250982284545898438e+00,2.236651182174682617e+00,2.222501277923583984e+00,2.208529472351074219e+00,2.194732189178466797e+00,2.181106328964233398e+00,2.167648553848266602e+00,2.154355764389038086e+00,2.141224861145019531e+00,2.128253221511840820e+00,2.115437746047973633e+00,2.102775812149047852e+00,2.090264558792114258e+00,2.077900886535644531e+00,2.065683126449584961e+00,2.053607940673828125e+00,2.041673183441162109e+00
3.774699449539184570e+00,3.734572887420654297e+00,3.695290565490722656e+00,3.656825542449951172e+00,3.619153499603271484e+00,3.582249641418457031e+00,3.546091079711914062e+00,3.510654926300048828e+00,3.475919723510742188e+00,3.441865205764770508e+00,3.408471822738647461e+00,3.375720024108886719e+00,3.343591928482055664e+00,3.312068939208984375e+00,3.281135320663452148e+00,3.250774145126342773e+00,3.220969676971435547e+00,3.191706657409667969e+00,3.162970304489135742e+00,3.134747266769409180e+00,3.107023239135742188e+00,3.079785585403442383e+00,3.053020715713500977e+00,3.026717424392700195e+00,3.000863552093505859e+00,2.975447654724121094e+00,2.950458526611328125e+00,2.925885438919067383e+00,2.901718616485595703e+00,2.877947568893432617e+00,2.854562997817993164e+00,2.831555366516113281e+00,2.808915376663208008e+00,2.786634683609008789e+00,2.764704942703247070e+00,2.743117332458496094e+00,2.721864461898803711e+00,2.700937986373901367e+00,2.680331230163574219e+00,2.660036563873291016e+00,2.640046834945678711e+00,2.620355129241943359e+00,2.600955009460449219e+00,2.581840276718139648e+00,2.563004255294799805e+00,2.544441223144531250e+00,2.526144981384277344e+00,2.508110046386718750e+00,2.490330934524536133e+00,2.472801923751831055e+00,2.455518245697021484e+00,2.438473939895629883e+00,2.421665191650390625e+00,2.405086278915405273e+00,2.388732910156250000e+00,2.372600317001342773e+00,2.356684446334838867e+00,2.340980529785156250e+00,2.325484514236450195e+00,2.310192346572875977e+00,2.295099735260009766e+00,2.280203342437744141e+00,2.265498876571655273e+00,2.250982999801635742e+00,2.236652135848999023e+00,2.222502231597900391e+00,2.208530187606811523e+00,2.194732904434204102e+00,2.181107044219970703e+00,2.167649269104003906e+00,2.154356479644775391e+00,2.141225814819335938e+00,2.128254175186157227e+00,2.115438699722290039e+00,2.102776527404785156e+00,2.090265274047851562e+00,2.077901840209960938e+00,2.065683841705322266e+00,2.053608655929565430e+00,2.041673898696899414e+00
3.774701833724975586e+00,3.734575510025024414e+00,3.695292472839355469e+00,3.656827926635742188e+00,3.619155883789062500e+00,3.582252025604248047e+00,3.546093225479125977e+00,3.510656595230102539e+00,3.475921869277954102e+00,3.441867351531982422e+00,3.408473968505859375e+00,3.375722169876098633e+00,3.343593597412109375e+00,3.312070846557617188e+00,3.281137228012084961e+00,3.250776052474975586e+00,3.220971584320068359e+00,3.191708326339721680e+00,3.162972211837768555e+00,3.134749174118041992e+00,3.107024908065795898e+00,3.079787015914916992e+00,3.053022384643554688e+00,3.026719093322753906e+00,3.000865221023559570e+00,2.975449085235595703e+00,2.950459718704223633e+00,2.925886869430541992e+00,2.901720046997070312e+00,2.877948999404907227e+00,2.854564428329467773e+00,2.831556558609008789e+00,2.808916807174682617e+00,2.786636114120483398e+00,2.764706373214721680e+00,2.743118762969970703e+00,2.721865653991699219e+00,2.700939416885375977e+00,2.680332660675048828e+00,2.660037755966186523e+00,2.640047788619995117e+00,2.620356321334838867e+00,2.600956201553344727e+00,2.581841468811035156e+00,2.563005447387695312e+00,2.544442176818847656e+00,2.526146173477172852e+00,2.508111238479614258e+00,2.490331888198852539e+00,2.472803115844726562e+00,2.455518960952758789e+00,2.438475131988525391e+00,2.421666145324707031e+00,2.405087471008300781e+00,2.388733863830566406e+00,2.372601509094238281e+00,2.356685400009155273e+00,2.340981483459472656e+00,2.325485467910766602e+00,2.310193061828613281e+00,2.295100688934326172e+00,2.280204296112060547e+00,2.265499830245971680e+00,2.250983953475952148e+00,2.236652851104736328e+00,2.222502946853637695e+00,2.208531141281127930e+00,2.194733858108520508e+00,2.181107997894287109e+00,2.167649984359741211e+00,2.154357194900512695e+00,2.141226530075073242e+00,2.128254890441894531e+00,2.115439414978027344e+00,2.102777242660522461e+00,2.090265989303588867e+00,2.077902555465698242e+00,2.065684556961059570e+00,2.053609371185302734e+00,2.041674613952636719e+00
3.774704456329345703e+00,3.734577417373657227e+00,3.695295095443725586e+00,3.656830310821533203e+00,3.619158267974853516e+00,3.582254409790039062e+00,3.546095132827758789e+00,3.510658979415893555e+00,3.475924015045166016e+00,3.441869497299194336e+00,3.408475875854492188e+00,3.375723838806152344e+00,3.343595504760742188e+00,3.312072992324829102e+00,3.281139135360717773e+00,3.250777959823608398e+00,3.220973014831542969e+00,3.191709995269775391e+00,3.162973880767822266e+00,3.134750843048095703e+00,3.107026338577270508e+00,3.079788684844970703e+00,3.053024053573608398e+00,3.026720762252807617e+00,3.000866651535034180e+00,2.975450515747070312e+00,2.950461387634277344e+00,2.925888538360595703e+00,2.901721715927124023e+00,2.877950668334960938e+00,2.854565620422363281e+00,2.831557989120483398e+00,2.808918237686157227e+00,2.786637544631958008e+00,2.764707565307617188e+00,2.743119955062866211e+00,2.721866846084594727e+00,2.700940608978271484e+00,2.680333852767944336e+00,2.660038709640502930e+00,2.640048980712890625e+00,2.620357513427734375e+00,2.600957393646240234e+00,2.581842660903930664e+00,2.563006401062011719e+00,2.544443368911743164e+00,2.526147127151489258e+00,2.508112430572509766e+00,2.490333080291748047e+00,2.472804069519042969e+00,2.455520153045654297e+00,2.438476085662841797e+00,2.421667337417602539e+00,2.405088186264038086e+00,2.388734817504882812e+00,2.372602462768554688e+00,2.356686353683471680e+00,2.340982437133789062e+00,2.325486421585083008e+00,2.310194015502929688e+00,2.295101642608642578e+00,2.280205249786376953e+00,2.265500783920288086e+00,2.250984668731689453e+00,2.236653566360473633e+00,2.222503900527954102e+00,2.208532094955444336e+00,2.194734573364257812e+00,2.181108713150024414e+00,2.167650938034057617e+00,2.154358148574829102e+00,2.141227245330810547e+00,2.128255605697631836e+00,2.115440130233764648e+00,2.102778196334838867e+00,2.090266942977905273e+00,2.077903270721435547e+00,2.065685272216796875e+00,2.053610086441040039e+00,2.041675329208374023e+00
3.774706602096557617e+00,3.734580039978027344e+00,3.695297479629516602e+00,3.656832695007324219e+00,3.619160652160644531e+00,3.582256317138671875e+00,3.546097278594970703e+00,3.510661125183105469e+00,3.475926160812377930e+00,3.441871643066406250e+00,3.408477783203125000e+00,3.375725984573364258e+00,3.343597650527954102e+00,3.312074899673461914e+00,3.281141281127929688e+00,3.250779628753662109e+00,3.220974922180175781e+00,3.191711902618408203e+00,3.162975788116455078e+00,3.134752273559570312e+00,3.107028245925903320e+00,3.079790353775024414e+00,3.053025722503662109e+00,3.026722431182861328e+00,3.000868082046508789e+00,2.975452184677124023e+00,2.950462818145751953e+00,2.925889968872070312e+00,2.901723146438598633e+00,2.877951860427856445e+00,2.854567289352416992e+00,2.831559419631958008e+00,2.808919668197631836e+00,2.786638736724853516e+00,2.764708757400512695e+00,2.743121147155761719e+00,2.721868276596069336e+00,2.700942039489746094e+00,2.680334806442260742e+00,2.660040140151977539e+00,2.640050411224365234e+00,2.620358705520629883e+00,2.600958585739135742e+00,2.581843614578247070e+00,2.563007593154907227e+00,2.544444561004638672e+00,2.526148319244384766e+00,2.508113384246826172e+00,2.490334033966064453e+00,2.472805023193359375e+00,2.455521106719970703e+00,2.438477277755737305e+00,2.421668052673339844e+00,2.405089139938354492e+00,2.388735771179199219e+00,2.372603416442871094e+00,2.356687545776367188e+00,2.340983152389526367e+00,2.325487375259399414e+00,2.310194969177246094e+00,2.295102596282958984e+00,2.280206203460693359e+00,2.265501499176025391e+00,2.250985622406005859e+00,2.236654520034790039e+00,2.222504854202270508e+00,2.208532810211181641e+00,2.194735288619995117e+00,2.181109428405761719e+00,2.167651653289794922e+00,2.154358863830566406e+00,2.141227960586547852e+00,2.128256320953369141e+00,2.115440845489501953e+00,2.102778911590576172e+00,2.090267658233642578e+00,2.077903985977172852e+00,2.065685987472534180e+00,2.053610801696777344e+00,2.041676044464111328e+00
3.774709224700927734e+00,3.734582424163818359e+00,3.695299863815307617e+00,3.656835079193115234e+00,3.619162559509277344e+00,3.582258462905883789e+00,3.546099662780761719e+00,3.510663270950317383e+00,3.475928306579589844e+00,3.441873550415039062e+00,3.408479690551757812e+00,3.375727891921997070e+00,3.343599557876586914e+00,3.312076807022094727e+00,3.281142711639404297e+00,3.250781536102294922e+00,3.220976829528808594e+00,3.191713809967041016e+00,3.162977218627929688e+00,3.134754180908203125e+00,3.107029914855957031e+00,3.079792022705078125e+00,3.053027391433715820e+00,3.026723861694335938e+00,3.000869750976562500e+00,2.975453615188598633e+00,2.950464487075805664e+00,2.925891637802124023e+00,2.901724338531494141e+00,2.877953290939331055e+00,2.854568719863891602e+00,2.831560850143432617e+00,2.808921098709106445e+00,2.786640167236328125e+00,2.764710187911987305e+00,2.743122577667236328e+00,2.721869468688964844e+00,2.700942993164062500e+00,2.680336236953735352e+00,2.660041332244873047e+00,2.640051603317260742e+00,2.620359897613525391e+00,2.600959777832031250e+00,2.581844806671142578e+00,2.563008785247802734e+00,2.544445753097534180e+00,2.526149511337280273e+00,2.508114337921142578e+00,2.490335226058959961e+00,2.472806215286254883e+00,2.455522298812866211e+00,2.438477993011474609e+00,2.421669244766235352e+00,2.405090332031250000e+00,2.388736963272094727e+00,2.372604370117187500e+00,2.356688261032104492e+00,2.340984344482421875e+00,2.325488328933715820e+00,2.310195922851562500e+00,2.295103549957275391e+00,2.280206918716430664e+00,2.265502452850341797e+00,2.250986576080322266e+00,2.236655473709106445e+00,2.222505569458007812e+00,2.208533525466918945e+00,2.194736242294311523e+00,2.181110382080078125e+00,2.167652606964111328e+00,2.154359579086303711e+00,2.141228914260864258e+00,2.128257274627685547e+00,2.115441799163818359e+00,2.102779626846313477e+00,2.090268373489379883e+00,2.077904701232910156e+00,2.065686702728271484e+00,2.053611755371093750e+00,2.041676759719848633e+00
3.774711608886718750e+00,3.734585046768188477e+00,3.695302248001098633e+00,3.656837224960327148e+00,3.619164943695068359e+00,3.582260847091674805e+00,3.546101808547973633e+00,3.510665416717529297e+00,3.475930213928222656e+00,3.441875457763671875e+00,3.408481836318969727e+00,3.375730037689208984e+00,3.343601465225219727e+00,3.312078475952148438e+00,3.281144618988037109e+00,3.250783205032348633e+00,3.220978736877441406e+00,3.191715240478515625e+00,3.162979125976562500e+00,3.134755849838256836e+00,3.107031583786010742e+00,3.079793691635131836e+00,3.053028821945190430e+00,3.026725292205810547e+00,3.000871419906616211e+00,2.975455284118652344e+00,2.950466156005859375e+00,2.925892829895019531e+00,2.901726007461547852e+00,2.877954721450805664e+00,2.854570150375366211e+00,2.831562042236328125e+00,2.808922290802001953e+00,2.786641359329223633e+00,2.764711618423461914e+00,2.743124008178710938e+00,2.721870660781860352e+00,2.700944423675537109e+00,2.680337429046630859e+00,2.660042524337768555e+00,2.640052795410156250e+00,2.620361089706420898e+00,2.600960969924926758e+00,2.581845998764038086e+00,2.563009977340698242e+00,2.544446945190429688e+00,2.526150465011596680e+00,2.508115530014038086e+00,2.490336179733276367e+00,2.472807168960571289e+00,2.455523252487182617e+00,2.438479185104370117e+00,2.421670198440551758e+00,2.405091285705566406e+00,2.388737916946411133e+00,2.372605323791503906e+00,2.356689214706420898e+00,2.340985298156738281e+00,2.325489282608032227e+00,2.310196876525878906e+00,2.295104265213012695e+00,2.280207872390747070e+00,2.265503406524658203e+00,2.250987529754638672e+00,2.236656427383422852e+00,2.222506284713745117e+00,2.208534479141235352e+00,2.194737195968627930e+00,2.181111097335815430e+00,2.167653322219848633e+00,2.154360294342041016e+00,2.141229629516601562e+00,2.128257989883422852e+00,2.115442514419555664e+00,2.102780342102050781e+00,2.090269088745117188e+00,2.077905416488647461e+00,2.065687417984008789e+00,2.053612470626831055e+00,2.041677474975585938e+00
3.774714231491088867e+00,3.734587430953979492e+00,3.695304393768310547e+00,3.656839609146118164e+00,3.619167327880859375e+00,3.582263231277465820e+00,3.546104192733764648e+00,3.510667324066162109e+00,3.475932359695434570e+00,3.441877603530883789e+00,3.408483982086181641e+00,3.375731945037841797e+00,3.343603134155273438e+00,3.312080383300781250e+00,3.281146526336669922e+00,3.250785112380981445e+00,3.220980167388916016e+00,3.191717147827148438e+00,3.162980794906616211e+00,3.134757518768310547e+00,3.107033252716064453e+00,3.079795122146606445e+00,3.053030490875244141e+00,3.026726961135864258e+00,3.000872850418090820e+00,2.975456953048706055e+00,2.950467348098754883e+00,2.925894260406494141e+00,2.901727437973022461e+00,2.877956151962280273e+00,2.854571580886840820e+00,2.831563472747802734e+00,2.808923482894897461e+00,2.786642789840698242e+00,2.764712810516357422e+00,2.743124961853027344e+00,2.721872091293334961e+00,2.700945615768432617e+00,2.680338859558105469e+00,2.660043954849243164e+00,2.640053749084472656e+00,2.620362281799316406e+00,2.600962162017822266e+00,2.581847190856933594e+00,2.563011169433593750e+00,2.544447898864746094e+00,2.526151657104492188e+00,2.508116722106933594e+00,2.490337371826171875e+00,2.472808122634887695e+00,2.455524206161499023e+00,2.438480138778686523e+00,2.421671390533447266e+00,2.405092239379882812e+00,2.388738870620727539e+00,2.372606277465820312e+00,2.356690168380737305e+00,2.340986251831054688e+00,2.325490236282348633e+00,2.310197591781616211e+00,2.295105218887329102e+00,2.280208826065063477e+00,2.265504360198974609e+00,2.250988483428955078e+00,2.236657142639160156e+00,2.222507238388061523e+00,2.208535432815551758e+00,2.194737911224365234e+00,2.181111812591552734e+00,2.167654037475585938e+00,2.154361248016357422e+00,2.141230583190917969e+00,2.128258705139160156e+00,2.115443229675292969e+00,2.102781057357788086e+00,2.090269804000854492e+00,2.077906131744384766e+00,2.065688133239746094e+00,2.053612947463989258e+00,2.041678190231323242e+00
3.774716854095458984e+00,3.734589576721191406e+00,3.695306777954101562e+00,3.656841993331909180e+00,3.619169473648071289e+00,3.582265377044677734e+00,3.546106100082397461e+00,3.510669469833374023e+00,3.475934505462646484e+00,3.441879749298095703e+00,3.408486127853393555e+00,3.375733613967895508e+00,3.343605279922485352e+00,3.312082290649414062e+00,3.281148433685302734e+00,3.250786781311035156e+00,3.220982074737548828e+00,3.191718816757202148e+00,3.162982702255249023e+00,3.134759426116943359e+00,3.107034683227539062e+00,3.079796791076660156e+00,3.053032159805297852e+00,3.026728630065917969e+00,3.000874519348144531e+00,2.975458145141601562e+00,2.950469017028808594e+00,2.925895929336547852e+00,2.901728868484497070e+00,2.877957582473754883e+00,2.854572772979736328e+00,2.831564903259277344e+00,2.808924913406372070e+00,2.786644220352172852e+00,2.764714002609252930e+00,2.743126392364501953e+00,2.721873283386230469e+00,2.700947046279907227e+00,2.680340051651000977e+00,2.660044908523559570e+00,2.640055179595947266e+00,2.620363473892211914e+00,2.600963354110717773e+00,2.581848382949829102e+00,2.563012123107910156e+00,2.544448852539062500e+00,2.526152610778808594e+00,2.508117914199829102e+00,2.490338325500488281e+00,2.472809314727783203e+00,2.455525398254394531e+00,2.438481330871582031e+00,2.421672344207763672e+00,2.405093193054199219e+00,2.388739824295043945e+00,2.372607231140136719e+00,2.356691360473632812e+00,2.340987205505371094e+00,2.325490951538085938e+00,2.310198545455932617e+00,2.295106172561645508e+00,2.280209541320800781e+00,2.265505075454711914e+00,2.250988960266113281e+00,2.236657857894897461e+00,2.222507953643798828e+00,2.208535909652709961e+00,2.194738626480102539e+00,2.181112527847290039e+00,2.167654514312744141e+00,2.154361724853515625e+00,2.141230821609497070e+00,2.128259181976318359e+00,2.115443468093872070e+00,2.102781534194946289e+00,2.090270280838012695e+00,2.077906370162963867e+00,2.065688371658325195e+00,2.053613185882568359e+00,2.041678428649902344e+00
3.774718999862670898e+00,3.734591960906982422e+00,3.695309162139892578e+00,3.656844377517700195e+00,3.619171857833862305e+00,3.582267284393310547e+00,3.546108245849609375e+00,3.510671615600585938e+00,3.475936651229858398e+00,3.441881895065307617e+00,3.408487796783447266e+00,3.375735759735107422e+00,3.343607187271118164e+00,3.312084436416625977e+00,3.281150102615356445e+00,3.250788688659667969e+00,3.220983982086181641e+00,3.191720724105834961e+00,3.162984371185302734e+00,3.134760856628417969e+00,3.107036590576171875e+00,3.079798460006713867e+00,3.053033828735351562e+00,3.026730298995971680e+00,3.000875949859619141e+00,2.975459814071655273e+00,2.950470447540283203e+00,2.925897359848022461e+00,2.901730060577392578e+00,2.877959012985229492e+00,2.854574203491210938e+00,2.831566333770751953e+00,2.808926343917846680e+00,2.786645412445068359e+00,2.764715433120727539e+00,2.743127822875976562e+00,2.721874713897705078e+00,2.700948238372802734e+00,2.680341005325317383e+00,2.660046100616455078e+00,2.640056133270263672e+00,2.620364427566528320e+00,2.600964307785034180e+00,2.581849098205566406e+00,2.563013076782226562e+00,2.544449806213378906e+00,2.526153564453125000e+00,2.508118629455566406e+00,2.490339040756225586e+00,2.472810029983520508e+00,2.455526113510131836e+00,2.438481807708740234e+00,2.421672821044921875e+00,2.405093669891357422e+00,2.388740301132202148e+00,2.372607707977294922e+00,2.356691598892211914e+00,2.340987443923950195e+00,2.325491189956665039e+00,2.310199022293090820e+00,2.295106410980224609e+00,2.280209779739379883e+00,2.265505313873291016e+00,2.250989198684692383e+00,2.236658096313476562e+00,2.222508192062377930e+00,2.208536148071289062e+00,2.194738864898681641e+00,2.181113004684448242e+00,2.167654991149902344e+00,2.154361963272094727e+00,2.141231060028076172e+00,2.128259420394897461e+00,2.115443944931030273e+00,2.102781772613525391e+00,2.090270519256591797e+00,2.077906847000122070e+00,2.065688848495483398e+00,2.053613662719726562e+00,2.041678667068481445e+00
3.774721384048461914e+00,3.734594583511352539e+00,3.695311784744262695e+00,3.656846761703491211e+00,3.619174003601074219e+00,3.582269668579101562e+00,3.546110391616821289e+00,3.510673999786376953e+00,3.475938796997070312e+00,3.441883563995361328e+00,3.408489942550659180e+00,3.375737667083740234e+00,3.343609333038330078e+00,3.312085866928100586e+00,3.281152009963989258e+00,3.250790596008300781e+00,3.220985889434814453e+00,3.191722631454467773e+00,3.162985801696777344e+00,3.134762525558471680e+00,3.107038259506225586e+00,3.079799890518188477e+00,3.053035259246826172e+00,3.026731491088867188e+00,3.000877141952514648e+00,2.975461006164550781e+00,2.950471401214599609e+00,2.925898551940917969e+00,2.901731252670288086e+00,2.877959966659545898e+00,2.854575157165527344e+00,2.831567049026489258e+00,2.808927059173583984e+00,2.786646127700805664e+00,2.764716148376464844e+00,2.743128538131713867e+00,2.721875190734863281e+00,2.700948715209960938e+00,2.680341720581054688e+00,2.660046577453613281e+00,2.640056848526000977e+00,2.620364904403686523e+00,2.600964784622192383e+00,2.581849813461303711e+00,2.563013553619384766e+00,2.544450283050537109e+00,2.526153802871704102e+00,2.508118867874145508e+00,2.490339517593383789e+00,2.472810268402099609e+00,2.455526351928710938e+00,2.438482284545898438e+00,2.421673297882080078e+00,2.405094146728515625e+00,2.388740539550781250e+00,2.372608184814453125e+00,2.356691837310791016e+00,2.340987920761108398e+00,2.325491666793823242e+00,2.310199260711669922e+00,2.295106887817382812e+00,2.280210256576538086e+00,2.265505552291870117e+00,2.250989675521850586e+00,2.236658334732055664e+00,2.222508668899536133e+00,2.208536624908447266e+00,2.194739103317260742e+00,2.181113243103027344e+00,2.167655229568481445e+00,2.154362440109252930e+00,2.141231536865234375e+00,2.128259658813476562e+00,2.115444183349609375e+00,2.102782011032104492e+00,2.090270757675170898e+00,2.077907085418701172e+00,2.065689086914062500e+00,2.053613901138305664e+00,2.041678905487060547e+00
3.774724006652832031e+00,3.734596729278564453e+00,3.695313692092895508e+00,3.656848192214965820e+00,3.619175910949707031e+00,3.582271575927734375e+00,3.546112060546875000e+00,3.510675430297851562e+00,3.475939750671386719e+00,3.441884994506835938e+00,3.408491134643554688e+00,3.375738859176635742e+00,3.343610286712646484e+00,3.312087297439575195e+00,3.281152963638305664e+00,3.250791549682617188e+00,3.220986366271972656e+00,3.191723108291625977e+00,3.162986755371093750e+00,3.134763240814208984e+00,3.107038736343383789e+00,3.079800605773925781e+00,3.053035736083984375e+00,3.026732206344604492e+00,3.000877857208251953e+00,2.975461483001708984e+00,2.950472116470336914e+00,2.925899028778076172e+00,2.901731967926025391e+00,2.877960443496704102e+00,2.854575634002685547e+00,2.831567525863647461e+00,2.808927536010742188e+00,2.786646842956542969e+00,2.764716625213623047e+00,2.743128776550292969e+00,2.721875667572021484e+00,2.700949192047119141e+00,2.680342197418212891e+00,2.660047054290771484e+00,2.640057086944580078e+00,2.620365381240844727e+00,2.600965023040771484e+00,2.581850290298461914e+00,2.563013792037963867e+00,2.544450759887695312e+00,2.526154518127441406e+00,2.508119344711303711e+00,2.490339994430541992e+00,2.472810745239257812e+00,2.455526828765869141e+00,2.438482761383056641e+00,2.421673536300659180e+00,2.405094623565673828e+00,2.388741254806518555e+00,2.372608423233032227e+00,2.356692314147949219e+00,2.340988159179687500e+00,2.325492143630981445e+00,2.310199737548828125e+00,2.295107126235961914e+00,2.280210494995117188e+00,2.265506029129028320e+00,2.250990152359008789e+00,2.236658811569213867e+00,2.222508907318115234e+00,2.208536863327026367e+00,2.194739341735839844e+00,2.181113481521606445e+00,2.167655706405639648e+00,2.154362678527832031e+00,2.141231775283813477e+00,2.128259897232055664e+00,2.115444421768188477e+00,2.102782487869262695e+00,2.090270996093750000e+00,2.077907323837280273e+00,2.065689325332641602e+00,2.053614139556884766e+00,2.041679382324218750e+00
3.774724960327148438e+00,3.734597444534301758e+00,3.695314645767211914e+00,3.656849384307861328e+00,3.619176626205444336e+00,3.582272291183471680e+00,3.546113014221191406e+00,3.510676145553588867e+00,3.475940942764282227e+00,3.441885709762573242e+00,3.408491849899291992e+00,3.375739812850952148e+00,3.343611001968383789e+00,3.312088012695312500e+00,3.281153678894042969e+00,3.250792026519775391e+00,3.220987319946289062e+00,3.191723823547363281e+00,3.162987470626831055e+00,3.134763717651367188e+00,3.107039451599121094e+00,3.079801321029663086e+00,3.053036212921142578e+00,3.026732683181762695e+00,3.000878334045410156e+00,2.975462198257446289e+00,2.950472831726074219e+00,2.925899505615234375e+00,2.901732444763183594e+00,2.877961158752441406e+00,2.854576110839843750e+00,2.831568241119384766e+00,2.808928012847900391e+00,2.786647319793701172e+00,2.764717102050781250e+00,2.743129253387451172e+00,2.721876144409179688e+00,2.700949668884277344e+00,2.680342674255371094e+00,2.660047531127929688e+00,2.640057563781738281e+00,2.620365858078002930e+00,2.600965499877929688e+00,2.581850528717041016e+00,2.563014507293701172e+00,2.544450998306274414e+00,2.526154756546020508e+00,2.508119583129882812e+00,2.490340232849121094e+00,2.472811222076416016e+00,2.455527067184448242e+00,2.438482999801635742e+00,2.421674013137817383e+00,2.405094861984252930e+00,2.388741493225097656e+00,2.372608900070190430e+00,2.356692790985107422e+00,2.340988636016845703e+00,2.325492382049560547e+00,2.310199975967407227e+00,2.295107364654541016e+00,2.280210971832275391e+00,2.265506505966186523e+00,2.250990390777587891e+00,2.236659288406372070e+00,2.222509145736694336e+00,2.208537340164184570e+00,2.194739818572998047e+00,2.181113719940185547e+00,2.167655944824218750e+00,2.154362916946411133e+00,2.141232013702392578e+00,2.128260374069213867e+00,2.115444660186767578e+00,2.102782726287841797e+00,2.090271472930908203e+00,2.077907562255859375e+00,2.065689563751220703e+00,2.053614377975463867e+00,2.041679620742797852e+00
3.774725675582885742e+00,3.734598636627197266e+00,3.695315361022949219e+00,3.656850337982177734e+00,3.619177818298339844e+00,3.582273006439208984e+00,3.546113967895507812e+00,3.510676860809326172e+00,3.475941658020019531e+00,3.441886901855468750e+00,3.408492565155029297e+00,3.375740528106689453e+00,3.343611478805541992e+00,3.312088489532470703e+00,3.281154632568359375e+00,3.250792741775512695e+00,3.220988035202026367e+00,3.191724300384521484e+00,3.162987947463989258e+00,3.134764671325683594e+00,3.107039928436279297e+00,3.079801797866821289e+00,3.053037166595458984e+00,3.026733398437500000e+00,3.000879049301147461e+00,2.975462675094604492e+00,2.950473308563232422e+00,2.925900220870971680e+00,2.901732921600341797e+00,2.877961635589599609e+00,2.854576587677001953e+00,2.831568717956542969e+00,2.808928728103637695e+00,2.786647796630859375e+00,2.764717578887939453e+00,2.743129730224609375e+00,2.721876621246337891e+00,2.700950384140014648e+00,2.680343151092529297e+00,2.660048007965087891e+00,2.640058040618896484e+00,2.620366334915161133e+00,2.600966215133666992e+00,2.581851005554199219e+00,2.563014745712280273e+00,2.544451713562011719e+00,2.526155233383178711e+00,2.508120298385620117e+00,2.490340709686279297e+00,2.472811698913574219e+00,2.455527782440185547e+00,2.438483476638793945e+00,2.421674489974975586e+00,2.405095338821411133e+00,2.388741731643676758e+00,2.372609376907348633e+00,2.356693029403686523e+00,2.340988874435424805e+00,2.325492858886718750e+00,2.310200452804565430e+00,2.295107841491699219e+00,2.280211210250854492e+00,2.265506744384765625e+00,2.250990629196166992e+00,2.236659526824951172e+00,2.222509622573852539e+00,2.208537578582763672e+00,2.194740056991577148e+00,2.181114196777343750e+00,2.167656183242797852e+00,2.154363393783569336e+00,2.141232490539550781e+00,2.128260612487792969e+00,2.115445137023925781e+00,2.102782964706420898e+00,2.090271711349487305e+00,2.077907800674438477e+00,2.065689802169799805e+00,2.053614854812622070e+00,2.041679859161376953e+00
3.774726629257202148e+00,3.734599590301513672e+00,3.695316553115844727e+00,3.656851053237915039e+00,3.619178533554077148e+00,3.582273721694946289e+00,3.546114683151245117e+00,3.510678052902221680e+00,3.475942373275756836e+00,3.441887617111206055e+00,3.408493280410766602e+00,3.375741243362426758e+00,3.343612670898437500e+00,3.312089204788208008e+00,3.281155347824096680e+00,3.250793457031250000e+00,3.220988512039184570e+00,3.191725254058837891e+00,3.162988662719726562e+00,3.134765148162841797e+00,3.107040882110595703e+00,3.079802513122558594e+00,3.053037643432617188e+00,3.026733875274658203e+00,3.000879526138305664e+00,2.975463390350341797e+00,2.950473785400390625e+00,2.925900697708129883e+00,2.901733398437500000e+00,2.877962112426757812e+00,2.854577302932739258e+00,2.831569194793701172e+00,2.808929204940795898e+00,2.786648273468017578e+00,2.764718055725097656e+00,2.743130445480346680e+00,2.721877098083496094e+00,2.700950622558593750e+00,2.680343627929687500e+00,2.660048484802246094e+00,2.640058517456054688e+00,2.620366811752319336e+00,2.600966453552246094e+00,2.581851482391357422e+00,2.563015222549438477e+00,2.544451951980590820e+00,2.526155471801757812e+00,2.508120536804199219e+00,2.490341186523437500e+00,2.472811937332153320e+00,2.455528020858764648e+00,2.438483715057373047e+00,2.421674728393554688e+00,2.405095815658569336e+00,2.388742208480834961e+00,2.372609615325927734e+00,2.356693506240844727e+00,2.340989351272583008e+00,2.325493335723876953e+00,2.310200691223144531e+00,2.295108318328857422e+00,2.280211687088012695e+00,2.265506982803344727e+00,2.250991106033325195e+00,2.236659765243530273e+00,2.222509860992431641e+00,2.208538055419921875e+00,2.194740533828735352e+00,2.181114435195922852e+00,2.167656421661376953e+00,2.154363632202148438e+00,2.141232728958129883e+00,2.128260850906372070e+00,2.115445375442504883e+00,2.102783203125000000e+00,2.090271949768066406e+00,2.077908277511596680e+00,2.065690040588378906e+00,2.053615093231201172e+00,2.041680097579956055e+00
3.774727821350097656e+00,3.734600305557250977e+00,3.695317506790161133e+00,3.656851768493652344e+00,3.619179248809814453e+00,3.582274913787841797e+00,3.546115398406982422e+00,3.510678768157958984e+00,3.475943088531494141e+00,3.441888332366943359e+00,3.408494234085083008e+00,3.375741720199584961e+00,3.343613147735595703e+00,3.312090158462524414e+00,3.281155824661254883e+00,3.250794410705566406e+00,3.220989227294921875e+00,3.191725969314575195e+00,3.162989377975463867e+00,3.134765863418579102e+00,3.107041358947753906e+00,3.079802989959716797e+00,3.053038120269775391e+00,3.026734590530395508e+00,3.000880241394042969e+00,2.975463867187500000e+00,2.950474262237548828e+00,2.925901174545288086e+00,2.901734113693237305e+00,2.877962589263916016e+00,2.854577779769897461e+00,2.831569671630859375e+00,2.808929681777954102e+00,2.786648750305175781e+00,2.764718532562255859e+00,2.743130922317504883e+00,2.721877813339233398e+00,2.700951099395751953e+00,2.680344104766845703e+00,2.660048961639404297e+00,2.640058994293212891e+00,2.620367288589477539e+00,2.600966930389404297e+00,2.581851959228515625e+00,2.563015699386596680e+00,2.544452428817749023e+00,2.526156187057495117e+00,2.508121013641357422e+00,2.490341663360595703e+00,2.472812414169311523e+00,2.455528497695922852e+00,2.438484430313110352e+00,2.421675205230712891e+00,2.405096054077148438e+00,2.388742685317993164e+00,2.372609853744506836e+00,2.356693983078002930e+00,2.340989589691162109e+00,2.325493574142456055e+00,2.310201168060302734e+00,2.295108556747436523e+00,2.280211925506591797e+00,2.265507221221923828e+00,2.250991344451904297e+00,2.236660242080688477e+00,2.222510337829589844e+00,2.208538293838500977e+00,2.194740772247314453e+00,2.181114673614501953e+00,2.167656898498535156e+00,2.154363870620727539e+00,2.141232967376708984e+00,2.128261327743530273e+00,2.115445613861083984e+00,2.102783679962158203e+00,2.090272188186645508e+00,2.077908515930175781e+00,2.065690517425537109e+00,2.053615331649780273e+00,2.041680335998535156e+00
3.083648204803466797e+00,3.083161592483520508e+00,3.082674741744995117e+00,3.082188129425048828e+00,3.081701755523681641e+00,3.081215620040893555e+00,3.080729484558105469e+00,3.080243587493896484e+00,3.079757928848266602e+00,3.079272270202636719e+00,3.078786611557006836e+00,3.078301429748535156e+00,3.077816247940063477e+00,3.077331066131591797e+00,3.076846122741699219e+00,3.076361656188964844e+00,3.075877189636230469e+00,3.075392484664916992e+00,3.074908256530761719e+00,3.074424266815185547e+00,3.073940038681030273e+00,3.073456287384033203e+00,3.053038835525512695e+00,3.026735305786132812e+00,3.000880718231201172e+00,2.975464582443237305e+00,2.950475215911865234e+00,2.925901889801025391e+00,2.901734590530395508e+00,2.877963542938232422e+00,2.854578256607055664e+00,2.831570386886596680e+00,2.808930158615112305e+00,2.786649227142333984e+00,2.764719247817993164e+00,2.743131399154663086e+00,2.721878051757812500e+00,2.700951576232910156e+00,2.680344581604003906e+00,2.660049438476562500e+00,2.640059471130371094e+00,2.620367765426635742e+00,2.600967407226562500e+00,2.581852436065673828e+00,2.563016176223754883e+00,2.544452905654907227e+00,2.526156425476074219e+00,2.508121252059936523e+00,2.490341901779174805e+00,2.472812891006469727e+00,2.455528736114501953e+00,2.438484668731689453e+00,2.421675682067871094e+00,2.405096530914306641e+00,2.388742923736572266e+00,2.372610330581665039e+00,2.356694221496582031e+00,2.340990066528320312e+00,2.325493812561035156e+00,2.310201406478881836e+00,2.295108795166015625e+00,2.280212402343750000e+00,2.265507698059082031e+00,2.250991821289062500e+00,2.236660480499267578e+00,2.222510576248168945e+00,2.208538532257080078e+00,2.194741249084472656e+00,2.181115150451660156e+00,2.167657136917114258e+00,2.154364347457885742e+00,2.141233444213867188e+00,2.128261566162109375e+00,2.115445852279663086e+00,2.102783918380737305e+00,2.090272665023803711e+00,2.077908754348754883e+00,2.065690755844116211e+00,2.053615570068359375e+00,2.041680812835693359e+00
2.605221271514892578e+00,2.604873657226562500e+00,2.604526281356811523e+00,2.604178905487060547e+00,2.603831768035888672e+00,2.603484392166137695e+00,2.603137493133544922e+00,2.602790594100952148e+00,2.602443695068359375e+00,2.602096796035766602e+00,2.601750135421752930e+00,2.601403713226318359e+00,2.601057052612304688e+00,2.600710630416870117e+00,2.600364446640014648e+00,2.600018262863159180e+00,2.599672079086303711e+00,2.599326133728027344e+00,2.598980188369750977e+00,2.598634243011474609e+00,2.598288297653198242e+00,2.597942829132080078e+00,2.597597360610961914e+00,2.597251653671264648e+00,2.596906423568725586e+00,2.596560955047607422e+00,2.596215963363647461e+00,2.595870733261108398e+00,2.595525741577148438e+00,2.595180749893188477e+00,2.594835758209228516e+00,2.594491004943847656e+00,2.594146490097045898e+00,2.593801975250244141e+00,2.593457460403442383e+00,2.593112945556640625e+00,2.592768907546997070e+00,2.592424631118774414e+00,2.592080354690551758e+00,2.591736555099487305e+00,2.591392517089843750e+00,2.591048479080200195e+00,2.590704917907714844e+00,2.581852674484252930e+00,2.563016653060913086e+00,2.544453382492065430e+00,2.526156902313232422e+00,2.508121967315673828e+00,2.490342378616333008e+00,2.472813367843627930e+00,2.455529212951660156e+00,2.438484907150268555e+00,2.421675920486450195e+00,2.405096769332885742e+00,2.388743400573730469e+00,2.372610807418823242e+00,2.356694459915161133e+00,2.340990543365478516e+00,2.325494289398193359e+00,2.310201883316040039e+00,2.295109272003173828e+00,2.280212640762329102e+00,2.265508174896240234e+00,2.250992059707641602e+00,2.236660718917846680e+00,2.222511053085327148e+00,2.208538770675659180e+00,2.194741487503051758e+00,2.181115388870239258e+00,2.167657375335693359e+00,2.154364585876464844e+00,2.141233682632446289e+00,2.128261804580688477e+00,2.115446329116821289e+00,2.102784156799316406e+00,2.090272903442382812e+00,2.077908992767333984e+00,2.065690994262695312e+00,2.053615808486938477e+00,2.041681051254272461e+00
2.255310535430908203e+00,2.255049943923950195e+00,2.254789590835571289e+00,2.254529476165771484e+00,2.254269123077392578e+00,2.254009008407592773e+00,2.253748893737792969e+00,2.253488779067993164e+00,2.253228664398193359e+00,2.252968788146972656e+00,2.252708911895751953e+00,2.252449035644531250e+00,2.252189159393310547e+00,2.251929521560668945e+00,2.251669883728027344e+00,2.251410245895385742e+00,2.251150846481323242e+00,2.250891208648681641e+00,2.250631809234619141e+00,2.250372409820556641e+00,2.250113248825073242e+00,2.249854087829589844e+00,2.249594688415527344e+00,2.249335527420043945e+00,2.249076604843139648e+00,2.248817682266235352e+00,2.248558521270751953e+00,2.248299837112426758e+00,2.248040914535522461e+00,2.247782230377197266e+00,2.247523546218872070e+00,2.247264862060546875e+00,2.247006416320800781e+00,2.246747732162475586e+00,2.246489286422729492e+00,2.246230840682983398e+00,2.245972633361816406e+00,2.245714187622070312e+00,2.245455980300903320e+00,2.245197772979736328e+00,2.244939565658569336e+00,2.244681596755981445e+00,2.244423627853393555e+00,2.244165897369384766e+00,2.243907928466796875e+00,2.243649959564208984e+00,2.243392229080200195e+00,2.243134737014770508e+00,2.242877006530761719e+00,2.242619514465332031e+00,2.242362022399902344e+00,2.242104291915893555e+00,2.241847038269042969e+00,2.241589784622192383e+00,2.241332530975341797e+00,2.241075038909912109e+00,2.240818023681640625e+00,2.240561008453369141e+00,2.240303754806518555e+00,2.240046977996826172e+00,2.239789962768554688e+00,2.239533185958862305e+00,2.239276170730590820e+00,2.239019632339477539e+00,2.236661195755004883e+00,2.222511291503906250e+00,2.208539247512817383e+00,2.194741725921630859e+00,2.181115865707397461e+00,2.167657613754272461e+00,2.154364824295043945e+00,2.141233921051025391e+00,2.128262281417846680e+00,2.115446567535400391e+00,2.102784395217895508e+00,2.090273141860961914e+00,2.077909469604492188e+00,2.065691232681274414e+00,2.053616285324096680e+00,2.041681289672851562e+00
1.988264203071594238e+00,1.988061785697937012e+00,1.987859487533569336e+00,1.987656950950622559e+00,1.987454652786254883e+00,1.987252473831176758e+00,1.987050294876098633e+00,1.986848115921020508e+00,1.986646056175231934e+00,1.986443996429443359e+00,1.986241698265075684e+00,1.986039757728576660e+00,1.985837817192077637e+00,1.985635995864868164e+00,1.985434174537658691e+00,1.985232353210449219e+00,1.985030531883239746e+00,1.984828829765319824e+00,1.984626889228820801e+00,1.984425187110900879e+00,1.984223604202270508e+00,1.984022021293640137e+00,1.983820557594299316e+00,1.983619093894958496e+00,1.983417630195617676e+00,1.983216047286987305e+00,1.983014702796936035e+00,1.982813358306884766e+00,1.982612013816833496e+00,1.982410788536071777e+00,1.982209682464599609e+00,1.982008457183837891e+00,1.981807112693786621e+00,1.981606125831604004e+00,1.981405019760131836e+00,1.981204032897949219e+00,1.981003046035766602e+00,1.980802178382873535e+00,1.980601310729980469e+00,1.980400323867797852e+00,1.980199456214904785e+00,1.979998707771301270e+00,1.979797959327697754e+00,1.979597330093383789e+00,1.979396700859069824e+00,1.979196190834045410e+00,1.978995561599731445e+00,1.978794813156127930e+00,1.978594422340393066e+00,1.978393912315368652e+00,1.978193640708923340e+00,1.977993249893188477e+00,1.977792978286743164e+00,1.977592706680297852e+00,1.977392196655273438e+00,1.977192044258117676e+00,1.976991891860961914e+00,1.976791858673095703e+00,1.976591706275939941e+00,1.976391673088073730e+00,1.976191759109497070e+00,1.975991606712341309e+00,1.975791692733764648e+00,1.975591778755187988e+00,1.975391983985900879e+00,1.975192189216613770e+00,1.974992513656616211e+00,1.974792838096618652e+00,1.974592924118041992e+00,1.974393367767333984e+00,1.974193692207336426e+00,1.973994255065917969e+00,1.973794698715209961e+00,1.973595261573791504e+00,1.973395824432373047e+00,1.973196506500244141e+00,1.972996950149536133e+00,1.972797632217407227e+00,1.972598433494567871e+00,1.972399234771728516e+00
1.777763128280639648e+00,1.777601242065429688e+00,1.777439475059509277e+00,1.777277827262878418e+00,1.777116060256958008e+00,1.776954412460327148e+00,1.776792526245117188e+00,1.776630878448486328e+00,1.776469349861145020e+00,1.776307821273803711e+00,1.776146173477172852e+00,1.775984764099121094e+00,1.775823235511779785e+00,1.775661587715148926e+00,1.775500178337097168e+00,1.775338768959045410e+00,1.775177478790283203e+00,1.775016069412231445e+00,1.774854779243469238e+00,1.774693489074707031e+00,1.774532079696655273e+00,1.774370908737182617e+00,1.774209737777709961e+00,1.774048566818237305e+00,1.773887395858764648e+00,1.773726344108581543e+00,1.773565292358398438e+00,1.773404240608215332e+00,1.773243069648742676e+00,1.773082017898559570e+00,1.772921085357666016e+00,1.772760152816772461e+00,1.772599220275878906e+00,1.772438406944274902e+00,1.772277593612670898e+00,1.772116541862487793e+00,1.771955847740173340e+00,1.771795034408569336e+00,1.771634340286254883e+00,1.771473646163940430e+00,1.771312952041625977e+00,1.771152377128601074e+00,1.770991563796997070e+00,1.770830988883972168e+00,1.770670413970947266e+00,1.770509958267211914e+00,1.770349502563476562e+00,1.770189046859741211e+00,1.770028591156005859e+00,1.769868016242980957e+00,1.769707560539245605e+00,1.769547224044799805e+00,1.769387006759643555e+00,1.769226670265197754e+00,1.769066452980041504e+00,1.768906235694885254e+00,1.768746018409729004e+00,1.768585681915283203e+00,1.768425464630126953e+00,1.768265366554260254e+00,1.768105387687683105e+00,1.767945289611816406e+00,1.767785310745239258e+00,1.767625212669372559e+00,1.767465114593505859e+00,1.767305254936218262e+00,1.767145276069641113e+00,1.766985416412353516e+00,1.766825556755065918e+00,1.766665697097778320e+00,1.766505956649780273e+00,1.766345977783203125e+00,1.766186356544494629e+00,1.766026616096496582e+00,1.765866875648498535e+00,1.765707254409790039e+00,1.765547633171081543e+00,1.765388131141662598e+00,1.765228390693664551e+00,1.765068888664245605e+00
1.607567191123962402e+00,1.607434749603271484e+00,1.607302427291870117e+00,1.607170224189758301e+00,1.607038021087646484e+00,1.606905817985534668e+00,1.606773614883422852e+00,1.606641411781311035e+00,1.606509208679199219e+00,1.606377005577087402e+00,1.606244802474975586e+00,1.606112718582153320e+00,1.605980753898620605e+00,1.605848670005798340e+00,1.605716586112976074e+00,1.605584621429443359e+00,1.605452537536621094e+00,1.605320572853088379e+00,1.605188608169555664e+00,1.605056643486022949e+00,1.604924798011779785e+00,1.604792952537536621e+00,1.604661107063293457e+00,1.604529142379760742e+00,1.604397296905517578e+00,1.604265570640563965e+00,1.604133725166320801e+00,1.604001998901367188e+00,1.603870272636413574e+00,1.603738546371459961e+00,1.603606820106506348e+00,1.603475093841552734e+00,1.603343486785888672e+00,1.603211879730224609e+00,1.603080272674560547e+00,1.602948665618896484e+00,1.602817177772521973e+00,1.602685689926147461e+00,1.602553963661193848e+00,1.602422475814819336e+00,1.602291107177734375e+00,1.602159619331359863e+00,1.602028250694274902e+00,1.601896762847900391e+00,1.601765394210815430e+00,1.601633906364440918e+00,1.601502656936645508e+00,1.601371288299560547e+00,1.601240038871765137e+00,1.601108789443969727e+00,1.600977540016174316e+00,1.600846290588378906e+00,1.600714921951293945e+00,1.600583791732788086e+00,1.600452542304992676e+00,1.600321412086486816e+00,1.600190401077270508e+00,1.600059270858764648e+00,1.599928140640258789e+00,1.599796891212463379e+00,1.599665880203247070e+00,1.599534869194030762e+00,1.599403977394104004e+00,1.599272966384887695e+00,1.599141955375671387e+00,1.599011063575744629e+00,1.598880052566528320e+00,1.598749160766601562e+00,1.598618268966674805e+00,1.598487496376037598e+00,1.598356842994689941e+00,1.598226308822631836e+00,1.598095893859863281e+00,1.597965359687805176e+00,1.597834944725036621e+00,1.597704529762268066e+00,1.597574234008789062e+00,1.597443699836730957e+00,1.597313404083251953e+00,1.597182989120483398e+00
1.467111706733703613e+00,1.467001557350158691e+00,1.466891407966613770e+00,1.466781139373779297e+00,1.466670870780944824e+00,1.466560721397399902e+00,1.466450691223144531e+00,1.466340541839599609e+00,1.466230511665344238e+00,1.466120362281799316e+00,1.466010332107543945e+00,1.465900182723999023e+00,1.465790152549743652e+00,1.465680241584777832e+00,1.465570211410522461e+00,1.465460300445556641e+00,1.465350270271301270e+00,1.465240359306335449e+00,1.465130448341369629e+00,1.465020418167114258e+00,1.464910507202148438e+00,1.464800715446472168e+00,1.464690804481506348e+00,1.464581012725830078e+00,1.464471220970153809e+00,1.464361310005187988e+00,1.464251399040222168e+00,1.464141726493835449e+00,1.464031934738159180e+00,1.463922142982482910e+00,1.463812470436096191e+00,1.463702797889709473e+00,1.463593125343322754e+00,1.463483333587646484e+00,1.463373661041259766e+00,1.463263988494873047e+00,1.463154435157775879e+00,1.463044762611389160e+00,1.462935209274291992e+00,1.462825655937194824e+00,1.462715983390808105e+00,1.462606430053710938e+00,1.462496876716613770e+00,1.462387442588806152e+00,1.462277889251708984e+00,1.462168455123901367e+00,1.462059020996093750e+00,1.461949586868286133e+00,1.461840033531188965e+00,1.461730599403381348e+00,1.461621165275573730e+00,1.461511850357055664e+00,1.461402535438537598e+00,1.461293101310729980e+00,1.461183786392211914e+00,1.461074352264404297e+00,1.460965156555175781e+00,1.460855841636657715e+00,1.460746526718139648e+00,1.460637331008911133e+00,1.460528373718261719e+00,1.460419416427612305e+00,1.460310459136962891e+00,1.460201501846313477e+00,1.460092663764953613e+00,1.459983706474304199e+00,1.459874868392944336e+00,1.459766030311584473e+00,1.459657192230224609e+00,1.459548354148864746e+00,1.459439516067504883e+00,1.459330797195434570e+00,1.459221839904785156e+00,1.459113121032714844e+00,1.459004282951354980e+00,1.458895564079284668e+00,1.458786845207214355e+00,1.458678245544433594e+00,1.458569526672363281e+00,1.458460807800292969e+00
1.349227666854858398e+00,1.349134445190429688e+00,1.349041342735290527e+00,1.348948121070861816e+00,1.348855018615722656e+00,1.348761796951293945e+00,1.348668694496154785e+00,1.348575472831726074e+00,1.348482370376586914e+00,1.348389267921447754e+00,1.348296165466308594e+00,1.348203063011169434e+00,1.348110079765319824e+00,1.348016977310180664e+00,1.347923874855041504e+00,1.347830891609191895e+00,1.347737789154052734e+00,1.347644805908203125e+00,1.347551822662353516e+00,1.347458839416503906e+00,1.347365975379943848e+00,1.347272872924804688e+00,1.347180008888244629e+00,1.347087025642395020e+00,1.346994161605834961e+00,1.346901297569274902e+00,1.346808433532714844e+00,1.346715569496154785e+00,1.346622586250305176e+00,1.346529722213745117e+00,1.346436858177185059e+00,1.346344113349914551e+00,1.346251249313354492e+00,1.346158504486083984e+00,1.346065759658813477e+00,1.345973014831542969e+00,1.345880150794982910e+00,1.345787405967712402e+00,1.345694661140441895e+00,1.345601916313171387e+00,1.345509290695190430e+00,1.345416545867919922e+00,1.345323920249938965e+00,1.345231056213378906e+00,1.345138430595397949e+00,1.345045804977416992e+00,1.344953179359436035e+00,1.344860553741455078e+00,1.344768047332763672e+00,1.344675540924072266e+00,1.344583153724670410e+00,1.344490766525268555e+00,1.344398498535156250e+00,1.344306111335754395e+00,1.344213843345642090e+00,1.344121575355529785e+00,1.344029307365417480e+00,1.343937039375305176e+00,1.343844771385192871e+00,1.343752503395080566e+00,1.343660235404968262e+00,1.343568086624145508e+00,1.343475818634033203e+00,1.343383669853210449e+00,1.343291521072387695e+00,1.343199372291564941e+00,1.343107104301452637e+00,1.343015074729919434e+00,1.342922806739807129e+00,1.342830657958984375e+00,1.342738509178161621e+00,1.342646479606628418e+00,1.342554330825805664e+00,1.342462301254272461e+00,1.342370271682739258e+00,1.342278242111206055e+00,1.342186212539672852e+00,1.342094182968139648e+00,1.342002153396606445e+00,1.341910243034362793e+00
1.248878955841064453e+00,1.248799085617065430e+00,1.248719215393066406e+00,1.248639464378356934e+00,1.248559594154357910e+00,1.248479723930358887e+00,1.248399972915649414e+00,1.248320221900939941e+00,1.248240351676940918e+00,1.248160600662231445e+00,1.248080730438232422e+00,1.248000979423522949e+00,1.247921347618103027e+00,1.247841596603393555e+00,1.247761845588684082e+00,1.247682094573974609e+00,1.247602462768554688e+00,1.247522592544555664e+00,1.247442960739135742e+00,1.247363328933715820e+00,1.247283697128295898e+00,1.247203946113586426e+00,1.247124314308166504e+00,1.247044682502746582e+00,1.246965050697326660e+00,1.246885418891906738e+00,1.246805787086486816e+00,1.246726274490356445e+00,1.246646642684936523e+00,1.246567130088806152e+00,1.246487498283386230e+00,1.246407866477966309e+00,1.246328353881835938e+00,1.246248841285705566e+00,1.246169328689575195e+00,1.246089816093444824e+00,1.246010303497314453e+00,1.245930790901184082e+00,1.245851397514343262e+00,1.245772123336791992e+00,1.245692849159240723e+00,1.245613574981689453e+00,1.245534300804138184e+00,1.245455026626586914e+00,1.245375752449035645e+00,1.245296597480773926e+00,1.245217323303222656e+00,1.245138168334960938e+00,1.245059013366699219e+00,1.244979858398437500e+00,1.244900584220886230e+00,1.244821429252624512e+00,1.244742274284362793e+00,1.244663238525390625e+00,1.244584083557128906e+00,1.244504928588867188e+00,1.244425773620605469e+00,1.244346737861633301e+00,1.244267702102661133e+00,1.244188547134399414e+00,1.244109511375427246e+00,1.244030475616455078e+00,1.243951439857482910e+00,1.243872404098510742e+00,1.243793249130249023e+00,1.243714213371276855e+00,1.243635177612304688e+00,1.243556261062622070e+00,1.243477225303649902e+00,1.243398189544677734e+00,1.243319272994995117e+00,1.243240356445312500e+00,1.243161320686340332e+00,1.243082404136657715e+00,1.243003487586975098e+00,1.242924571037292480e+00,1.242845654487609863e+00,1.242766737937927246e+00,1.242687940597534180e+00,1.242609024047851562e+00
1.162423849105834961e+00,1.162354588508605957e+00,1.162285447120666504e+00,1.162216305732727051e+00,1.162147164344787598e+00,1.162077903747558594e+00,1.162008762359619141e+00,1.161939620971679688e+00,1.161870479583740234e+00,1.161801457405090332e+00,1.161732316017150879e+00,1.161663174629211426e+00,1.161594033241271973e+00,1.161525011062622070e+00,1.161455869674682617e+00,1.161386847496032715e+00,1.161317825317382812e+00,1.161248683929443359e+00,1.161179661750793457e+00,1.161110639572143555e+00,1.161041498184204102e+00,1.160972476005554199e+00,1.160903573036193848e+00,1.160834550857543945e+00,1.160765528678894043e+00,1.160696506500244141e+00,1.160627603530883789e+00,1.160558581352233887e+00,1.160489797592163086e+00,1.160421013832092285e+00,1.160352230072021484e+00,1.160283446311950684e+00,1.160214662551879883e+00,1.160145878791809082e+00,1.160077214241027832e+00,1.160008430480957031e+00,1.159939765930175781e+00,1.159870862960815430e+00,1.159802198410034180e+00,1.159733533859252930e+00,1.159664750099182129e+00,1.159596085548400879e+00,1.159527420997619629e+00,1.159458756446838379e+00,1.159390091896057129e+00,1.159321427345275879e+00,1.159252762794494629e+00,1.159184098243713379e+00,1.159115433692932129e+00,1.159046888351440430e+00,1.158978223800659180e+00,1.158909559249877930e+00,1.158841013908386230e+00,1.158772468566894531e+00,1.158703804016113281e+00,1.158635258674621582e+00,1.158566713333129883e+00,1.158498167991638184e+00,1.158429503440856934e+00,1.158361077308654785e+00,1.158292412757873535e+00,1.158223867416381836e+00,1.158155322074890137e+00,1.158086895942687988e+00,1.158018350601196289e+00,1.157949924468994141e+00,1.157881379127502441e+00,1.157812952995300293e+00,1.157744407653808594e+00,1.157675981521606445e+00,1.157607555389404297e+00,1.157539010047912598e+00,1.157470583915710449e+00,1.157402157783508301e+00,1.157333731651306152e+00,1.157265305519104004e+00,1.157196998596191406e+00,1.157128572463989258e+00,1.157060146331787109e+00,1.156991720199584961e+00
1.087163567543029785e+00,1.087103009223937988e+00,1.087042450904846191e+00,1.086982011795043945e+00,1.086921453475952148e+00,1.086861014366149902e+00,1.086800575256347656e+00,1.086740016937255859e+00,1.086679577827453613e+00,1.086619138717651367e+00,1.086558580398559570e+00,1.086498141288757324e+00,1.086437702178955078e+00,1.086377263069152832e+00,1.086316943168640137e+00,1.086256384849548340e+00,1.086195945739746094e+00,1.086135745048522949e+00,1.086075425148010254e+00,1.086015224456787109e+00,1.085955023765563965e+00,1.085894703865051270e+00,1.085834503173828125e+00,1.085774302482604980e+00,1.085714101791381836e+00,1.085653901100158691e+00,1.085593700408935547e+00,1.085533499717712402e+00,1.085473299026489258e+00,1.085413098335266113e+00,1.085352897644042969e+00,1.085292816162109375e+00,1.085232496261596680e+00,1.085172414779663086e+00,1.085112214088439941e+00,1.085052132606506348e+00,1.084991931915283203e+00,1.084931850433349609e+00,1.084871649742126465e+00,1.084811568260192871e+00,1.084751486778259277e+00,1.084691405296325684e+00,1.084631204605102539e+00,1.084571123123168945e+00,1.084511041641235352e+00,1.084450960159301758e+00,1.084390997886657715e+00,1.084330916404724121e+00,1.084270834922790527e+00,1.084210753440856934e+00,1.084150791168212891e+00,1.084090709686279297e+00,1.084030628204345703e+00,1.083970665931701660e+00,1.083910584449768066e+00,1.083850502967834473e+00,1.083790540695190430e+00,1.083730578422546387e+00,1.083670616149902344e+00,1.083610534667968750e+00,1.083550572395324707e+00,1.083490610122680664e+00,1.083430647850036621e+00,1.083370685577392578e+00,1.083310723304748535e+00,1.083250761032104492e+00,1.083190917968750000e+00,1.083130955696105957e+00,1.083070993423461914e+00,1.083011150360107422e+00,1.082951188087463379e+00,1.082891345024108887e+00,1.082831382751464844e+00,1.082771539688110352e+00,1.082711577415466309e+00,1.082651734352111816e+00,1.082591891288757324e+00,1.082532048225402832e+00,1.082472085952758789e+00,1.082412242889404297e+00
1.021056056022644043e+00,1.021002650260925293e+00,1.020949244499206543e+00,1.020895838737487793e+00,1.020842552185058594e+00,1.020789146423339844e+00,1.020735859870910645e+00,1.020682692527770996e+00,1.020629405975341797e+00,1.020576238632202148e+00,1.020523071289062500e+00,1.020469784736633301e+00,1.020416617393493652e+00,1.020363450050354004e+00,1.020310282707214355e+00,1.020257115364074707e+00,1.020203948020935059e+00,1.020150780677795410e+00,1.020097613334655762e+00,1.020044445991516113e+00,1.019991278648376465e+00,1.019938230514526367e+00,1.019885063171386719e+00,1.019831895828247070e+00,1.019778847694396973e+00,1.019725680351257324e+00,1.019672513008117676e+00,1.019619464874267578e+00,1.019566297531127930e+00,1.019513249397277832e+00,1.019460082054138184e+00,1.019407033920288086e+00,1.019353985786437988e+00,1.019300818443298340e+00,1.019247770309448242e+00,1.019194722175598145e+00,1.019141674041748047e+00,1.019088625907897949e+00,1.019035577774047852e+00,1.018982529640197754e+00,1.018929481506347656e+00,1.018876433372497559e+00,1.018823385238647461e+00,1.018770456314086914e+00,1.018717408180236816e+00,1.018664360046386719e+00,1.018611431121826172e+00,1.018558382987976074e+00,1.018505454063415527e+00,1.018452405929565430e+00,1.018399477005004883e+00,1.018346428871154785e+00,1.018293380737304688e+00,1.018240451812744141e+00,1.018187522888183594e+00,1.018134593963623047e+00,1.018081665039062500e+00,1.018028616905212402e+00,1.017975687980651855e+00,1.017922759056091309e+00,1.017869830131530762e+00,1.017816901206970215e+00,1.017764091491699219e+00,1.017711162567138672e+00,1.017658233642578125e+00,1.017605304718017578e+00,1.017552495002746582e+00,1.017499566078186035e+00,1.017446637153625488e+00,1.017393827438354492e+00,1.017340898513793945e+00,1.017288088798522949e+00,1.017235159873962402e+00,1.017182350158691406e+00,1.017129421234130859e+00,1.017076611518859863e+00,1.017023801803588867e+00,1.016970872879028320e+00,1.016918063163757324e+00,1.016865253448486328e+00
9.625280499458312988e-01,9.624806642532348633e-01,9.624333381652832031e-01,9.623860120773315430e-01,9.623386859893798828e-01,9.622914195060729980e-01,9.622440338134765625e-01,9.621968269348144531e-01,9.621495008468627930e-01,9.621022343635559082e-01,9.620549082756042480e-01,9.620077013969421387e-01,9.619603753089904785e-01,9.619131684303283691e-01,9.618658423423767090e-01,9.618186354637145996e-01,9.617713689804077148e-01,9.617241621017456055e-01,9.616768360137939453e-01,9.616296887397766113e-01,9.615823626518249512e-01,9.615352153778076172e-01,9.614879488945007324e-01,9.614407420158386230e-01,9.613934755325317383e-01,9.613462090492248535e-01,9.612990617752075195e-01,9.612517952919006348e-01,9.612047076225280762e-01,9.611574411392211914e-01,9.611102938652038574e-01,9.610630869865417480e-01,9.610159397125244141e-01,9.609687328338623047e-01,9.609215855598449707e-01,9.608743786811828613e-01,9.608272910118103027e-01,9.607800841331481934e-01,9.607329368591308594e-01,9.606857895851135254e-01,9.606387019157409668e-01,9.605914950370788574e-01,9.605444073677062988e-01,9.604972004890441895e-01,9.604501724243164062e-01,9.604029655456542969e-01,9.603559374809265137e-01,9.603087902069091797e-01,9.602615833282470703e-01,9.602145552635192871e-01,9.601674079895019531e-01,9.601203799247741699e-01,9.600732326507568359e-01,9.600262045860290527e-01,9.599790573120117188e-01,9.599320292472839355e-01,9.598849415779113770e-01,9.598379135131835938e-01,9.597908258438110352e-01,9.597437977790832520e-01,9.596967101097106934e-01,9.596497416496276855e-01,9.596026539802551270e-01,9.595556259155273438e-01,9.595085382461547852e-01,9.594615697860717773e-01,9.594144821166992188e-01,9.593675732612609863e-01,9.593204855918884277e-01,9.592735171318054199e-01,9.592264890670776367e-01,9.591794013977050781e-01,9.591324925422668457e-01,9.590854048728942871e-01,9.590384960174560547e-01,9.589914679527282715e-01,9.589445590972900391e-01,9.588975310325622559e-01,9.588506221771240234e-01,9.588035941123962402e-01
9.103465080261230469e-01,9.103041291236877441e-01,9.102618098258972168e-01,9.102194309234619141e-01,9.101771712303161621e-01,9.101348519325256348e-01,9.100925922393798828e-01,9.100502133369445801e-01,9.100079536437988281e-01,9.099655747413635254e-01,9.099233746528625488e-01,9.098809957504272461e-01,9.098387956619262695e-01,9.097964167594909668e-01,9.097542166709899902e-01,9.097118973731994629e-01,9.096696376800537109e-01,9.096273779869079590e-01,9.095851182937622070e-01,9.095427989959716797e-01,9.095005393028259277e-01,9.094583392143249512e-01,9.094160199165344238e-01,9.093738198280334473e-01,9.093315601348876953e-01,9.092893600463867188e-01,9.092470407485961914e-01,9.092049002647399902e-01,9.091626405715942383e-01,9.091204404830932617e-01,9.090781807899475098e-01,9.090360403060913086e-01,9.089937806129455566e-01,9.089515805244445801e-01,9.089093804359436035e-01,9.088671803474426270e-01,9.088249802589416504e-01,9.087828397750854492e-01,9.087405800819396973e-01,9.086984395980834961e-01,9.086562395095825195e-01,9.086140990257263184e-01,9.085718989372253418e-01,9.085296988487243652e-01,9.084875583648681641e-01,9.084453582763671875e-01,9.084032773971557617e-01,9.083610773086547852e-01,9.083189368247985840e-01,9.082767367362976074e-01,9.082346558570861816e-01,9.081925153732299805e-01,9.081504344940185547e-01,9.081082344055175781e-01,9.080661535263061523e-01,9.080240130424499512e-01,9.079819321632385254e-01,9.079397916793823242e-01,9.078977108001708984e-01,9.078555703163146973e-01,9.078134894371032715e-01,9.077713489532470703e-01,9.077293276786804199e-01,9.076871871948242188e-01,9.076451659202575684e-01,9.076030254364013672e-01,9.075608849525451660e-01,9.075188636779785156e-01,9.074767827987670898e-01,9.074347615242004395e-01,9.073926210403442383e-01,9.073506593704223633e-01,9.073085188865661621e-01,9.072665572166442871e-01,9.072244167327880859e-01,9.071824550628662109e-01,9.071403741836547852e-01,9.070983529090881348e-01,9.070562720298767090e-01,9.070143103599548340e-01
8.635318279266357422e-01,8.634938001632690430e-01,8.634556531906127930e-01,8.634176254272460938e-01,8.633794784545898438e-01,8.633414506912231445e-01,8.633033633232116699e-01,8.632653355598449707e-01,8.632271885871887207e-01,8.631891608238220215e-01,8.631510734558105469e-01,8.631130456924438477e-01,8.630749583244323730e-01,8.630369901657104492e-01,8.629989027976989746e-01,8.629608750343322754e-01,8.629227876663208008e-01,8.628847002983093262e-01,8.628467321395874023e-01,8.628086447715759277e-01,8.627706766128540039e-01,8.627325892448425293e-01,8.626946210861206055e-01,8.626565933227539062e-01,8.626186251640319824e-01,8.625805377960205078e-01,8.625425696372985840e-01,8.625045418739318848e-01,8.624665737152099609e-01,8.624285459518432617e-01,8.623905777931213379e-01,8.623525500297546387e-01,8.623146414756774902e-01,8.622766137123107910e-01,8.622386455535888672e-01,8.622006773948669434e-01,8.621627092361450195e-01,8.621247410774230957e-01,8.620867133140563965e-01,8.620488047599792480e-01,8.620107769966125488e-01,8.619728684425354004e-01,8.619349002838134766e-01,8.618969917297363281e-01,8.618589639663696289e-01,8.618211150169372559e-01,8.617830872535705566e-01,8.617452383041381836e-01,8.617072105407714844e-01,8.616693615913391113e-01,8.616313934326171875e-01,8.615934848785400391e-01,8.615555167198181152e-01,8.615176677703857422e-01,8.614796996116638184e-01,8.614418506622314453e-01,8.614038825035095215e-01,8.613660335540771484e-01,8.613281250000000000e-01,8.612902760505676270e-01,8.612523078918457031e-01,8.612143993377685547e-01,8.611765503883361816e-01,8.611386418342590332e-01,8.611007928848266602e-01,8.610628843307495117e-01,8.610250353813171387e-01,8.609871268272399902e-01,8.609493374824523926e-01,8.609114289283752441e-01,8.608735799789428711e-01,8.608356714248657227e-01,8.607978820800781250e-01,8.607599735260009766e-01,8.607221841812133789e-01,8.606843352317810059e-01,8.606464862823486328e-01,8.606086373329162598e-01,8.605708479881286621e-01,8.605329990386962891e-01
8.212966322898864746e-01,8.212621212005615234e-01,8.212277293205261230e-01,8.211932182312011719e-01,8.211588263511657715e-01,8.211243748664855957e-01,8.210899233818054199e-01,8.210554718971252441e-01,8.210210800170898438e-01,8.209866285324096680e-01,8.209522366523742676e-01,8.209177255630493164e-01,8.208832740783691406e-01,8.208489418029785156e-01,8.208144307136535645e-01,8.207800984382629395e-01,8.207456469535827637e-01,8.207112550735473633e-01,8.206768035888671875e-01,8.206424713134765625e-01,8.206080198287963867e-01,8.205736875534057617e-01,8.205392360687255859e-01,8.205049037933349609e-01,8.204704523086547852e-01,8.204361200332641602e-01,8.204016685485839844e-01,8.203673362731933594e-01,8.203329443931579590e-01,8.202986121177673340e-01,8.202642202377319336e-01,8.202298879623413086e-01,8.201954364776611328e-01,8.201611638069152832e-01,8.201267719268798828e-01,8.200923204421997070e-01,8.200580477714538574e-01,8.200236558914184570e-01,8.199893236160278320e-01,8.199549317359924316e-01,8.199206590652465820e-01,8.198862671852111816e-01,8.198519945144653320e-01,8.198176026344299316e-01,8.197833299636840820e-01,8.197489380836486816e-01,8.197146654129028320e-01,8.196802735328674316e-01,8.196460008621215820e-01,8.196116685867309570e-01,8.195773959159851074e-01,8.195430636405944824e-01,8.195087909698486328e-01,8.194743990898132324e-01,8.194401860237121582e-01,8.194058537483215332e-01,8.193715810775756836e-01,8.193372488021850586e-01,8.193029165267944336e-01,8.192686438560485840e-01,8.192343115806579590e-01,8.192000985145568848e-01,8.191657662391662598e-01,8.191315531730651855e-01,8.190972208976745605e-01,8.190630078315734863e-01,8.190286755561828613e-01,8.189944624900817871e-01,8.189601898193359375e-01,8.189259171485900879e-01,8.188916444778442383e-01,8.188574314117431641e-01,8.188231587409973145e-01,8.187889456748962402e-01,8.187546730041503906e-01,8.187204599380493164e-01,8.186861872673034668e-01,8.186519742012023926e-01,8.186177015304565430e-01,8.185834884643554688e-01
7.830001711845397949e-01,7.829688787460327148e-01,7.829375267028808594e-01,7.829062938690185547e-01,7.828749418258666992e-01,7.828436493873596191e-01,7.828122973442077637e-01,7.827810049057006836e-01,7.827497124671936035e-01,7.827183604240417480e-01,7.826871275901794434e-01,7.826557755470275879e-01,7.826245427131652832e-01,7.825931906700134277e-01,7.825619578361511230e-01,7.825306653976440430e-01,7.824994325637817383e-01,7.824680805206298828e-01,7.824368476867675781e-01,7.824055552482604980e-01,7.823743224143981934e-01,7.823430299758911133e-01,7.823117971420288086e-01,7.822805047035217285e-01,7.822492718696594238e-01,7.822179794311523438e-01,7.821867465972900391e-01,7.821554541587829590e-01,7.821242809295654297e-01,7.820929884910583496e-01,7.820616960525512695e-01,7.820304632186889648e-01,7.819992303848266602e-01,7.819679975509643555e-01,7.819367647171020508e-01,7.819055318832397461e-01,7.818742990493774414e-01,7.818430662155151367e-01,7.818118333816528320e-01,7.817806601524353027e-01,7.817493677139282227e-01,7.817181944847106934e-01,7.816869616508483887e-01,7.816557884216308594e-01,7.816245555877685547e-01,7.815933823585510254e-01,7.815621495246887207e-01,7.815309762954711914e-01,7.814997434616088867e-01,7.814685702323913574e-01,7.814373373985290527e-01,7.814061641693115234e-01,7.813749313354492188e-01,7.813437581062316895e-01,7.813125848770141602e-01,7.812813520431518555e-01,7.812502384185791016e-01,7.812190055847167969e-01,7.811878919601440430e-01,7.811566591262817383e-01,7.811255455017089844e-01,7.810943126678466797e-01,7.810631990432739258e-01,7.810320258140563965e-01,7.810009121894836426e-01,7.809696793556213379e-01,7.809385657310485840e-01,7.809073925018310547e-01,7.808762788772583008e-01,7.808451056480407715e-01,7.808139920234680176e-01,7.807828187942504883e-01,7.807517051696777344e-01,7.807205319404602051e-01,7.806894183158874512e-01,7.806582450866699219e-01,7.806270718574523926e-01,7.805960178375244141e-01,7.805648446083068848e-01,7.805337309837341309e-01
7.481161355972290039e-01,7.480875253677368164e-01,7.480589747428894043e-01,7.480303049087524414e-01,7.480016946792602539e-01,7.479731440544128418e-01,7.479445338249206543e-01,7.479160428047180176e-01,7.478874325752258301e-01,7.478588819503784180e-01,7.478302717208862305e-01,7.478017210960388184e-01,7.477731704711914062e-01,7.477446198463439941e-01,7.477160096168518066e-01,7.476875185966491699e-01,7.476589083671569824e-01,7.476304173469543457e-01,7.476018071174621582e-01,7.475733160972595215e-01,7.475447058677673340e-01,7.475162148475646973e-01,7.474876046180725098e-01,7.474591135978698730e-01,7.474305629730224609e-01,7.474020719528198242e-01,7.473734617233276367e-01,7.473449110984802246e-01,7.473164200782775879e-01,7.472878694534301758e-01,7.472593784332275391e-01,7.472308278083801270e-01,7.472023367881774902e-01,7.471737861633300781e-01,7.471452951431274414e-01,7.471167445182800293e-01,7.470882534980773926e-01,7.470597028732299805e-01,7.470312714576721191e-01,7.470027208328247070e-01,7.469742298126220703e-01,7.469456791877746582e-01,7.469172477722167969e-01,7.468886971473693848e-01,7.468602657318115234e-01,7.468317151069641113e-01,7.468032836914062500e-01,7.467747330665588379e-01,7.467462420463562012e-01,7.467177510261535645e-01,7.466892600059509277e-01,7.466608285903930664e-01,7.466322779655456543e-01,7.466038465499877930e-01,7.465753555297851562e-01,7.465469241142272949e-01,7.465184330940246582e-01,7.464900016784667969e-01,7.464615106582641602e-01,7.464330792427062988e-01,7.464045882225036621e-01,7.463761568069458008e-01,7.463476657867431641e-01,7.463192343711853027e-01,7.462907433509826660e-01,7.462623119354248047e-01,7.462338209152221680e-01,7.462054491043090820e-01,7.461769580841064453e-01,7.461485862731933594e-01,7.461200952529907227e-01,7.460916042327880859e-01,7.460632324218750000e-01,7.460347414016723633e-01,7.460063695907592773e-01,7.459778785705566406e-01,7.459495067596435547e-01,7.459210753440856934e-01,7.458926439285278320e-01,7.458642125129699707e-01
7.162077426910400391e-01,7.161815166473388672e-01,7.161553502082824707e-01,7.161291241645812988e-01,7.161029577255249023e-01,7.160767316818237305e-01,7.160505652427673340e-01,7.160243391990661621e-01,7.159981727600097656e-01,7.159719467163085938e-01,7.159457802772521973e-01,7.159196138381958008e-01,7.158934473991394043e-01,7.158672213554382324e-01,7.158410549163818359e-01,7.158148884773254395e-01,7.157887220382690430e-01,7.157625555992126465e-01,7.157363891601562500e-01,7.157102227210998535e-01,7.156840562820434570e-01,7.156578898429870605e-01,7.156316637992858887e-01,7.156055569648742676e-01,7.155793905258178711e-01,7.155532240867614746e-01,7.155270576477050781e-01,7.155009508132934570e-01,7.154747247695922852e-01,7.154486179351806641e-01,7.154224514961242676e-01,7.153963446617126465e-01,7.153701782226562500e-01,7.153440713882446289e-01,7.153179049491882324e-01,7.152917981147766113e-01,7.152656316757202148e-01,7.152395248413085938e-01,7.152133584022521973e-01,7.151872515678405762e-01,7.151610851287841797e-01,7.151350378990173340e-01,7.151088714599609375e-01,7.150827646255493164e-01,7.150565981864929199e-01,7.150304913520812988e-01,7.150043845176696777e-01,7.149782776832580566e-01,7.149521708488464355e-01,7.149260044097900391e-01,7.148999571800231934e-01,7.148737907409667969e-01,7.148477435111999512e-01,7.148216366767883301e-01,7.147955298423767090e-01,7.147694230079650879e-01,7.147433757781982422e-01,7.147172093391418457e-01,7.146911621093750000e-01,7.146650552749633789e-01,7.146390080451965332e-01,7.146128416061401367e-01,7.145867943763732910e-01,7.145606875419616699e-01,7.145346403121948242e-01,7.145085334777832031e-01,7.144824862480163574e-01,7.144563794136047363e-01,7.144302725791931152e-01,7.144042253494262695e-01,7.143781185150146484e-01,7.143521308898925781e-01,7.143260240554809570e-01,7.142999768257141113e-01,7.142738699913024902e-01,7.142478227615356445e-01,7.142217755317687988e-01,7.141957283020019531e-01,7.141696810722351074e-01,7.141436338424682617e-01
6.869099140167236328e-01,6.868858337402343750e-01,6.868616938591003418e-01,6.868376135826110840e-01,6.868134737014770508e-01,6.867894530296325684e-01,6.867653131484985352e-01,6.867412328720092773e-01,6.867171525955200195e-01,6.866930723190307617e-01,6.866689324378967285e-01,6.866449117660522461e-01,6.866207718849182129e-01,6.865967512130737305e-01,6.865726113319396973e-01,6.865485906600952148e-01,6.865244507789611816e-01,6.865003705024719238e-01,6.864762902259826660e-01,6.864522099494934082e-01,6.864281892776489258e-01,6.864041090011596680e-01,6.863800287246704102e-01,6.863559484481811523e-01,6.863319277763366699e-01,6.863078474998474121e-01,6.862837672233581543e-01,6.862596869468688965e-01,6.862356662750244141e-01,6.862115859985351562e-01,6.861875653266906738e-01,6.861634850502014160e-01,6.861394643783569336e-01,6.861153841018676758e-01,6.860913634300231934e-01,6.860672831535339355e-01,6.860433220863342285e-01,6.860192418098449707e-01,6.859952211380004883e-01,6.859711408615112305e-01,6.859470605850219727e-01,6.859230995178222656e-01,6.858990192413330078e-01,6.858749985694885254e-01,6.858509778976440430e-01,6.858269572257995605e-01,6.858028769493103027e-01,6.857789158821105957e-01,6.857548356056213379e-01,6.857308745384216309e-01,6.857067942619323730e-01,6.856828331947326660e-01,6.856588125228881836e-01,6.856347918510437012e-01,6.856107711791992188e-01,6.855867505073547363e-01,6.855627298355102539e-01,6.855387687683105469e-01,6.855147480964660645e-01,6.854907274246215820e-01,6.854667067527770996e-01,6.854427456855773926e-01,6.854187250137329102e-01,6.853947043418884277e-01,6.853707432746887207e-01,6.853467226028442383e-01,6.853227615356445312e-01,6.852987408638000488e-01,6.852747797966003418e-01,6.852507591247558594e-01,6.852267980575561523e-01,6.852027773857116699e-01,6.851788163185119629e-01,6.851547956466674805e-01,6.851308941841125488e-01,6.851068735122680664e-01,6.850829124450683594e-01,6.850588917732238770e-01,6.850349903106689453e-01,6.850109696388244629e-01
6.599148511886596680e-01,6.598926186561584473e-01,6.598703861236572266e-01,6.598480939865112305e-01,6.598259210586547852e-01,6.598036289215087891e-01,6.597813963890075684e-01,6.597591638565063477e-01,6.597369313240051270e-01,6.597146987915039062e-01,6.596924662590026855e-01,6.596702337265014648e-01,6.596480011940002441e-01,6.596257686614990234e-01,6.596035361289978027e-01,6.595813632011413574e-01,6.595590710639953613e-01,6.595368981361389160e-01,6.595146656036376953e-01,6.594924330711364746e-01,6.594702005386352539e-01,6.594480276107788086e-01,6.594257950782775879e-01,6.594036221504211426e-01,6.593813896179199219e-01,6.593592166900634766e-01,6.593369841575622559e-01,6.593147516250610352e-01,6.592925190925598145e-01,6.592703461647033691e-01,6.592481136322021484e-01,6.592259407043457031e-01,6.592037677764892578e-01,6.591815948486328125e-01,6.591593623161315918e-01,6.591371893882751465e-01,6.591149568557739258e-01,6.590927243232727051e-01,6.590706110000610352e-01,6.590483784675598145e-01,6.590262055397033691e-01,6.590040326118469238e-01,6.589818596839904785e-01,6.589596271514892578e-01,6.589375138282775879e-01,6.589152812957763672e-01,6.588931083679199219e-01,6.588709354400634766e-01,6.588487625122070312e-01,6.588265895843505859e-01,6.588044166564941406e-01,6.587822437286376953e-01,6.587600708007812500e-01,6.587378978729248047e-01,6.587157845497131348e-01,6.586935520172119141e-01,6.586714386940002441e-01,6.586492657661437988e-01,6.586270928382873535e-01,6.586049199104309082e-01,6.585827469825744629e-01,6.585606336593627930e-01,6.585384607315063477e-01,6.585163474082946777e-01,6.584941148757934570e-01,6.584720015525817871e-01,6.584498286247253418e-01,6.584277153015136719e-01,6.584055423736572266e-01,6.583834290504455566e-01,6.583612561225891113e-01,6.583391427993774414e-01,6.583169698715209961e-01,6.582948565483093262e-01,6.582727432250976562e-01,6.582506299018859863e-01,6.582284569740295410e-01,6.582063436508178711e-01,6.581841707229614258e-01,6.581621170043945312e-01
6.349613070487976074e-01,6.349407434463500977e-01,6.349201202392578125e-01,6.348995566368103027e-01,6.348789334297180176e-01,6.348583698272705078e-01,6.348377466201782227e-01,6.348172426223754883e-01,6.347966194152832031e-01,6.347759962081909180e-01,6.347554326057434082e-01,6.347348093986511230e-01,6.347143054008483887e-01,6.346936821937561035e-01,6.346731185913085938e-01,6.346524953842163086e-01,6.346319913864135742e-01,6.346113681793212891e-01,6.345908045768737793e-01,6.345702409744262695e-01,6.345496773719787598e-01,6.345291137695312500e-01,6.345085501670837402e-01,6.344879865646362305e-01,6.344674229621887207e-01,6.344468593597412109e-01,6.344262957572937012e-01,6.344057321548461914e-01,6.343851685523986816e-01,6.343646049499511719e-01,6.343441009521484375e-01,6.343234777450561523e-01,6.343029141426086426e-01,6.342824101448059082e-01,6.342618465423583984e-01,6.342412829399108887e-01,6.342207193374633789e-01,6.342002153396606445e-01,6.341796517372131348e-01,6.341591477394104004e-01,6.341385245323181152e-01,6.341180205345153809e-01,6.340974569320678711e-01,6.340769529342651367e-01,6.340563893318176270e-01,6.340358853340148926e-01,6.340153217315673828e-01,6.339948177337646484e-01,6.339742541313171387e-01,6.339537501335144043e-01,6.339331865310668945e-01,6.339126825332641602e-01,6.338921785354614258e-01,6.338716745376586914e-01,6.338511109352111816e-01,6.338305473327636719e-01,6.338100433349609375e-01,6.337895393371582031e-01,6.337690353393554688e-01,6.337484717369079590e-01,6.337280273437500000e-01,6.337074637413024902e-01,6.336869597434997559e-01,6.336664557456970215e-01,6.336459517478942871e-01,6.336253881454467773e-01,6.336049437522888184e-01,6.335843801498413086e-01,6.335639357566833496e-01,6.335433721542358398e-01,6.335229277610778809e-01,6.335023641586303711e-01,6.334819197654724121e-01,6.334613561630249023e-01,6.334409117698669434e-01,6.334204077720642090e-01,6.333999037742614746e-01,6.333793997764587402e-01,6.333588957786560059e-01,6.333384513854980469e-01
6.118262410163879395e-01,6.118071079254150391e-01,6.117879748344421387e-01,6.117688417434692383e-01,6.117497086524963379e-01,6.117306351661682129e-01,6.117115020751953125e-01,6.116923689842224121e-01,6.116732358932495117e-01,6.116541624069213867e-01,6.116350293159484863e-01,6.116159558296203613e-01,6.115968227386474609e-01,6.115777492523193359e-01,6.115586161613464355e-01,6.115395426750183105e-01,6.115204095840454102e-01,6.115013360977172852e-01,6.114822030067443848e-01,6.114631295204162598e-01,6.114439964294433594e-01,6.114249229431152344e-01,6.114057898521423340e-01,6.113867163658142090e-01,6.113676428794860840e-01,6.113485693931579590e-01,6.113294363021850586e-01,6.113103032112121582e-01,6.112912893295288086e-01,6.112721562385559082e-01,6.112530827522277832e-01,6.112340092658996582e-01,6.112149357795715332e-01,6.111958026885986328e-01,6.111767292022705078e-01,6.111576557159423828e-01,6.111385822296142578e-01,6.111195087432861328e-01,6.111004352569580078e-01,6.110813617706298828e-01,6.110622882843017578e-01,6.110432147979736328e-01,6.110241413116455078e-01,6.110050678253173828e-01,6.109859943389892578e-01,6.109669208526611328e-01,6.109478473663330078e-01,6.109287738800048828e-01,6.109097599983215332e-01,6.108906269073486328e-01,6.108715534210205078e-01,6.108525395393371582e-01,6.108334660530090332e-01,6.108143925666809082e-01,6.107953190803527832e-01,6.107763051986694336e-01,6.107572317123413086e-01,6.107382178306579590e-01,6.107190847396850586e-01,6.107000708580017090e-01,6.106809973716735840e-01,6.106619834899902344e-01,6.106429100036621094e-01,6.106238961219787598e-01,6.106048226356506348e-01,6.105858087539672852e-01,6.105667352676391602e-01,6.105477213859558105e-01,6.105286478996276855e-01,6.105096340179443359e-01,6.104905605316162109e-01,6.104715466499328613e-01,6.104524731636047363e-01,6.104334592819213867e-01,6.104144454002380371e-01,6.103953719139099121e-01,6.103763580322265625e-01,6.103572845458984375e-01,6.103383302688598633e-01,6.103192567825317383e-01
5.903176665306091309e-01,5.902998447418212891e-01,5.902820825576782227e-01,5.902642607688903809e-01,5.902464985847473145e-01,5.902286767959594727e-01,5.902109146118164062e-01,5.901930928230285645e-01,5.901753306388854980e-01,5.901575088500976562e-01,5.901397466659545898e-01,5.901219248771667480e-01,5.901041626930236816e-01,5.900863409042358398e-01,5.900685787200927734e-01,5.900507569313049316e-01,5.900329947471618652e-01,5.900152325630187988e-01,5.899974703788757324e-01,5.899796485900878906e-01,5.899618864059448242e-01,5.899441242218017578e-01,5.899263024330139160e-01,5.899085402488708496e-01,5.898907184600830078e-01,5.898730158805847168e-01,5.898551940917968750e-01,5.898374915122985840e-01,5.898196697235107422e-01,5.898019075393676758e-01,5.897841453552246094e-01,5.897663831710815430e-01,5.897486209869384766e-01,5.897308588027954102e-01,5.897130966186523438e-01,5.896953344345092773e-01,5.896775722503662109e-01,5.896598100662231445e-01,5.896420478820800781e-01,5.896242856979370117e-01,5.896065235137939453e-01,5.895887613296508789e-01,5.895709991455078125e-01,5.895532369613647461e-01,5.895354747772216797e-01,5.895177721977233887e-01,5.895000100135803223e-01,5.894821882247924805e-01,5.894644856452941895e-01,5.894467234611511230e-01,5.894289612770080566e-01,5.894111990928649902e-01,5.893934965133666992e-01,5.893757343292236328e-01,5.893580317497253418e-01,5.893402695655822754e-01,5.893225073814392090e-01,5.893047451972961426e-01,5.892870426177978516e-01,5.892692804336547852e-01,5.892515778541564941e-01,5.892338156700134277e-01,5.892161130905151367e-01,5.891983509063720703e-01,5.891806483268737793e-01,5.891628861427307129e-01,5.891451835632324219e-01,5.891274213790893555e-01,5.891096591949462891e-01,5.890919566154479980e-01,5.890741944313049316e-01,5.890564918518066406e-01,5.890387892723083496e-01,5.890210866928100586e-01,5.890033245086669922e-01,5.889856219291687012e-01,5.889678597450256348e-01,5.889501571655273438e-01,5.889324545860290527e-01,5.889147520065307617e-01
5.702700614929199219e-01,5.702534914016723633e-01,5.702368617057800293e-01,5.702202320098876953e-01,5.702036023139953613e-01,5.701870322227478027e-01,5.701704025268554688e-01,5.701538324356079102e-01,5.701372027397155762e-01,5.701206326484680176e-01,5.701040029525756836e-01,5.700873732566833496e-01,5.700708031654357910e-01,5.700541734695434570e-01,5.700376033782958984e-01,5.700209736824035645e-01,5.700044035911560059e-01,5.699878334999084473e-01,5.699712038040161133e-01,5.699545741081237793e-01,5.699380040168762207e-01,5.699213743209838867e-01,5.699048042297363281e-01,5.698882341384887695e-01,5.698716640472412109e-01,5.698550343513488770e-01,5.698384642601013184e-01,5.698218345642089844e-01,5.698052644729614258e-01,5.697886943817138672e-01,5.697721242904663086e-01,5.697554945945739746e-01,5.697389841079711914e-01,5.697223544120788574e-01,5.697057843208312988e-01,5.696892142295837402e-01,5.696726441383361816e-01,5.696560740470886230e-01,5.696395039558410645e-01,5.696228742599487305e-01,5.696063637733459473e-01,5.695897340774536133e-01,5.695731639862060547e-01,5.695565938949584961e-01,5.695400238037109375e-01,5.695234537124633789e-01,5.695068836212158203e-01,5.694903135299682617e-01,5.694737434387207031e-01,5.694571733474731445e-01,5.694406032562255859e-01,5.694240927696228027e-01,5.694074630737304688e-01,5.693909525871276855e-01,5.693743824958801270e-01,5.693578124046325684e-01,5.693412423133850098e-01,5.693247318267822266e-01,5.693081617355346680e-01,5.692915916442871094e-01,5.692750215530395508e-01,5.692585110664367676e-01,5.692419409751892090e-01,5.692253708839416504e-01,5.692088007926940918e-01,5.691922307014465332e-01,5.691757202148437500e-01,5.691591501235961914e-01,5.691426396369934082e-01,5.691260695457458496e-01,5.691094994544982910e-01,5.690929889678955078e-01,5.690764188766479492e-01,5.690598487854003906e-01,5.690433382987976074e-01,5.690267682075500488e-01,5.690102577209472656e-01,5.689937472343444824e-01,5.689771771430969238e-01,5.689606666564941406e-01
