5.000000000000000000e+00,5.000000000000000000e+00,5.000000000000000000e+00,5.000000000000000000e+00,5.000000000000000000e+00,5.000000000000000000e+00,5.000000000000000000e+00,5.000000000000000000e+00,5.000000000000000000e+00,5.000000000000000000e+00,5.000000000000000000e+00,5.000000000000000000e+00,5.000000000000000000e+00,5.000000000000000000e+00,5.000000000000000000e+00,5.000000000000000000e+00,5.000000000000000000e+00,5.000000000000000000e+00,5.000000000000000000e+00,1.638912796974182129e+00,1.643369913101196289e+00,1.614787220954895020e+00,1.572078347206115723e+00,1.545446753501892090e+00,1.512403845787048340e+00,1.483799099922180176e+00,1.474434733390808105e+00,1.464007496833801270e+00,1.420751929283142090e+00,1.411780118942260742e+00,1.418280363082885742e+00,1.434238433837890625e+00,5.000000000000000000e+00,5.000000000000000000e+00,5.000000000000000000e+00,5.000000000000000000e+00,5.000000000000000000e+00,5.000000000000000000e+00,5.000000000000000000e+00,5.000000000000000000e+00,5.000000000000000000e+00,5.000000000000000000e+00,5.000000000000000000e+00,5.000000000000000000e+00,5.000000000000000000e+00,5.000000000000000000e+00,5.000000000000000000e+00,5.000000000000000000e+00,5.000000000000000000e+00,5.000000000000000000e+00,5.000000000000000000e+00,5.000000000000000000e+00,5.000000000000000000e+00,5.000000000000000000e+00,5.000000000000000000e+00,5.000000000000000000e+00,5.000000000000000000e+00,5.000000000000000000e+00,5.000000000000000000e+00,5.000000000000000000e+00,4.131828308105468750e+00,3.993322610855102539e+00,3.863801717758178711e+00,3.742419004440307617e+00,3.628430366516113281e+00,3.521180391311645508e+00,3.420088291168212891e+00,3.324639081954956055e+00,3.234372854232788086e+00,3.148878812789916992e+00,3.067788124084472656e+00,2.990768909454345703e+00,2.917522192001342773e+00,2.847777605056762695e+00,2.781289577484130859e+00,2.717843055725097656e+00,2.657247304916381836e+00,2.599294900894165039e+00,2.543816328048706055e+00,2.490656375885009766e+00
5.000000000000000000e+00,5.000000000000000000e+00,5.000000000000000000e+00,5.000000000000000000e+00,5.000000000000000000e+00,5.000000000000000000e+00,5.000000000000000000e+00,5.000000000000000000e+00,5.000000000000000000e+00,5.000000000000000000e+00,5.000000000000000000e+00,5.000000000000000000e+00,5.000000000000000000e+00,5.000000000000000000e+00,5.000000000000000000e+00,5.000000000000000000e+00,5.000000000000000000e+00,5.000000000000000000e+00,5.000000000000000000e+00,1.638901352882385254e+00,1.642064690589904785e+00,1.659970760345458984e+00,1.567342042922973633e+00,1.535044789314270020e+00,1.497188210487365723e+00,1.475107192993164062e+00,1.466839671134948730e+00,1.455802679061889648e+00,1.424525856971740723e+00,1.414934396743774414e+00,1.419967532157897949e+00,1.433921456336975098e+00,5.000000000000000000e+00,5.000000000000000000e+00,5.000000000000000000e+00,5.000000000000000000e+00,5.000000000000000000e+00,5.000000000000000000e+00,5.000000000000000000e+00,5.000000000000000000e+00,5.000000000000000000e+00,5.000000000000000000e+00,5.000000000000000000e+00,5.000000000000000000e+00,5.000000000000000000e+00,5.000000000000000000e+00,5.000000000000000000e+00,5.000000000000000000e+00,5.000000000000000000e+00,5.000000000000000000e+00,5.000000000000000000e+00,5.000000000000000000e+00,5.000000000000000000e+00,5.000000000000000000e+00,5.000000000000000000e+00,5.000000000000000000e+00,5.000000000000000000e+00,5.000000000000000000e+00,5.000000000000000000e+00,4.280410289764404297e+00,4.131943225860595703e+00,3.993429899215698242e+00,3.863902568817138672e+00,3.742513418197631836e+00,3.628519058227539062e+00,3.521263837814331055e+00,3.420167207717895508e+00,3.324713468551635742e+00,3.234443664550781250e+00,3.148945569992065430e+00,3.067851543426513672e+00,2.990829229354858398e+00,2.917579650878906250e+00,2.847842931747436523e+00,2.781383037567138672e+00,2.717953920364379883e+00,2.657353401184082031e+00,2.599396467208862305e+00,2.543890237808227539e+00,2.490702390670776367e+00
5.000000000000000000e+00,5.000000000000000000e+00,5.000000000000000000e+00,5.000000000000000000e+00,5.000000000000000000e+00,5.000000000000000000e+00,5.000000000000000000e+00,5.000000000000000000e+00,5.000000000000000000e+00,5.000000000000000000e+00,5.000000000000000000e+00,5.000000000000000000e+00,5.000000000000000000e+00,5.000000000000000000e+00,5.000000000000000000e+00,5.000000000000000000e+00,5.000000000000000000e+00,5.000000000000000000e+00,1.667949438095092773e+00,1.638889670372009277e+00,1.640761494636535645e+00,1.661705493927001953e+00,1.554071903228759766e+00,1.514458298683166504e+00,1.485191106796264648e+00,1.464538574218750000e+00,1.459364056587219238e+00,1.455250144004821777e+00,1.433540105819702148e+00,1.420364856719970703e+00,1.422083020210266113e+00,1.434700727462768555e+00,5.000000000000000000e+00,5.000000000000000000e+00,5.000000000000000000e+00,5.000000000000000000e+00,5.000000000000000000e+00,5.000000000000000000e+00,5.000000000000000000e+00,5.000000000000000000e+00,5.000000000000000000e+00,5.000000000000000000e+00,5.000000000000000000e+00,5.000000000000000000e+00,5.000000000000000000e+00,5.000000000000000000e+00,5.000000000000000000e+00,5.000000000000000000e+00,5.000000000000000000e+00,5.000000000000000000e+00,5.000000000000000000e+00,5.000000000000000000e+00,5.000000000000000000e+00,5.000000000000000000e+00,5.000000000000000000e+00,5.000000000000000000e+00,5.000000000000000000e+00,5.000000000000000000e+00,4.440077304840087891e+00,4.280533790588378906e+00,4.132058143615722656e+00,3.993537902832031250e+00,3.864003181457519531e+00,3.742607593536376953e+00,3.628607749938964844e+00,3.521347284317016602e+00,3.420245885848999023e+00,3.324788331985473633e+00,3.234514236450195312e+00,3.149012565612792969e+00,3.067914724349975586e+00,2.990904331207275391e+00,2.917685270309448242e+00,2.847965002059936523e+00,2.781499147415161133e+00,2.718065023422241211e+00,2.657432079315185547e+00,2.599444627761840820e+00,2.543933629989624023e+00,2.490744113922119141e+00
5.000000000000000000e+00,5.000000000000000000e+00,5.000000000000000000e+00,5.000000000000000000e+00,5.000000000000000000e+00,5.000000000000000000e+00,5.000000000000000000e+00,5.000000000000000000e+00,5.000000000000000000e+00,5.000000000000000000e+00,5.000000000000000000e+00,5.000000000000000000e+00,5.000000000000000000e+00,5.000000000000000000e+00,5.000000000000000000e+00,5.000000000000000000e+00,5.000000000000000000e+00,5.000000000000000000e+00,1.666303873062133789e+00,1.635170578956604004e+00,1.638945460319519043e+00,1.661996245384216309e+00,1.540395021438598633e+00,1.501749157905578613e+00,1.462720274925231934e+00,1.451291918754577637e+00,1.448914170265197754e+00,1.448678851127624512e+00,1.446244478225708008e+00,1.425837278366088867e+00,1.427365183830261230e+00,1.435452699661254883e+00,5.000000000000000000e+00,5.000000000000000000e+00,5.000000000000000000e+00,5.000000000000000000e+00,5.000000000000000000e+00,5.000000000000000000e+00,5.000000000000000000e+00,5.000000000000000000e+00,5.000000000000000000e+00,5.000000000000000000e+00,5.000000000000000000e+00,5.000000000000000000e+00,5.000000000000000000e+00,5.000000000000000000e+00,5.000000000000000000e+00,5.000000000000000000e+00,5.000000000000000000e+00,5.000000000000000000e+00,5.000000000000000000e+00,5.000000000000000000e+00,5.000000000000000000e+00,5.000000000000000000e+00,5.000000000000000000e+00,5.000000000000000000e+00,5.000000000000000000e+00,4.612117290496826172e+00,4.440210342407226562e+00,4.280657291412353516e+00,4.132173538208007812e+00,3.993645191192626953e+00,3.864103794097900391e+00,3.742702007293701172e+00,3.628696441650390625e+00,3.521430969238281250e+00,3.420325040817260742e+00,3.324862718582153320e+00,3.234584569931030273e+00,3.149099111557006836e+00,3.068034648895263672e+00,2.991039037704467773e+00,2.917813062667846680e+00,2.848085165023803711e+00,2.781582832336425781e+00,2.718115568161010742e+00,2.657479524612426758e+00,2.599489927291870117e+00,2.543977022171020508e+00,2.490785837173461914e+00
4.882224082946777344e+00,5.000000000000000000e+00,5.000000000000000000e+00,5.000000000000000000e+00,5.000000000000000000e+00,5.000000000000000000e+00,5.000000000000000000e+00,5.000000000000000000e+00,5.000000000000000000e+00,5.000000000000000000e+00,5.000000000000000000e+00,5.000000000000000000e+00,5.000000000000000000e+00,5.000000000000000000e+00,5.000000000000000000e+00,5.000000000000000000e+00,5.000000000000000000e+00,5.000000000000000000e+00,1.669355869293212891e+00,1.639632940292358398e+00,1.639877557754516602e+00,1.622321724891662598e+00,1.522850513458251953e+00,1.482186913490295410e+00,1.443308830261230469e+00,1.442704796791076660e+00,1.443304181098937988e+00,1.443904042243957520e+00,1.451540827751159668e+00,1.438192129135131836e+00,1.433879852294921875e+00,1.438168525695800781e+00,1.452354311943054199e+00,5.000000000000000000e+00,5.000000000000000000e+00,5.000000000000000000e+00,5.000000000000000000e+00,5.000000000000000000e+00,5.000000000000000000e+00,5.000000000000000000e+00,5.000000000000000000e+00,5.000000000000000000e+00,5.000000000000000000e+00,5.000000000000000000e+00,5.000000000000000000e+00,5.000000000000000000e+00,5.000000000000000000e+00,5.000000000000000000e+00,5.000000000000000000e+00,5.000000000000000000e+00,5.000000000000000000e+00,5.000000000000000000e+00,5.000000000000000000e+00,5.000000000000000000e+00,5.000000000000000000e+00,5.000000000000000000e+00,4.798027038574218750e+00,4.612260818481445312e+00,4.440342903137207031e+00,4.280780792236328125e+00,4.132288455963134766e+00,3.993752717971801758e+00,3.864204406738281250e+00,3.742796421051025391e+00,3.628785133361816406e+00,3.521514415740966797e+00,3.420403957366943359e+00,3.324962854385375977e+00,3.234721183776855469e+00,3.149248361587524414e+00,3.068176269531250000e+00,2.991168737411499023e+00,2.917902708053588867e+00,2.848139762878417969e+00,2.781635046005249023e+00,2.718165159225463867e+00,2.657526969909667969e+00,2.599535465240478516e+00,2.544020652770996094e+00,2.490827322006225586e+00
4.882097721099853516e+00,5.000000000000000000e+00,5.000000000000000000e+00,5.000000000000000000e+00,5.000000000000000000e+00,5.000000000000000000e+00,5.000000000000000000e+00,5.000000000000000000e+00,5.000000000000000000e+00,5.000000000000000000e+00,5.000000000000000000e+00,5.000000000000000000e+00,5.000000000000000000e+00,5.000000000000000000e+00,5.000000000000000000e+00,5.000000000000000000e+00,5.000000000000000000e+00,5.000000000000000000e+00,5.000000000000000000e+00,1.648627161979675293e+00,1.648050904273986816e+00,1.608757376670837402e+00,1.514926195144653320e+00,1.484483003616333008e+00,1.442200541496276855e+00,1.441004872322082520e+00,1.440681457519531250e+00,1.441279053688049316e+00,1.446579933166503906e+00,1.455239772796630859e+00,1.441583514213562012e+00,1.442775607109069824e+00,1.455690741539001465e+00,5.000000000000000000e+00,5.000000000000000000e+00,5.000000000000000000e+00,5.000000000000000000e+00,5.000000000000000000e+00,5.000000000000000000e+00,5.000000000000000000e+00,5.000000000000000000e+00,5.000000000000000000e+00,5.000000000000000000e+00,5.000000000000000000e+00,5.000000000000000000e+00,5.000000000000000000e+00,5.000000000000000000e+00,5.000000000000000000e+00,5.000000000000000000e+00,5.000000000000000000e+00,5.000000000000000000e+00,5.000000000000000000e+00,5.000000000000000000e+00,5.000000000000000000e+00,5.000000000000000000e+00,4.999554157257080078e+00,4.798182010650634766e+00,4.612403869628906250e+00,4.440475940704345703e+00,4.280904293060302734e+00,4.132403373718261719e+00,3.993860244750976562e+00,3.864305019378662109e+00,3.742890834808349609e+00,3.628873825073242188e+00,3.521631240844726562e+00,3.420560359954833984e+00,3.325129270553588867e+00,3.234878778457641602e+00,3.149389266967773438e+00,3.068272352218627930e+00,2.991228818893432617e+00,2.917959928512573242e+00,2.848194360733032227e+00,2.781687021255493164e+00,2.718214511871337891e+00,2.657574415206909180e+00,2.599580764770507812e+00,2.544064044952392578e+00,2.490869045257568359e+00
4.881971836090087891e+00,5.000000000000000000e+00,5.000000000000000000e+00,5.000000000000000000e+00,5.000000000000000000e+00,5.000000000000000000e+00,5.000000000000000000e+00,5.000000000000000000e+00,5.000000000000000000e+00,5.000000000000000000e+00,5.000000000000000000e+00,5.000000000000000000e+00,5.000000000000000000e+00,5.000000000000000000e+00,5.000000000000000000e+00,5.000000000000000000e+00,5.000000000000000000e+00,5.000000000000000000e+00,5.000000000000000000e+00,1.664228558540344238e+00,1.657237172126770020e+00,1.534353733062744141e+00,1.514199733734130859e+00,1.495728015899658203e+00,1.444707632064819336e+00,1.442593574523925781e+00,1.441397190093994141e+00,1.440202951431274414e+00,1.442018508911132812e+00,1.465958356857299805e+00,1.451003789901733398e+00,1.450662493705749512e+00,1.459042787551879883e+00,5.000000000000000000e+00,5.000000000000000000e+00,5.000000000000000000e+00,5.000000000000000000e+00,5.000000000000000000e+00,5.000000000000000000e+00,5.000000000000000000e+00,5.000000000000000000e+00,5.000000000000000000e+00,5.000000000000000000e+00,5.000000000000000000e+00,5.000000000000000000e+00,5.000000000000000000e+00,5.000000000000000000e+00,5.000000000000000000e+00,5.000000000000000000e+00,5.000000000000000000e+00,5.000000000000000000e+00,5.000000000000000000e+00,5.000000000000000000e+00,5.000000000000000000e+00,5.000000000000000000e+00,4.999722480773925781e+00,4.798337459564208984e+00,4.612547874450683594e+00,4.440608978271484375e+00,4.281027793884277344e+00,4.132518291473388672e+00,3.993967533111572266e+00,3.864405393600463867e+00,3.743027687072753906e+00,3.629054784774780273e+00,3.521817922592163086e+00,3.420736551284790039e+00,3.325282812118530273e+00,3.234982252120971680e+00,3.149455785751342773e+00,3.068335294723510742e+00,2.991289138793945312e+00,2.918017148971557617e+00,2.848248720169067383e+00,2.781738758087158203e+00,2.718264341354370117e+00,2.657621860504150391e+00,2.599626064300537109e+00,2.544107675552368164e+00,2.490910768508911133e+00
4.881845951080322266e+00,5.000000000000000000e+00,5.000000000000000000e+00,5.000000000000000000e+00,5.000000000000000000e+00,5.000000000000000000e+00,5.000000000000000000e+00,5.000000000000000000e+00,5.000000000000000000e+00,5.000000000000000000e+00,5.000000000000000000e+00,5.000000000000000000e+00,5.000000000000000000e+00,5.000000000000000000e+00,5.000000000000000000e+00,5.000000000000000000e+00,5.000000000000000000e+00,5.000000000000000000e+00,5.000000000000000000e+00,1.686431527137756348e+00,1.669103264808654785e+00,1.527048468589782715e+00,1.514104485511779785e+00,1.501378059387207031e+00,1.453382968902587891e+00,1.444185853004455566e+00,1.444474220275878906e+00,1.446770668029785156e+00,1.446828365325927734e+00,1.466146945953369141e+00,1.468298077583312988e+00,1.458636164665222168e+00,1.462410092353820801e+00,5.000000000000000000e+00,5.000000000000000000e+00,5.000000000000000000e+00,5.000000000000000000e+00,5.000000000000000000e+00,5.000000000000000000e+00,5.000000000000000000e+00,5.000000000000000000e+00,5.000000000000000000e+00,5.000000000000000000e+00,5.000000000000000000e+00,5.000000000000000000e+00,5.000000000000000000e+00,5.000000000000000000e+00,5.000000000000000000e+00,5.000000000000000000e+00,5.000000000000000000e+00,5.000000000000000000e+00,5.000000000000000000e+00,5.000000000000000000e+00,5.000000000000000000e+00,5.000000000000000000e+00,4.999890804290771484e+00,4.798492431640625000e+00,4.612690925598144531e+00,4.440741539001464844e+00,4.281151294708251953e+00,4.132633686065673828e+00,3.994128704071044922e+00,3.864615678787231445e+00,3.743238210678100586e+00,3.629252910614013672e+00,3.521986484527587891e+00,3.420848846435546875e+00,3.325357437133789062e+00,3.235052347183227539e+00,3.149522304534912109e+00,3.068398714065551758e+00,2.991349220275878906e+00,2.918074131011962891e+00,2.848303318023681641e+00,2.781790971755981445e+00,2.718313932418823242e+00,2.657669305801391602e+00,2.599671602249145508e+00,2.544151067733764648e+00,2.490952491760253906e+00
4.881719589233398438e+00,5.000000000000000000e+00,5.000000000000000000e+00,5.000000000000000000e+00,5.000000000000000000e+00,5.000000000000000000e+00,5.000000000000000000e+00,5.000000000000000000e+00,5.000000000000000000e+00,5.000000000000000000e+00,5.000000000000000000e+00,5.000000000000000000e+00,5.000000000000000000e+00,5.000000000000000000e+00,5.000000000000000000e+00,5.000000000000000000e+00,5.000000000000000000e+00,5.000000000000000000e+00,5.000000000000000000e+00,5.000000000000000000e+00,1.682321190834045410e+00,1.537937998771667480e+00,1.526644468307495117e+00,1.513153433799743652e+00,1.470417499542236328e+00,1.451930403709411621e+00,1.454250574111938477e+00,1.455436944961547852e+00,1.454720258712768555e+00,1.469270944595336914e+00,1.491260051727294922e+00,1.463080763816833496e+00,1.461944937705993652e+00,1.476184010505676270e+00,5.000000000000000000e+00,5.000000000000000000e+00,5.000000000000000000e+00,5.000000000000000000e+00,5.000000000000000000e+00,5.000000000000000000e+00,5.000000000000000000e+00,5.000000000000000000e+00,5.000000000000000000e+00,5.000000000000000000e+00,5.000000000000000000e+00,5.000000000000000000e+00,5.000000000000000000e+00,5.000000000000000000e+00,5.000000000000000000e+00,5.000000000000000000e+00,5.000000000000000000e+00,5.000000000000000000e+00,5.000000000000000000e+00,5.000000000000000000e+00,5.000000000000000000e+00,5.000000000000000000e+00,4.798647880554199219e+00,4.612833976745605469e+00,4.440874576568603516e+00,4.281342506408691406e+00,4.132879734039306641e+00,3.994368314743041992e+00,3.864840269088745117e+00,3.743424415588378906e+00,3.629374980926513672e+00,3.522069931030273438e+00,3.420927286148071289e+00,3.325431585311889648e+00,3.235122680664062500e+00,3.149589061737060547e+00,3.068461894989013672e+00,2.991409063339233398e+00,2.918131589889526367e+00,2.848357677459716797e+00,2.781842708587646484e+00,2.718363523483276367e+00,2.657716751098632812e+00,2.599716901779174805e+00,2.544194459915161133e+00,2.490994215011596680e+00
4.881593704223632812e+00,5.000000000000000000e+00,5.000000000000000000e+00,5.000000000000000000e+00,5.000000000000000000e+00,5.000000000000000000e+00,5.000000000000000000e+00,5.000000000000000000e+00,5.000000000000000000e+00,5.000000000000000000e+00,5.000000000000000000e+00,5.000000000000000000e+00,5.000000000000000000e+00,5.000000000000000000e+00,5.000000000000000000e+00,5.000000000000000000e+00,5.000000000000000000e+00,5.000000000000000000e+00,5.000000000000000000e+00,5.000000000000000000e+00,1.698129892349243164e+00,1.595814466476440430e+00,1.538621068000793457e+00,1.527634024620056152e+00,1.502410411834716797e+00,1.465439081192016602e+00,1.464148402214050293e+00,1.463423252105712891e+00,1.462698698043823242e+00,1.472376227378845215e+00,1.494497656822204590e+00,1.472034931182861328e+00,1.467080593109130859e+00,1.477718830108642578e+00,5.000000000000000000e+00,5.000000000000000000e+00,5.000000000000000000e+00,5.000000000000000000e+00,5.000000000000000000e+00,5.000000000000000000e+00,5.000000000000000000e+00,5.000000000000000000e+00,5.000000000000000000e+00,5.000000000000000000e+00,5.000000000000000000e+00,5.000000000000000000e+00,5.000000000000000000e+00,5.000000000000000000e+00,5.000000000000000000e+00,5.000000000000000000e+00,5.000000000000000000e+00,5.000000000000000000e+00,5.000000000000000000e+00,5.000000000000000000e+00,5.000000000000000000e+00,5.000000000000000000e+00,4.798803806304931641e+00,4.613062858581542969e+00,4.441165447235107422e+00,4.281618118286132812e+00,4.133136749267578125e+00,3.994575738906860352e+00,3.864974260330200195e+00,3.743518352508544922e+00,3.629463672637939453e+00,3.522153139114379883e+00,3.421005725860595703e+00,3.325505971908569336e+00,3.235193014144897461e+00,3.149655580520629883e+00,3.068525075912475586e+00,2.991469383239746094e+00,2.918188571929931641e+00,2.848412036895751953e+00,2.781894922256469727e+00,2.718413352966308594e+00,2.657764196395874023e+00,2.599762201309204102e+00,2.544238090515136719e+00,2.491035938262939453e+00
4.881467819213867188e+00,5.000000000000000000e+00,5.000000000000000000e+00,5.000000000000000000e+00,5.000000000000000000e+00,5.000000000000000000e+00,5.000000000000000000e+00,5.000000000000000000e+00,5.000000000000000000e+00,5.000000000000000000e+00,5.000000000000000000e+00,5.000000000000000000e+00,5.000000000000000000e+00,5.000000000000000000e+00,5.000000000000000000e+00,5.000000000000000000e+00,5.000000000000000000e+00,5.000000000000000000e+00,5.000000000000000000e+00,5.000000000000000000e+00,1.712709665298461914e+00,1.707046031951904297e+00,1.550077438354492188e+00,1.542658448219299316e+00,1.544276118278503418e+00,1.496027708053588867e+00,1.473413467407226562e+00,1.473494529724121094e+00,1.472382545471191406e+00,1.474518418312072754e+00,1.496141552925109863e+00,1.518988370895385742e+00,1.472252249717712402e+00,1.480135202407836914e+00,5.000000000000000000e+00,5.000000000000000000e+00,5.000000000000000000e+00,5.000000000000000000e+00,5.000000000000000000e+00,5.000000000000000000e+00,5.000000000000000000e+00,5.000000000000000000e+00,5.000000000000000000e+00,5.000000000000000000e+00,5.000000000000000000e+00,5.000000000000000000e+00,5.000000000000000000e+00,5.000000000000000000e+00,5.000000000000000000e+00,5.000000000000000000e+00,5.000000000000000000e+00,5.000000000000000000e+00,5.000000000000000000e+00,5.000000000000000000e+00,5.000000000000000000e+00,5.000000000000000000e+00,4.799149990081787109e+00,4.613383293151855469e+00,4.441462039947509766e+00,4.281850337982177734e+00,4.133284568786621094e+00,3.994682788848876953e+00,3.865074872970581055e+00,3.743612766265869141e+00,3.629552125930786133e+00,3.522236347198486328e+00,3.421084642410278320e+00,3.325580120086669922e+00,3.235263347625732422e+00,3.149722576141357422e+00,3.068588495254516602e+00,2.991529464721679688e+00,2.918245792388916016e+00,2.848466873168945312e+00,2.781946897506713867e+00,2.718462705612182617e+00,2.657811403274536133e+00,2.599807739257812500e+00,2.544281482696533203e+00,2.491077423095703125e+00
4.881320476531982422e+00,5.000000000000000000e+00,5.000000000000000000e+00,5.000000000000000000e+00,5.000000000000000000e+00,5.000000000000000000e+00,5.000000000000000000e+00,5.000000000000000000e+00,5.000000000000000000e+00,5.000000000000000000e+00,5.000000000000000000e+00,5.000000000000000000e+00,5.000000000000000000e+00,5.000000000000000000e+00,5.000000000000000000e+00,5.000000000000000000e+00,5.000000000000000000e+00,5.000000000000000000e+00,5.000000000000000000e+00,5.000000000000000000e+00,1.729865193367004395e+00,1.724731445312500000e+00,1.568589568138122559e+00,1.564773917198181152e+00,1.561150789260864258e+00,1.525059103965759277e+00,1.484590172767639160e+00,1.484567999839782715e+00,1.480526447296142578e+00,1.476940512657165527e+00,1.498466491699218750e+00,1.520686864852905273e+00,1.560298562049865723e+00,1.483211994171142578e+00,5.000000000000000000e+00,5.000000000000000000e+00,5.000000000000000000e+00,5.000000000000000000e+00,5.000000000000000000e+00,5.000000000000000000e+00,5.000000000000000000e+00,5.000000000000000000e+00,5.000000000000000000e+00,5.000000000000000000e+00,5.000000000000000000e+00,5.000000000000000000e+00,5.000000000000000000e+00,5.000000000000000000e+00,5.000000000000000000e+00,5.000000000000000000e+00,5.000000000000000000e+00,5.000000000000000000e+00,5.000000000000000000e+00,5.000000000000000000e+00,5.000000000000000000e+00,5.000000000000000000e+00,4.799496650695800781e+00,4.613646507263183594e+00,4.441627025604248047e+00,4.281973838806152344e+00,4.133399486541748047e+00,3.994790077209472656e+00,3.865175247192382812e+00,3.743706703186035156e+00,3.629640340805053711e+00,3.522319793701171875e+00,3.421163082122802734e+00,3.325654268264770508e+00,3.235333681106567383e+00,3.149789094924926758e+00,3.068651676177978516e+00,2.991589307785034180e+00,2.918303012847900391e+00,2.848521232604980469e+00,2.781998634338378906e+00,2.718512535095214844e+00,2.657859086990356445e+00,2.599853038787841797e+00,2.544324874877929688e+00,2.491119146347045898e+00
4.881168842315673828e+00,5.000000000000000000e+00,5.000000000000000000e+00,5.000000000000000000e+00,5.000000000000000000e+00,5.000000000000000000e+00,5.000000000000000000e+00,5.000000000000000000e+00,5.000000000000000000e+00,5.000000000000000000e+00,5.000000000000000000e+00,5.000000000000000000e+00,5.000000000000000000e+00,5.000000000000000000e+00,5.000000000000000000e+00,5.000000000000000000e+00,5.000000000000000000e+00,5.000000000000000000e+00,5.000000000000000000e+00,5.000000000000000000e+00,5.000000000000000000e+00,1.746288418769836426e+00,1.752689003944396973e+00,1.594722986221313477e+00,1.590169548988342285e+00,1.553745985031127930e+00,1.510085344314575195e+00,1.491735219955444336e+00,1.486472368240356445e+00,1.483169555664062500e+00,1.504963874816894531e+00,1.527030587196350098e+00,1.563903331756591797e+00,1.479746580123901367e+00,1.502976894378662109e+00,5.000000000000000000e+00,5.000000000000000000e+00,5.000000000000000000e+00,5.000000000000000000e+00,5.000000000000000000e+00,5.000000000000000000e+00,5.000000000000000000e+00,5.000000000000000000e+00,5.000000000000000000e+00,5.000000000000000000e+00,5.000000000000000000e+00,5.000000000000000000e+00,5.000000000000000000e+00,5.000000000000000000e+00,5.000000000000000000e+00,5.000000000000000000e+00,5.000000000000000000e+00,5.000000000000000000e+00,5.000000000000000000e+00,5.000000000000000000e+00,5.000000000000000000e+00,4.799682140350341797e+00,4.613789558410644531e+00,4.441759586334228516e+00,4.282096862792968750e+00,4.133513927459716797e+00,3.994897127151489258e+00,3.865275382995605469e+00,3.743801116943359375e+00,3.629729270935058594e+00,3.522403001785278320e+00,3.421241521835327148e+00,3.325728893280029297e+00,3.235404014587402344e+00,3.149855613708496094e+00,3.068715095520019531e+00,2.991649627685546875e+00,2.918360233306884766e+00,2.848575592041015625e+00,2.782050848007202148e+00,2.718562126159667969e+00,2.657906532287597656e+00,2.599898338317871094e+00,2.544368505477905273e+00,2.491160869598388672e+00
4.881018161773681641e+00,5.000000000000000000e+00,5.000000000000000000e+00,5.000000000000000000e+00,5.000000000000000000e+00,5.000000000000000000e+00,5.000000000000000000e+00,5.000000000000000000e+00,5.000000000000000000e+00,5.000000000000000000e+00,5.000000000000000000e+00,5.000000000000000000e+00,5.000000000000000000e+00,5.000000000000000000e+00,5.000000000000000000e+00,5.000000000000000000e+00,5.000000000000000000e+00,5.000000000000000000e+00,5.000000000000000000e+00,5.000000000000000000e+00,5.000000000000000000e+00,1.745851874351501465e+00,1.749973416328430176e+00,1.675369858741760254e+00,1.620035409927368164e+00,1.615290045738220215e+00,1.519586205482482910e+00,1.496359467506408691e+00,1.491063714027404785e+00,1.489685893058776855e+00,1.512072563171386719e+00,1.535960078239440918e+00,1.572909474372863770e+00,1.478311061859130859e+00,1.495555281639099121e+00,5.000000000000000000e+00,5.000000000000000000e+00,5.000000000000000000e+00,5.000000000000000000e+00,5.000000000000000000e+00,5.000000000000000000e+00,5.000000000000000000e+00,5.000000000000000000e+00,5.000000000000000000e+00,5.000000000000000000e+00,5.000000000000000000e+00,5.000000000000000000e+00,5.000000000000000000e+00,5.000000000000000000e+00,5.000000000000000000e+00,5.000000000000000000e+00,5.000000000000000000e+00,5.000000000000000000e+00,5.000000000000000000e+00,5.000000000000000000e+00,5.000000000000000000e+00,4.799836635589599609e+00,4.613932609558105469e+00,4.441892147064208984e+00,4.282219886779785156e+00,4.133628845214843750e+00,3.995004177093505859e+00,3.865375995635986328e+00,3.743895053863525391e+00,3.629817485809326172e+00,3.522486209869384766e+00,3.421320438385009766e+00,3.325803041458129883e+00,3.235474109649658203e+00,3.149922370910644531e+00,3.068778276443481445e+00,2.991709709167480469e+00,2.918417215347290039e+00,2.848630189895629883e+00,2.782102823257446289e+00,2.718611717224121094e+00,2.657953977584838867e+00,2.599943876266479492e+00,2.544411897659301758e+00,2.491202354431152344e+00
4.880867004394531250e+00,5.000000000000000000e+00,5.000000000000000000e+00,5.000000000000000000e+00,5.000000000000000000e+00,5.000000000000000000e+00,5.000000000000000000e+00,5.000000000000000000e+00,5.000000000000000000e+00,5.000000000000000000e+00,5.000000000000000000e+00,5.000000000000000000e+00,5.000000000000000000e+00,5.000000000000000000e+00,5.000000000000000000e+00,5.000000000000000000e+00,5.000000000000000000e+00,5.000000000000000000e+00,5.000000000000000000e+00,5.000000000000000000e+00,5.000000000000000000e+00,1.758160948753356934e+00,1.775377869606018066e+00,1.764349341392517090e+00,1.646660923957824707e+00,1.641867160797119141e+00,1.525766372680664062e+00,1.501012206077575684e+00,1.496595144271850586e+00,1.496259927749633789e+00,1.519248843193054199e+00,1.545412540435791016e+00,1.581473708152770996e+00,1.486486911773681641e+00,1.496685028076171875e+00,1.552076816558837891e+00,5.000000000000000000e+00,5.000000000000000000e+00,5.000000000000000000e+00,5.000000000000000000e+00,5.000000000000000000e+00,5.000000000000000000e+00,5.000000000000000000e+00,5.000000000000000000e+00,5.000000000000000000e+00,5.000000000000000000e+00,5.000000000000000000e+00,5.000000000000000000e+00,5.000000000000000000e+00,5.000000000000000000e+00,5.000000000000000000e+00,5.000000000000000000e+00,5.000000000000000000e+00,5.000000000000000000e+00,5.000000000000000000e+00,5.000000000000000000e+00,4.799991607666015625e+00,4.614075660705566406e+00,4.442024230957031250e+00,4.282343387603759766e+00,4.133743762969970703e+00,3.995111703872680664e+00,3.865476131439208984e+00,3.743988990783691406e+00,3.629906177520751953e+00,3.522569894790649414e+00,3.421398878097534180e+00,3.325877189636230469e+00,3.235544681549072266e+00,3.149988889694213867e+00,3.068841218948364258e+00,2.991770029067993164e+00,2.918474674224853516e+00,2.848684549331665039e+00,2.782154560089111328e+00,2.718661546707153320e+00,2.658001422882080078e+00,2.599989175796508789e+00,2.544455289840698242e+00,2.491244316101074219e+00
4.880715847015380859e+00,5.000000000000000000e+00,5.000000000000000000e+00,5.000000000000000000e+00,5.000000000000000000e+00,5.000000000000000000e+00,5.000000000000000000e+00,5.000000000000000000e+00,5.000000000000000000e+00,5.000000000000000000e+00,5.000000000000000000e+00,5.000000000000000000e+00,5.000000000000000000e+00,5.000000000000000000e+00,5.000000000000000000e+00,5.000000000000000000e+00,5.000000000000000000e+00,5.000000000000000000e+00,5.000000000000000000e+00,5.000000000000000000e+00,5.000000000000000000e+00,1.769229650497436523e+00,1.783275723457336426e+00,1.793704628944396973e+00,1.699782729148864746e+00,1.660381436347961426e+00,1.530425786972045898e+00,1.505719184875488281e+00,1.502179026603698730e+00,1.502892136573791504e+00,1.526285052299499512e+00,1.554658412933349609e+00,5.000000000000000000e+00,5.000000000000000000e+00,1.506947755813598633e+00,1.528510570526123047e+00,5.000000000000000000e+00,5.000000000000000000e+00,5.000000000000000000e+00,5.000000000000000000e+00,5.000000000000000000e+00,5.000000000000000000e+00,5.000000000000000000e+00,5.000000000000000000e+00,5.000000000000000000e+00,5.000000000000000000e+00,5.000000000000000000e+00,5.000000000000000000e+00,5.000000000000000000e+00,5.000000000000000000e+00,5.000000000000000000e+00,5.000000000000000000e+00,5.000000000000000000e+00,5.000000000000000000e+00,5.000000000000000000e+00,5.000000000000000000e+00,4.800146102905273438e+00,4.614218235015869141e+00,4.442156791687011719e+00,4.282466411590576172e+00,4.133858203887939453e+00,3.995218753814697266e+00,3.865576267242431641e+00,3.744083404541015625e+00,3.629994630813598633e+00,3.522653102874755859e+00,3.421477317810058594e+00,3.325951576232910156e+00,3.235614776611328125e+00,3.150055408477783203e+00,3.068904638290405273e+00,2.991830110549926758e+00,2.918531656265258789e+00,2.848739147186279297e+00,2.782206773757934570e+00,2.718711137771606445e+00,2.658048868179321289e+00,2.600034713745117188e+00,2.544498920440673828e+00,2.491285800933837891e+00
4.880564689636230469e+00,5.000000000000000000e+00,5.000000000000000000e+00,5.000000000000000000e+00,5.000000000000000000e+00,5.000000000000000000e+00,5.000000000000000000e+00,5.000000000000000000e+00,5.000000000000000000e+00,5.000000000000000000e+00,5.000000000000000000e+00,5.000000000000000000e+00,5.000000000000000000e+00,5.000000000000000000e+00,5.000000000000000000e+00,5.000000000000000000e+00,5.000000000000000000e+00,5.000000000000000000e+00,5.000000000000000000e+00,5.000000000000000000e+00,5.000000000000000000e+00,1.781159043312072754e+00,1.802173376083374023e+00,5.000000000000000000e+00,5.000000000000000000e+00,1.673142433166503906e+00,1.535113573074340820e+00,1.511371612548828125e+00,1.507804870605468750e+00,1.509706258773803711e+00,1.533191919326782227e+00,1.563024401664733887e+00,5.000000000000000000e+00,5.000000000000000000e+00,1.492792963981628418e+00,1.534162402153015137e+00,5.000000000000000000e+00,5.000000000000000000e+00,5.000000000000000000e+00,5.000000000000000000e+00,5.000000000000000000e+00,5.000000000000000000e+00,5.000000000000000000e+00,5.000000000000000000e+00,5.000000000000000000e+00,5.000000000000000000e+00,5.000000000000000000e+00,5.000000000000000000e+00,5.000000000000000000e+00,5.000000000000000000e+00,5.000000000000000000e+00,5.000000000000000000e+00,5.000000000000000000e+00,5.000000000000000000e+00,5.000000000000000000e+00,5.000000000000000000e+00,4.800301074981689453e+00,4.614361286163330078e+00,4.442289829254150391e+00,4.282589435577392578e+00,4.133973121643066406e+00,3.995325803756713867e+00,3.865677118301391602e+00,3.744177579879760742e+00,3.630083084106445312e+00,3.522736549377441406e+00,3.421556234359741211e+00,3.326025724411010742e+00,3.235685110092163086e+00,3.150122165679931641e+00,3.068967819213867188e+00,2.991889953613281250e+00,2.918589115142822266e+00,2.848793745040893555e+00,2.782258749008178711e+00,2.718760728836059570e+00,2.658096313476562500e+00,2.600080251693725586e+00,2.544542312622070312e+00,2.491327762603759766e+00
4.880414009094238281e+00,5.000000000000000000e+00,5.000000000000000000e+00,5.000000000000000000e+00,5.000000000000000000e+00,5.000000000000000000e+00,5.000000000000000000e+00,5.000000000000000000e+00,5.000000000000000000e+00,5.000000000000000000e+00,5.000000000000000000e+00,5.000000000000000000e+00,5.000000000000000000e+00,5.000000000000000000e+00,5.000000000000000000e+00,5.000000000000000000e+00,5.000000000000000000e+00,5.000000000000000000e+00,5.000000000000000000e+00,5.000000000000000000e+00,5.000000000000000000e+00,1.791031956672668457e+00,1.807219147682189941e+00,1.820438027381896973e+00,1.827044725418090820e+00,1.710199713706970215e+00,1.541601896286010742e+00,1.516146302223205566e+00,1.512327790260314941e+00,1.517511367797851562e+00,1.541595578193664551e+00,1.572331666946411133e+00,5.000000000000000000e+00,5.000000000000000000e+00,5.000000000000000000e+00,1.517084121704101562e+00,5.000000000000000000e+00,5.000000000000000000e+00,5.000000000000000000e+00,5.000000000000000000e+00,5.000000000000000000e+00,5.000000000000000000e+00,5.000000000000000000e+00,5.000000000000000000e+00,5.000000000000000000e+00,5.000000000000000000e+00,5.000000000000000000e+00,5.000000000000000000e+00,5.000000000000000000e+00,5.000000000000000000e+00,5.000000000000000000e+00,5.000000000000000000e+00,5.000000000000000000e+00,5.000000000000000000e+00,5.000000000000000000e+00,5.000000000000000000e+00,4.800455570220947266e+00,4.614504337310791016e+00,4.442421913146972656e+00,4.282712459564208984e+00,4.134088039398193359e+00,3.995433330535888672e+00,3.865777254104614258e+00,3.744271516799926758e+00,3.630171775817871094e+00,3.522819757461547852e+00,3.421634674072265625e+00,3.326099872589111328e+00,3.235755681991577148e+00,3.150188922882080078e+00,3.069031000137329102e+00,2.991950273513793945e+00,2.918646335601806641e+00,2.848848104476928711e+00,2.782310485839843750e+00,2.718810319900512695e+00,2.658143758773803711e+00,2.600125551223754883e+00,2.544585943222045898e+00,2.491369247436523438e+00
4.880262851715087891e+00,5.000000000000000000e+00,5.000000000000000000e+00,5.000000000000000000e+00,5.000000000000000000e+00,5.000000000000000000e+00,5.000000000000000000e+00,5.000000000000000000e+00,5.000000000000000000e+00,5.000000000000000000e+00,5.000000000000000000e+00,5.000000000000000000e+00,5.000000000000000000e+00,5.000000000000000000e+00,5.000000000000000000e+00,5.000000000000000000e+00,5.000000000000000000e+00,5.000000000000000000e+00,5.000000000000000000e+00,5.000000000000000000e+00,5.000000000000000000e+00,5.000000000000000000e+00,5.000000000000000000e+00,1.831075072288513184e+00,5.000000000000000000e+00,5.000000000000000000e+00,1.550255298614501953e+00,1.520661234855651855e+00,1.517101645469665527e+00,1.524500250816345215e+00,1.550091743469238281e+00,1.581914305686950684e+00,5.000000000000000000e+00,5.000000000000000000e+00,5.000000000000000000e+00,5.000000000000000000e+00,5.000000000000000000e+00,5.000000000000000000e+00,5.000000000000000000e+00,5.000000000000000000e+00,5.000000000000000000e+00,5.000000000000000000e+00,5.000000000000000000e+00,5.000000000000000000e+00,5.000000000000000000e+00,5.000000000000000000e+00,5.000000000000000000e+00,5.000000000000000000e+00,5.000000000000000000e+00,5.000000000000000000e+00,5.000000000000000000e+00,5.000000000000000000e+00,5.000000000000000000e+00,5.000000000000000000e+00,5.000000000000000000e+00,5.000000000000000000e+00,4.800604343414306641e+00,4.614643096923828125e+00,4.442552089691162109e+00,4.282834529876708984e+00,4.134202480316162109e+00,3.995540380477905273e+00,3.865877389907836914e+00,3.744365930557250977e+00,3.630259990692138672e+00,3.522902965545654297e+00,3.421713590621948242e+00,3.326174497604370117e+00,3.235825777053833008e+00,3.150255441665649414e+00,3.069094419479370117e+00,2.992010354995727539e+00,2.918703317642211914e+00,2.848902940750122070e+00,2.782362699508666992e+00,2.718859910964965820e+00,2.658191204071044922e+00,2.600171089172363281e+00,2.544629335403442383e+00,2.491410970687866211e+00
4.880111694335937500e+00,5.000000000000000000e+00,5.000000000000000000e+00,5.000000000000000000e+00,5.000000000000000000e+00,5.000000000000000000e+00,5.000000000000000000e+00,5.000000000000000000e+00,5.000000000000000000e+00,5.000000000000000000e+00,5.000000000000000000e+00,5.000000000000000000e+00,5.000000000000000000e+00,5.000000000000000000e+00,5.000000000000000000e+00,5.000000000000000000e+00,5.000000000000000000e+00,5.000000000000000000e+00,5.000000000000000000e+00,5.000000000000000000e+00,5.000000000000000000e+00,5.000000000000000000e+00,5.000000000000000000e+00,5.000000000000000000e+00,5.000000000000000000e+00,5.000000000000000000e+00,1.559006571769714355e+00,1.525203108787536621e+00,1.522618889808654785e+00,1.531553745269775391e+00,1.558682203292846680e+00,1.591029405593872070e+00,5.000000000000000000e+00,5.000000000000000000e+00,5.000000000000000000e+00,5.000000000000000000e+00,5.000000000000000000e+00,5.000000000000000000e+00,5.000000000000000000e+00,5.000000000000000000e+00,5.000000000000000000e+00,5.000000000000000000e+00,5.000000000000000000e+00,5.000000000000000000e+00,5.000000000000000000e+00,5.000000000000000000e+00,5.000000000000000000e+00,5.000000000000000000e+00,5.000000000000000000e+00,5.000000000000000000e+00,5.000000000000000000e+00,5.000000000000000000e+00,5.000000000000000000e+00,5.000000000000000000e+00,5.000000000000000000e+00,5.000000000000000000e+00,4.800748825073242188e+00,4.614776611328125000e+00,4.442675590515136719e+00,4.282949447631835938e+00,4.134309768676757812e+00,3.995641708374023438e+00,3.865973234176635742e+00,3.744456529617309570e+00,3.630346059799194336e+00,3.522985219955444336e+00,3.421791315078735352e+00,3.326248645782470703e+00,3.235896348953247070e+00,3.150322198867797852e+00,3.069157600402832031e+00,2.992070436477661133e+00,2.918760776519775391e+00,2.848957300186157227e+00,2.782414674758911133e+00,2.718909502029418945e+00,2.658238649368286133e+00,2.600216388702392578e+00,2.544672727584838867e+00,2.491452693939208984e+00
4.879960536956787109e+00,5.000000000000000000e+00,5.000000000000000000e+00,5.000000000000000000e+00,5.000000000000000000e+00,5.000000000000000000e+00,5.000000000000000000e+00,5.000000000000000000e+00,5.000000000000000000e+00,5.000000000000000000e+00,5.000000000000000000e+00,5.000000000000000000e+00,5.000000000000000000e+00,5.000000000000000000e+00,5.000000000000000000e+00,5.000000000000000000e+00,5.000000000000000000e+00,5.000000000000000000e+00,5.000000000000000000e+00,5.000000000000000000e+00,5.000000000000000000e+00,5.000000000000000000e+00,5.000000000000000000e+00,5.000000000000000000e+00,5.000000000000000000e+00,5.000000000000000000e+00,1.567857265472412109e+00,1.529794335365295410e+00,1.528176426887512207e+00,1.538672685623168945e+00,1.567368388175964355e+00,1.599442243576049805e+00,5.000000000000000000e+00,5.000000000000000000e+00,5.000000000000000000e+00,5.000000000000000000e+00,5.000000000000000000e+00,5.000000000000000000e+00,5.000000000000000000e+00,5.000000000000000000e+00,5.000000000000000000e+00,5.000000000000000000e+00,5.000000000000000000e+00,5.000000000000000000e+00,5.000000000000000000e+00,5.000000000000000000e+00,5.000000000000000000e+00,5.000000000000000000e+00,5.000000000000000000e+00,5.000000000000000000e+00,5.000000000000000000e+00,5.000000000000000000e+00,5.000000000000000000e+00,5.000000000000000000e+00,5.000000000000000000e+00,5.000000000000000000e+00,4.800893306732177734e+00,4.614910125732421875e+00,4.442799091339111328e+00,4.283064842224121094e+00,4.134417057037353516e+00,3.995741605758666992e+00,3.866067171096801758e+00,3.744544267654418945e+00,3.630429029464721680e+00,3.523062944412231445e+00,3.421864986419677734e+00,3.326318264007568359e+00,3.235962867736816406e+00,3.150385856628417969e+00,3.069218873977661133e+00,2.992129087448120117e+00,2.918817043304443359e+00,2.849011659622192383e+00,2.782466888427734375e+00,2.718959331512451172e+00,2.658286094665527344e+00,2.600261688232421875e+00,2.544716358184814453e+00,2.491494417190551758e+00
4.879809856414794922e+00,5.000000000000000000e+00,5.000000000000000000e+00,5.000000000000000000e+00,5.000000000000000000e+00,5.000000000000000000e+00,5.000000000000000000e+00,5.000000000000000000e+00,5.000000000000000000e+00,5.000000000000000000e+00,5.000000000000000000e+00,5.000000000000000000e+00,5.000000000000000000e+00,5.000000000000000000e+00,5.000000000000000000e+00,5.000000000000000000e+00,5.000000000000000000e+00,5.000000000000000000e+00,5.000000000000000000e+00,5.000000000000000000e+00,5.000000000000000000e+00,5.000000000000000000e+00,5.000000000000000000e+00,5.000000000000000000e+00,5.000000000000000000e+00,5.000000000000000000e+00,5.000000000000000000e+00,1.533288955688476562e+00,1.532698512077331543e+00,1.545983672142028809e+00,1.576097249984741211e+00,1.607944250106811523e+00,5.000000000000000000e+00,5.000000000000000000e+00,5.000000000000000000e+00,5.000000000000000000e+00,5.000000000000000000e+00,5.000000000000000000e+00,5.000000000000000000e+00,5.000000000000000000e+00,5.000000000000000000e+00,5.000000000000000000e+00,5.000000000000000000e+00,5.000000000000000000e+00,5.000000000000000000e+00,5.000000000000000000e+00,5.000000000000000000e+00,5.000000000000000000e+00,5.000000000000000000e+00,5.000000000000000000e+00,5.000000000000000000e+00,5.000000000000000000e+00,5.000000000000000000e+00,5.000000000000000000e+00,5.000000000000000000e+00,5.000000000000000000e+00,4.801037788391113281e+00,4.615043640136718750e+00,4.442923069000244141e+00,4.283179283142089844e+00,4.134524345397949219e+00,3.995841503143310547e+00,3.866160631179809570e+00,3.744632482528686523e+00,3.630511522293090820e+00,3.523140907287597656e+00,3.421938419342041016e+00,3.326387882232666016e+00,3.236028194427490234e+00,3.150448322296142578e+00,3.069277763366699219e+00,2.992185354232788086e+00,2.918870449066162109e+00,2.849062442779541016e+00,2.782515525817871094e+00,2.719006538391113281e+00,2.658331632614135742e+00,2.600305795669555664e+00,2.544759035110473633e+00,2.491535663604736328e+00
4.879658699035644531e+00,5.000000000000000000e+00,5.000000000000000000e+00,5.000000000000000000e+00,5.000000000000000000e+00,5.000000000000000000e+00,5.000000000000000000e+00,5.000000000000000000e+00,5.000000000000000000e+00,5.000000000000000000e+00,5.000000000000000000e+00,5.000000000000000000e+00,5.000000000000000000e+00,5.000000000000000000e+00,5.000000000000000000e+00,5.000000000000000000e+00,5.000000000000000000e+00,5.000000000000000000e+00,5.000000000000000000e+00,5.000000000000000000e+00,5.000000000000000000e+00,5.000000000000000000e+00,5.000000000000000000e+00,5.000000000000000000e+00,5.000000000000000000e+00,5.000000000000000000e+00,1.559677004814147949e+00,1.526640295982360840e+00,1.531068086624145508e+00,1.553360581398010254e+00,1.584738254547119141e+00,1.619785547256469727e+00,5.000000000000000000e+00,5.000000000000000000e+00,5.000000000000000000e+00,5.000000000000000000e+00,5.000000000000000000e+00,5.000000000000000000e+00,5.000000000000000000e+00,5.000000000000000000e+00,5.000000000000000000e+00,5.000000000000000000e+00,5.000000000000000000e+00,5.000000000000000000e+00,5.000000000000000000e+00,5.000000000000000000e+00,5.000000000000000000e+00,5.000000000000000000e+00,5.000000000000000000e+00,5.000000000000000000e+00,5.000000000000000000e+00,5.000000000000000000e+00,5.000000000000000000e+00,5.000000000000000000e+00,5.000000000000000000e+00,5.000000000000000000e+00,4.801182270050048828e+00,4.615177154541015625e+00,4.443047046661376953e+00,4.283294677734375000e+00,4.134631156921386719e+00,3.995941877365112305e+00,3.866254329681396484e+00,3.744720220565795898e+00,3.630594015121459961e+00,3.523218631744384766e+00,3.422011852264404297e+00,3.326457023620605469e+00,3.236094236373901367e+00,3.150510311126708984e+00,3.069337129592895508e+00,2.992241382598876953e+00,2.918924093246459961e+00,2.849113225936889648e+00,2.782564163208007812e+00,2.719052791595458984e+00,2.658375978469848633e+00,2.600348234176635742e+00,2.544799566268920898e+00,2.491574525833129883e+00
4.879508018493652344e+00,5.000000000000000000e+00,5.000000000000000000e+00,5.000000000000000000e+00,5.000000000000000000e+00,5.000000000000000000e+00,5.000000000000000000e+00,5.000000000000000000e+00,5.000000000000000000e+00,5.000000000000000000e+00,5.000000000000000000e+00,5.000000000000000000e+00,5.000000000000000000e+00,5.000000000000000000e+00,5.000000000000000000e+00,5.000000000000000000e+00,5.000000000000000000e+00,5.000000000000000000e+00,5.000000000000000000e+00,5.000000000000000000e+00,5.000000000000000000e+00,5.000000000000000000e+00,5.000000000000000000e+00,5.000000000000000000e+00,5.000000000000000000e+00,5.000000000000000000e+00,1.515389919281005859e+00,1.518800973892211914e+00,1.523163080215454102e+00,1.551649570465087891e+00,1.586737632751464844e+00,1.824104785919189453e+00,5.000000000000000000e+00,5.000000000000000000e+00,5.000000000000000000e+00,5.000000000000000000e+00,5.000000000000000000e+00,5.000000000000000000e+00,5.000000000000000000e+00,5.000000000000000000e+00,5.000000000000000000e+00,5.000000000000000000e+00,5.000000000000000000e+00,5.000000000000000000e+00,5.000000000000000000e+00,5.000000000000000000e+00,5.000000000000000000e+00,5.000000000000000000e+00,5.000000000000000000e+00,5.000000000000000000e+00,5.000000000000000000e+00,5.000000000000000000e+00,5.000000000000000000e+00,5.000000000000000000e+00,5.000000000000000000e+00,5.000000000000000000e+00,4.801327228546142578e+00,4.615310668945312500e+00,4.443170547485351562e+00,4.283409595489501953e+00,4.134738445281982422e+00,3.996041774749755859e+00,3.866348266601562500e+00,3.744807958602905273e+00,3.630676746368408203e+00,3.523296356201171875e+00,3.422085285186767578e+00,3.326526403427124023e+00,3.236159801483154297e+00,3.150572776794433594e+00,3.069396018981933594e+00,2.992297649383544922e+00,2.918977260589599609e+00,2.849164247512817383e+00,2.782612562179565430e+00,2.719099283218383789e+00,2.658420324325561523e+00,2.600390672683715820e+00,2.544840097427368164e+00,2.491613388061523438e+00
4.879356861114501953e+00,5.000000000000000000e+00,5.000000000000000000e+00,5.000000000000000000e+00,5.000000000000000000e+00,5.000000000000000000e+00,5.000000000000000000e+00,5.000000000000000000e+00,5.000000000000000000e+00,5.000000000000000000e+00,5.000000000000000000e+00,5.000000000000000000e+00,5.000000000000000000e+00,5.000000000000000000e+00,5.000000000000000000e+00,5.000000000000000000e+00,5.000000000000000000e+00,5.000000000000000000e+00,5.000000000000000000e+00,5.000000000000000000e+00,5.000000000000000000e+00,5.000000000000000000e+00,5.000000000000000000e+00,5.000000000000000000e+00,5.000000000000000000e+00,1.526122570037841797e+00,1.507845878601074219e+00,1.507131457328796387e+00,1.520159959793090820e+00,1.548818826675415039e+00,1.594344973564147949e+00,5.000000000000000000e+00,5.000000000000000000e+00,5.000000000000000000e+00,5.000000000000000000e+00,5.000000000000000000e+00,5.000000000000000000e+00,5.000000000000000000e+00,5.000000000000000000e+00,5.000000000000000000e+00,5.000000000000000000e+00,5.000000000000000000e+00,5.000000000000000000e+00,5.000000000000000000e+00,5.000000000000000000e+00,5.000000000000000000e+00,5.000000000000000000e+00,5.000000000000000000e+00,5.000000000000000000e+00,5.000000000000000000e+00,5.000000000000000000e+00,5.000000000000000000e+00,5.000000000000000000e+00,5.000000000000000000e+00,5.000000000000000000e+00,5.000000000000000000e+00,4.801471710205078125e+00,4.615444660186767578e+00,4.443294525146484375e+00,4.283524990081787109e+00,4.134845733642578125e+00,3.996142148971557617e+00,3.866441726684570312e+00,3.744896173477172852e+00,3.630759239196777344e+00,3.523374319076538086e+00,3.422158479690551758e+00,3.326596021652221680e+00,3.236225128173828125e+00,3.150634765625000000e+00,3.069454908370971680e+00,2.992353677749633789e+00,2.919030904769897461e+00,2.849215030670166016e+00,2.782661437988281250e+00,2.719145536422729492e+00,2.658464670181274414e+00,2.600432872772216797e+00,2.544880867004394531e+00,2.491652250289916992e+00
4.879206180572509766e+00,5.000000000000000000e+00,5.000000000000000000e+00,5.000000000000000000e+00,5.000000000000000000e+00,5.000000000000000000e+00,5.000000000000000000e+00,5.000000000000000000e+00,5.000000000000000000e+00,5.000000000000000000e+00,5.000000000000000000e+00,5.000000000000000000e+00,5.000000000000000000e+00,5.000000000000000000e+00,5.000000000000000000e+00,5.000000000000000000e+00,5.000000000000000000e+00,5.000000000000000000e+00,5.000000000000000000e+00,5.000000000000000000e+00,5.000000000000000000e+00,5.000000000000000000e+00,5.000000000000000000e+00,5.000000000000000000e+00,5.000000000000000000e+00,1.496328115463256836e+00,1.495233535766601562e+00,1.500057220458984375e+00,1.517168402671813965e+00,1.550233244895935059e+00,5.000000000000000000e+00,5.000000000000000000e+00,5.000000000000000000e+00,5.000000000000000000e+00,5.000000000000000000e+00,5.000000000000000000e+00,5.000000000000000000e+00,5.000000000000000000e+00,5.000000000000000000e+00,5.000000000000000000e+00,5.000000000000000000e+00,5.000000000000000000e+00,5.000000000000000000e+00,5.000000000000000000e+00,5.000000000000000000e+00,5.000000000000000000e+00,5.000000000000000000e+00,5.000000000000000000e+00,5.000000000000000000e+00,5.000000000000000000e+00,5.000000000000000000e+00,5.000000000000000000e+00,5.000000000000000000e+00,5.000000000000000000e+00,5.000000000000000000e+00,5.000000000000000000e+00,4.801615715026855469e+00,4.615577697753906250e+00,4.443418025970458984e+00,4.283639430999755859e+00,4.134953022003173828e+00,3.996242284774780273e+00,3.866535902023315430e+00,3.744983911514282227e+00,3.630842208862304688e+00,3.523452043533325195e+00,3.422232151031494141e+00,3.326665163040161133e+00,3.236291170120239258e+00,3.150696992874145508e+00,3.069514274597167969e+00,2.992409706115722656e+00,2.919084310531616211e+00,2.849266052246093750e+00,2.782709836959838867e+00,2.719191789627075195e+00,2.658509016036987305e+00,2.600475549697875977e+00,2.544921398162841797e+00,2.491691350936889648e+00
4.879055500030517578e+00,5.000000000000000000e+00,5.000000000000000000e+00,5.000000000000000000e+00,5.000000000000000000e+00,5.000000000000000000e+00,5.000000000000000000e+00,5.000000000000000000e+00,5.000000000000000000e+00,5.000000000000000000e+00,5.000000000000000000e+00,5.000000000000000000e+00,5.000000000000000000e+00,5.000000000000000000e+00,5.000000000000000000e+00,5.000000000000000000e+00,5.000000000000000000e+00,5.000000000000000000e+00,5.000000000000000000e+00,5.000000000000000000e+00,5.000000000000000000e+00,5.000000000000000000e+00,5.000000000000000000e+00,5.000000000000000000e+00,1.526309370994567871e+00,1.492015957832336426e+00,1.489299297332763672e+00,1.499173521995544434e+00,1.514188885688781738e+00,1.568894624710083008e+00,5.000000000000000000e+00,5.000000000000000000e+00,5.000000000000000000e+00,5.000000000000000000e+00,5.000000000000000000e+00,5.000000000000000000e+00,5.000000000000000000e+00,5.000000000000000000e+00,5.000000000000000000e+00,5.000000000000000000e+00,5.000000000000000000e+00,5.000000000000000000e+00,5.000000000000000000e+00,5.000000000000000000e+00,5.000000000000000000e+00,5.000000000000000000e+00,5.000000000000000000e+00,5.000000000000000000e+00,5.000000000000000000e+00,5.000000000000000000e+00,5.000000000000000000e+00,5.000000000000000000e+00,5.000000000000000000e+00,5.000000000000000000e+00,5.000000000000000000e+00,5.000000000000000000e+00,4.801760673522949219e+00,4.615711688995361328e+00,4.443542003631591797e+00,4.283754825592041016e+00,4.135060310363769531e+00,3.996342182159423828e+00,3.866629362106323242e+00,3.745072126388549805e+00,3.630924701690673828e+00,3.523530006408691406e+00,3.422305583953857422e+00,3.326734781265258789e+00,3.236356735229492188e+00,3.150759458541870117e+00,3.069573163986206055e+00,2.992465972900390625e+00,2.919137477874755859e+00,2.849317073822021484e+00,2.782758235931396484e+00,2.719238281250000000e+00,2.658553123474121094e+00,2.600517749786376953e+00,2.544961929321289062e+00,2.491730213165283203e+00
4.878923892974853516e+00,5.000000000000000000e+00,5.000000000000000000e+00,5.000000000000000000e+00,5.000000000000000000e+00,5.000000000000000000e+00,5.000000000000000000e+00,5.000000000000000000e+00,5.000000000000000000e+00,5.000000000000000000e+00,5.000000000000000000e+00,5.000000000000000000e+00,5.000000000000000000e+00,5.000000000000000000e+00,5.000000000000000000e+00,5.000000000000000000e+00,5.000000000000000000e+00,5.000000000000000000e+00,5.000000000000000000e+00,5.000000000000000000e+00,5.000000000000000000e+00,5.000000000000000000e+00,5.000000000000000000e+00,5.000000000000000000e+00,1.512548327445983887e+00,1.487728714942932129e+00,1.485160470008850098e+00,1.500980257987976074e+00,1.524924993515014648e+00,5.000000000000000000e+00,5.000000000000000000e+00,5.000000000000000000e+00,5.000000000000000000e+00,5.000000000000000000e+00,5.000000000000000000e+00,5.000000000000000000e+00,5.000000000000000000e+00,5.000000000000000000e+00,5.000000000000000000e+00,5.000000000000000000e+00,5.000000000000000000e+00,5.000000000000000000e+00,5.000000000000000000e+00,5.000000000000000000e+00,5.000000000000000000e+00,5.000000000000000000e+00,5.000000000000000000e+00,5.000000000000000000e+00,5.000000000000000000e+00,5.000000000000000000e+00,5.000000000000000000e+00,5.000000000000000000e+00,5.000000000000000000e+00,5.000000000000000000e+00,5.000000000000000000e+00,5.000000000000000000e+00,4.801905155181884766e+00,4.615845203399658203e+00,4.443665981292724609e+00,4.283869743347167969e+00,4.135167598724365234e+00,3.996442556381225586e+00,3.866723060607910156e+00,3.745160102844238281e+00,3.631007194519042969e+00,3.523607730865478516e+00,3.422379255294799805e+00,3.326804161071777344e+00,3.236422538757324219e+00,3.150821447372436523e+00,3.069632530212402344e+00,2.992522239685058594e+00,2.919191122055053711e+00,2.849367856979370117e+00,2.782806873321533203e+00,2.719284534454345703e+00,2.658597707748413086e+00,2.600560188293457031e+00,2.545002698898315430e+00,2.491769075393676758e+00
4.878798961639404297e+00,5.000000000000000000e+00,5.000000000000000000e+00,5.000000000000000000e+00,5.000000000000000000e+00,5.000000000000000000e+00,5.000000000000000000e+00,5.000000000000000000e+00,5.000000000000000000e+00,5.000000000000000000e+00,5.000000000000000000e+00,5.000000000000000000e+00,5.000000000000000000e+00,5.000000000000000000e+00,5.000000000000000000e+00,5.000000000000000000e+00,5.000000000000000000e+00,5.000000000000000000e+00,5.000000000000000000e+00,5.000000000000000000e+00,5.000000000000000000e+00,5.000000000000000000e+00,5.000000000000000000e+00,1.624370932579040527e+00,1.486161470413208008e+00,1.483407974243164062e+00,1.486975431442260742e+00,1.502791404724121094e+00,1.541559696197509766e+00,5.000000000000000000e+00,5.000000000000000000e+00,5.000000000000000000e+00,5.000000000000000000e+00,5.000000000000000000e+00,5.000000000000000000e+00,5.000000000000000000e+00,5.000000000000000000e+00,5.000000000000000000e+00,5.000000000000000000e+00,5.000000000000000000e+00,5.000000000000000000e+00,5.000000000000000000e+00,5.000000000000000000e+00,5.000000000000000000e+00,5.000000000000000000e+00,5.000000000000000000e+00,5.000000000000000000e+00,5.000000000000000000e+00,5.000000000000000000e+00,5.000000000000000000e+00,5.000000000000000000e+00,5.000000000000000000e+00,5.000000000000000000e+00,5.000000000000000000e+00,5.000000000000000000e+00,5.000000000000000000e+00,4.802050113677978516e+00,4.615978717803955078e+00,4.443789958953857422e+00,4.283985137939453125e+00,4.135274887084960938e+00,3.996542453765869141e+00,3.866816997528076172e+00,3.745247840881347656e+00,3.631090164184570312e+00,3.523685455322265625e+00,3.422452449798583984e+00,3.326873302459716797e+00,3.236488103866577148e+00,3.150883913040161133e+00,3.069691419601440430e+00,2.992578506469726562e+00,2.919244527816772461e+00,2.849418878555297852e+00,2.782855510711669922e+00,2.719331026077270508e+00,2.658641815185546875e+00,2.600602626800537109e+00,2.545043230056762695e+00,2.491808176040649414e+00
4.878673553466796875e+00,5.000000000000000000e+00,5.000000000000000000e+00,5.000000000000000000e+00,5.000000000000000000e+00,5.000000000000000000e+00,5.000000000000000000e+00,5.000000000000000000e+00,5.000000000000000000e+00,5.000000000000000000e+00,5.000000000000000000e+00,5.000000000000000000e+00,5.000000000000000000e+00,5.000000000000000000e+00,5.000000000000000000e+00,5.000000000000000000e+00,5.000000000000000000e+00,5.000000000000000000e+00,5.000000000000000000e+00,5.000000000000000000e+00,5.000000000000000000e+00,5.000000000000000000e+00,5.000000000000000000e+00,1.611015558242797852e+00,1.481891989707946777e+00,1.479067325592041016e+00,1.488794684410095215e+00,1.504606962203979492e+00,1.559886932373046875e+00,5.000000000000000000e+00,5.000000000000000000e+00,5.000000000000000000e+00,5.000000000000000000e+00,5.000000000000000000e+00,5.000000000000000000e+00,5.000000000000000000e+00,5.000000000000000000e+00,5.000000000000000000e+00,5.000000000000000000e+00,5.000000000000000000e+00,5.000000000000000000e+00,5.000000000000000000e+00,5.000000000000000000e+00,5.000000000000000000e+00,5.000000000000000000e+00,5.000000000000000000e+00,5.000000000000000000e+00,5.000000000000000000e+00,5.000000000000000000e+00,5.000000000000000000e+00,5.000000000000000000e+00,5.000000000000000000e+00,5.000000000000000000e+00,5.000000000000000000e+00,5.000000000000000000e+00,5.000000000000000000e+00,4.802194118499755859e+00,4.616112232208251953e+00,4.443913936614990234e+00,4.284100055694580078e+00,4.135381698608398438e+00,3.996643066406250000e+00,3.866910457611083984e+00,3.745336055755615234e+00,3.631172657012939453e+00,3.523763656616210938e+00,3.422525644302368164e+00,3.326942920684814453e+00,3.236553668975830078e+00,3.150946140289306641e+00,3.069750308990478516e+00,2.992634534835815430e+00,2.919297933578491211e+00,2.849469661712646484e+00,2.782904148101806641e+00,2.719377279281616211e+00,2.658686399459838867e+00,2.600645065307617188e+00,2.545083999633789062e+00,2.491847038269042969e+00
4.878548145294189453e+00,5.000000000000000000e+00,5.000000000000000000e+00,5.000000000000000000e+00,5.000000000000000000e+00,5.000000000000000000e+00,5.000000000000000000e+00,5.000000000000000000e+00,5.000000000000000000e+00,5.000000000000000000e+00,5.000000000000000000e+00,5.000000000000000000e+00,5.000000000000000000e+00,5.000000000000000000e+00,5.000000000000000000e+00,5.000000000000000000e+00,5.000000000000000000e+00,5.000000000000000000e+00,5.000000000000000000e+00,5.000000000000000000e+00,5.000000000000000000e+00,5.000000000000000000e+00,1.605432748794555664e+00,1.598717212677001953e+00,1.477560400962829590e+00,1.474752068519592285e+00,1.490618586540222168e+00,1.514486908912658691e+00,5.000000000000000000e+00,5.000000000000000000e+00,5.000000000000000000e+00,5.000000000000000000e+00,5.000000000000000000e+00,5.000000000000000000e+00,5.000000000000000000e+00,5.000000000000000000e+00,5.000000000000000000e+00,5.000000000000000000e+00,5.000000000000000000e+00,5.000000000000000000e+00,5.000000000000000000e+00,5.000000000000000000e+00,5.000000000000000000e+00,5.000000000000000000e+00,5.000000000000000000e+00,5.000000000000000000e+00,5.000000000000000000e+00,5.000000000000000000e+00,5.000000000000000000e+00,5.000000000000000000e+00,5.000000000000000000e+00,5.000000000000000000e+00,5.000000000000000000e+00,5.000000000000000000e+00,5.000000000000000000e+00,5.000000000000000000e+00,4.802339076995849609e+00,4.616245746612548828e+00,4.444037437438964844e+00,4.284214973449707031e+00,4.135488986968994141e+00,3.996742963790893555e+00,3.867004632949829102e+00,3.745423793792724609e+00,3.631255626678466797e+00,3.523841381072998047e+00,3.422599315643310547e+00,3.327012300491333008e+00,3.236619472503662109e+00,3.151008367538452148e+00,3.069809675216674805e+00,2.992690563201904297e+00,2.919351339340209961e+00,2.849520444869995117e+00,2.782952547073364258e+00,2.719423532485961914e+00,2.658730506896972656e+00,2.600687503814697266e+00,2.545124530792236328e+00,2.491886138916015625e+00
4.878422737121582031e+00,5.000000000000000000e+00,5.000000000000000000e+00,5.000000000000000000e+00,5.000000000000000000e+00,5.000000000000000000e+00,5.000000000000000000e+00,5.000000000000000000e+00,5.000000000000000000e+00,5.000000000000000000e+00,5.000000000000000000e+00,5.000000000000000000e+00,5.000000000000000000e+00,5.000000000000000000e+00,5.000000000000000000e+00,5.000000000000000000e+00,5.000000000000000000e+00,5.000000000000000000e+00,5.000000000000000000e+00,5.000000000000000000e+00,5.000000000000000000e+00,5.000000000000000000e+00,1.586989641189575195e+00,1.477867245674133301e+00,1.473216176033020020e+00,1.476154327392578125e+00,1.492518186569213867e+00,1.532199740409851074e+00,5.000000000000000000e+00,5.000000000000000000e+00,5.000000000000000000e+00,5.000000000000000000e+00,5.000000000000000000e+00,5.000000000000000000e+00,5.000000000000000000e+00,5.000000000000000000e+00,5.000000000000000000e+00,5.000000000000000000e+00,5.000000000000000000e+00,5.000000000000000000e+00,5.000000000000000000e+00,5.000000000000000000e+00,5.000000000000000000e+00,5.000000000000000000e+00,5.000000000000000000e+00,5.000000000000000000e+00,5.000000000000000000e+00,5.000000000000000000e+00,5.000000000000000000e+00,5.000000000000000000e+00,5.000000000000000000e+00,5.000000000000000000e+00,5.000000000000000000e+00,5.000000000000000000e+00,5.000000000000000000e+00,5.000000000000000000e+00,4.802483558654785156e+00,4.616379737854003906e+00,4.444161415100097656e+00,4.284330368041992188e+00,4.135596275329589844e+00,3.996842861175537109e+00,3.867098093032836914e+00,3.745511531829833984e+00,3.631338119506835938e+00,3.523919343948364258e+00,3.422672748565673828e+00,3.327081680297851562e+00,3.236685037612915039e+00,3.151070594787597656e+00,3.069868564605712891e+00,2.992746829986572266e+00,2.919404745101928711e+00,2.849571466445922852e+00,2.783001184463500977e+00,2.719470024108886719e+00,2.658774852752685547e+00,2.600729942321777344e+00,2.545165061950683594e+00,2.491925001144409180e+00
4.878376483917236328e+00,5.000000000000000000e+00,5.000000000000000000e+00,5.000000000000000000e+00,5.000000000000000000e+00,5.000000000000000000e+00,5.000000000000000000e+00,5.000000000000000000e+00,5.000000000000000000e+00,5.000000000000000000e+00,5.000000000000000000e+00,5.000000000000000000e+00,5.000000000000000000e+00,5.000000000000000000e+00,5.000000000000000000e+00,5.000000000000000000e+00,5.000000000000000000e+00,5.000000000000000000e+00,5.000000000000000000e+00,5.000000000000000000e+00,5.000000000000000000e+00,5.000000000000000000e+00,1.588971614837646484e+00,1.471667170524597168e+00,1.468892455101013184e+00,1.479521989822387695e+00,1.495961189270019531e+00,1.552652955055236816e+00,5.000000000000000000e+00,5.000000000000000000e+00,5.000000000000000000e+00,5.000000000000000000e+00,5.000000000000000000e+00,5.000000000000000000e+00,5.000000000000000000e+00,5.000000000000000000e+00,5.000000000000000000e+00,5.000000000000000000e+00,5.000000000000000000e+00,5.000000000000000000e+00,5.000000000000000000e+00,5.000000000000000000e+00,5.000000000000000000e+00,5.000000000000000000e+00,5.000000000000000000e+00,5.000000000000000000e+00,5.000000000000000000e+00,5.000000000000000000e+00,5.000000000000000000e+00,5.000000000000000000e+00,5.000000000000000000e+00,5.000000000000000000e+00,5.000000000000000000e+00,5.000000000000000000e+00,5.000000000000000000e+00,5.000000000000000000e+00,4.802628040313720703e+00,4.616513252258300781e+00,4.444284915924072266e+00,4.284445285797119141e+00,4.135703563690185547e+00,3.996943473815917969e+00,3.867191791534423828e+00,3.745599746704101562e+00,3.631420612335205078e+00,3.523997068405151367e+00,3.422745943069458008e+00,3.327151060104370117e+00,3.236750841140747070e+00,3.151132822036743164e+00,3.069927930831909180e+00,2.992802858352661133e+00,2.919458389282226562e+00,2.849622488021850586e+00,2.783049821853637695e+00,2.719516515731811523e+00,2.658819198608398438e+00,2.600772142410278320e+00,2.545205831527709961e+00,2.491963863372802734e+00
4.873332023620605469e+00,4.872121334075927734e+00,4.870911598205566406e+00,4.869701862335205078e+00,4.868493080139160156e+00,4.867284774780273438e+00,4.866076946258544922e+00,4.864869594573974609e+00,4.863663196563720703e+00,4.862456798553466797e+00,4.861251831054687500e+00,4.860046863555908203e+00,4.858842849731445312e+00,4.857639312744140625e+00,4.856436252593994141e+00,4.855234146118164062e+00,4.854032039642333984e+00,4.852831363677978516e+00,4.851630687713623047e+00,4.850430488586425781e+00,4.849231243133544922e+00,1.570425748825073242e+00,1.576969265937805176e+00,1.467352628707885742e+00,1.467860937118530273e+00,1.482905268669128418e+00,1.509193181991577148e+00,4.840851783752441406e+00,4.839657306671142578e+00,4.838463306427001953e+00,4.837269783020019531e+00,4.836076736450195312e+00,4.834884643554687500e+00,4.833693027496337891e+00,4.832501411437988281e+00,4.831310749053955078e+00,4.830121040344238281e+00,4.828931331634521484e+00,4.827742576599121094e+00,4.826554775238037109e+00,4.825366973876953125e+00,4.824180126190185547e+00,4.822993755340576172e+00,4.821807861328125000e+00,4.820622444152832031e+00,4.819437980651855469e+00,4.818253517150878906e+00,4.817070007324218750e+00,4.815886974334716797e+00,4.814704418182373047e+00,4.813522815704345703e+00,4.812341690063476562e+00,4.811161041259765625e+00,4.809980869293212891e+00,4.808801651000976562e+00,4.807622432708740234e+00,4.802772998809814453e+00,4.616646766662597656e+00,4.444408893585205078e+00,4.284560680389404297e+00,4.135810852050781250e+00,3.997043371200561523e+00,3.867285966873168945e+00,3.745687723159790039e+00,3.631503582000732422e+00,3.524074792861938477e+00,3.422819614410400391e+00,3.327220439910888672e+00,3.236816406250000000e+00,3.151195049285888672e+00,3.069986820220947266e+00,2.992859363555908203e+00,2.919511795043945312e+00,2.849673509597778320e+00,2.783098220825195312e+00,2.719563007354736328e+00,2.658863544464111328e+00,2.600814819335937500e+00,2.545246362686157227e+00,2.492002725601196289e+00
3.777128934860229492e+00,3.776401758193969727e+00,3.775674581527709961e+00,3.774947881698608398e+00,3.774221420288085938e+00,3.773495197296142578e+00,3.772769212722778320e+00,3.772043466567993164e+00,3.771317958831787109e+00,3.770592927932739258e+00,3.769868135452270508e+00,3.769143581390380859e+00,3.768419265747070312e+00,3.767695426940917969e+00,3.766971588134765625e+00,3.766248226165771484e+00,3.765524625778198242e+00,3.764801740646362305e+00,3.764079093933105469e+00,3.763356685638427734e+00,3.762634754180908203e+00,1.549489974975585938e+00,1.569755792617797852e+00,1.463063120841979980e+00,1.468274116516113281e+00,1.486303806304931641e+00,1.529604792594909668e+00,3.757588148117065430e+00,3.756868362426757812e+00,3.756148815155029297e+00,3.755429506301879883e+00,3.754710435867309570e+00,3.753991603851318359e+00,3.753273248672485352e+00,3.752555131912231445e+00,3.751837015151977539e+00,3.751119613647460938e+00,3.750402212142944336e+00,3.749685049057006836e+00,3.748968124389648438e+00,3.748251199722290039e+00,3.747534990310668945e+00,3.746819019317626953e+00,3.746103286743164062e+00,3.745387792587280273e+00,3.744672775268554688e+00,3.743957757949829102e+00,3.743243217468261719e+00,3.742528915405273438e+00,3.741814613342285156e+00,3.741101026535034180e+00,3.740387439727783203e+00,3.739674091339111328e+00,3.738961219787597656e+00,3.738248586654663086e+00,3.737535953521728516e+00,3.736823797225952148e+00,3.736111879348754883e+00,3.735400199890136719e+00,3.734688997268676758e+00,3.733977794647216797e+00,3.733267068862915039e+00,3.732556581497192383e+00,3.731846094131469727e+00,3.631586074829101562e+00,3.524152994155883789e+00,3.422893047332763672e+00,3.327290058135986328e+00,3.236882209777832031e+00,3.151257514953613281e+00,3.070045948028564453e+00,2.992915391921997070e+00,2.919564962387084961e+00,2.849724292755126953e+00,2.783146858215332031e+00,2.719609260559082031e+00,2.658907890319824219e+00,2.600857019424438477e+00,2.545286893844604492e+00,2.492041587829589844e+00
3.083523988723754883e+00,3.083039045333862305e+00,3.082554578781127930e+00,3.082070112228393555e+00,3.081585884094238281e+00,3.081101655960083008e+00,3.080617666244506836e+00,3.080133914947509766e+00,3.079650163650512695e+00,3.079166173934936523e+00,3.078682899475097656e+00,3.078199625015258789e+00,3.077716588973999023e+00,3.077233552932739258e+00,3.076750755310058594e+00,3.076268196105957031e+00,3.075785636901855469e+00,3.075303316116333008e+00,3.074821233749389648e+00,3.074339151382446289e+00,1.541533350944519043e+00,1.541682362556457520e+00,1.472364664077758789e+00,1.462153434753417969e+00,1.471700906753540039e+00,1.489718198776245117e+00,3.070969104766845703e+00,3.070488452911376953e+00,3.070007562637329102e+00,3.069527149200439453e+00,3.069046735763549805e+00,3.068566560745239258e+00,3.068086385726928711e+00,3.067606687545776367e+00,3.067126512527465820e+00,3.066646814346313477e+00,3.066167354583740234e+00,3.065688133239746094e+00,3.065209150314331055e+00,3.064729928970336914e+00,3.064251184463500977e+00,3.063772439956665039e+00,3.063293933868408203e+00,3.062815427780151367e+00,3.062337160110473633e+00,3.061859130859375000e+00,3.061381101608276367e+00,3.060903310775756836e+00,3.060425519943237305e+00,3.059947967529296875e+00,3.059470653533935547e+00,3.058993577957153320e+00,3.058516263961791992e+00,3.058039426803588867e+00,3.057562589645385742e+00,3.057085990905761719e+00,3.056609630584716797e+00,3.056133270263671875e+00,3.055656671524047852e+00,3.055180788040161133e+00,3.054704666137695312e+00,3.054229021072387695e+00,3.053753376007080078e+00,3.053277969360351562e+00,3.052802562713623047e+00,3.052327632904052734e+00,3.051852464675903320e+00,3.051377773284912109e+00,3.050902843475341797e+00,3.050428390502929688e+00,3.049953937530517578e+00,2.992971420288085938e+00,2.919618606567382812e+00,2.849775075912475586e+00,2.783195495605468750e+00,2.719655513763427734e+00,2.658952236175537109e+00,2.600899696350097656e+00,2.545327663421630859e+00,2.492080688476562500e+00
2.605135440826416016e+00,2.604789257049560547e+00,2.604443311691284180e+00,2.604097366333007812e+00,2.603751659393310547e+00,2.603405952453613281e+00,2.603060483932495117e+00,2.602714776992797852e+00,2.602369546890258789e+00,2.602024316787719727e+00,2.601679086685180664e+00,2.601333856582641602e+00,2.600988864898681641e+00,2.600643873214721680e+00,2.600299119949340820e+00,2.599954366683959961e+00,2.599609851837158203e+00,2.599265336990356445e+00,2.598920822143554688e+00,2.598576307296752930e+00,2.598232030868530273e+00,1.556723952293395996e+00,1.569396138191223145e+00,1.481484413146972656e+00,1.489894032478332520e+00,1.559124350547790527e+00,2.596168279647827148e+00,2.595824718475341797e+00,2.595480918884277344e+00,2.595137357711791992e+00,2.594794034957885742e+00,2.594450712203979492e+00,2.594107627868652344e+00,2.593764543533325195e+00,2.593421459197998047e+00,2.593078613281250000e+00,2.592735767364501953e+00,2.592392921447753906e+00,2.592050313949584961e+00,2.591707706451416016e+00,2.591365337371826172e+00,2.591022968292236328e+00,2.590680599212646484e+00,2.590338468551635742e+00,2.589996337890625000e+00,2.589654445648193359e+00,2.589312553405761719e+00,2.588970661163330078e+00,2.588629007339477539e+00,2.588287353515625000e+00,2.587945699691772461e+00,2.587604284286499023e+00,2.587262630462646484e+00,2.586921453475952148e+00,2.586580276489257812e+00,2.586239099502563477e+00,2.585898160934448242e+00,2.585557222366333008e+00,2.585216283798217773e+00,2.584875583648681641e+00,2.584534883499145508e+00,2.584194421768188477e+00,2.583853960037231445e+00,2.583513498306274414e+00,2.583173274993896484e+00,2.582833051681518555e+00,2.582492828369140625e+00,2.582152843475341797e+00,2.581812858581542969e+00,2.581472873687744141e+00,2.581133127212524414e+00,2.580793619155883789e+00,2.580453872680664062e+00,2.580114364624023438e+00,2.579775094985961914e+00,2.579435825347900391e+00,2.579096555709838867e+00,2.578757047653198242e+00,2.545368194580078125e+00,2.492119550704956055e+00
2.255248069763183594e+00,2.254988908767700195e+00,2.254729509353637695e+00,2.254470348358154297e+00,2.254211187362670898e+00,2.253952026367187500e+00,2.253693103790283203e+00,2.253434181213378906e+00,2.253175258636474609e+00,2.252916336059570312e+00,2.252657651901245117e+00,2.252398967742919922e+00,2.252140283584594727e+00,2.251881599426269531e+00,2.251623153686523438e+00,2.251364707946777344e+00,2.251106262207031250e+00,2.250847816467285156e+00,2.250589609146118164e+00,2.250331163406372070e+00,2.250072956085205078e+00,2.249814987182617188e+00,1.469147801399230957e+00,1.478180408477783203e+00,1.491849422454833984e+00,1.643182992935180664e+00,2.248524904251098633e+00,2.248267173767089844e+00,2.248009443283081055e+00,2.247751951217651367e+00,2.247494220733642578e+00,2.247236728668212891e+00,2.246979236602783203e+00,2.246721744537353516e+00,2.246464490890502930e+00,2.246207237243652344e+00,2.245949983596801758e+00,2.245692729949951172e+00,2.245435476303100586e+00,2.245178461074829102e+00,2.244921445846557617e+00,2.244664430618286133e+00,2.244407653808593750e+00,2.244150876998901367e+00,2.243894100189208984e+00,2.243637323379516602e+00,2.243380546569824219e+00,2.243124008178710938e+00,2.242867231369018555e+00,2.242610931396484375e+00,2.242354393005371094e+00,2.242098093032836914e+00,2.241841793060302734e+00,2.241585493087768555e+00,2.241329431533813477e+00,2.241073131561279297e+00,2.240817070007324219e+00,2.240561008453369141e+00,2.240305185317993164e+00,2.240049362182617188e+00,2.239793300628662109e+00,2.239537715911865234e+00,2.239281892776489258e+00,2.239026308059692383e+00,2.238770723342895508e+00,2.238515138626098633e+00,2.238259553909301758e+00,2.238004207611083984e+00,2.237748861312866211e+00,2.237493515014648438e+00,2.237238168716430664e+00,2.236982822418212891e+00,2.236727714538574219e+00,2.236472606658935547e+00,2.236217737197875977e+00,2.235962629318237305e+00,2.235707759857177734e+00,2.235452890396118164e+00,2.235198020935058594e+00,2.234943389892578125e+00
1.988217234611511230e+00,1.988015890121459961e+00,1.987814188003540039e+00,1.987612843513488770e+00,1.987411379814147949e+00,1.987210035324096680e+00,1.987008571624755859e+00,1.986807465553283691e+00,1.986606001853942871e+00,1.986404895782470703e+00,1.986203670501708984e+00,1.986002683639526367e+00,1.985801458358764648e+00,1.985600471496582031e+00,1.985399365425109863e+00,1.985198497772216797e+00,1.984997391700744629e+00,1.984796404838562012e+00,1.984595656394958496e+00,1.984394669532775879e+00,1.984194040298461914e+00,1.983993172645568848e+00,1.465255737304687500e+00,1.476009726524353027e+00,1.494357585906982422e+00,1.529893159866333008e+00,1.679070115089416504e+00,1.982789635658264160e+00,1.982589364051818848e+00,1.982388854026794434e+00,1.982188582420349121e+00,1.981988072395324707e+00,1.981787919998168945e+00,1.981587529182434082e+00,1.981387495994567871e+00,1.981187224388122559e+00,1.980987191200256348e+00,1.980787038803100586e+00,1.980587005615234375e+00,1.980386972427368164e+00,1.980186820030212402e+00,1.979987025260925293e+00,1.979786992073059082e+00,1.979587316513061523e+00,1.979387402534484863e+00,1.979187726974487305e+00,1.978987932205200195e+00,1.978788375854492188e+00,1.978588581085205078e+00,1.978389024734497070e+00,1.978189349174499512e+00,1.977990031242370605e+00,1.977790355682373047e+00,1.977591037750244141e+00,1.977391481399536133e+00,1.977192282676696777e+00,1.976992845535278320e+00,1.976793646812438965e+00,1.976594328880310059e+00,1.976395249366760254e+00,1.976195931434631348e+00,1.975996971130371094e+00,1.975797772407531738e+00,1.975598812103271484e+00,1.975399732589721680e+00,1.975200653076171875e+00,1.975001811981201172e+00,1.974802851676940918e+00,1.974604129791259766e+00,1.974405169486999512e+00,1.974206566810607910e+00,1.974007725715637207e+00,1.973809123039245605e+00,1.973610401153564453e+00,1.973411917686462402e+00,1.973213195800781250e+00,1.973014831542968750e+00,1.972816228866577148e+00,1.972617864608764648e+00,1.972419381141662598e+00
1.777727127075195312e+00,1.777565836906433105e+00,1.777404904365539551e+00,1.777243733406066895e+00,1.777082800865173340e+00,1.776921629905700684e+00,1.776760697364807129e+00,1.776599645614624023e+00,1.776438832283020020e+00,1.776277899742126465e+00,1.776116847991943359e+00,1.775956153869628906e+00,1.775795221328735352e+00,1.775634527206420898e+00,1.775473713874816895e+00,1.775313019752502441e+00,1.775152325630187988e+00,1.774991750717163086e+00,1.774830937385559082e+00,1.774670481681823730e+00,1.774509787559509277e+00,1.461098790168762207e+00,1.462051033973693848e+00,1.476923346519470215e+00,1.496450185775756836e+00,1.517796277999877930e+00,1.549167871475219727e+00,1.599806785583496094e+00,1.773226141929626465e+00,1.773065924644470215e+00,1.772905588150024414e+00,1.772745370864868164e+00,1.772585034370422363e+00,1.772424936294555664e+00,1.772264599800109863e+00,1.772104382514953613e+00,1.771944403648376465e+00,1.771784186363220215e+00,1.771624207496643066e+00,1.771464109420776367e+00,1.771304249763488770e+00,1.771144151687622070e+00,1.770984292030334473e+00,1.770824313163757324e+00,1.770664453506469727e+00,1.770504474639892578e+00,1.770344734191894531e+00,1.770184874534606934e+00,1.770025253295898438e+00,1.769865393638610840e+00,1.769705772399902344e+00,1.769545912742614746e+00,1.769386410713195801e+00,1.769226670265197754e+00,1.769067168235778809e+00,1.768907546997070312e+00,1.768748044967651367e+00,1.768588423728942871e+00,1.768428921699523926e+00,1.768269538879394531e+00,1.768110036849975586e+00,1.767950654029846191e+00,1.767791271209716797e+00,1.767632007598876953e+00,1.767472624778747559e+00,1.767313361167907715e+00,1.767153978347778320e+00,1.766994953155517578e+00,1.766835570335388184e+00,1.766676545143127441e+00,1.766517281532287598e+00,1.766358256340026855e+00,1.766199111938476562e+00,1.766040205955505371e+00,1.765881061553955078e+00,1.765722155570983887e+00,1.765563130378723145e+00,1.765404343605041504e+00,1.765245318412780762e+00,1.765086531639099121e+00
1.607538700103759766e+00,1.607407093048095703e+00,1.607275247573852539e+00,1.607143402099609375e+00,1.607011795043945312e+00,1.606880068778991699e+00,1.606748461723327637e+00,1.606616735458374023e+00,1.606485247611999512e+00,1.606353521347045898e+00,1.606222152709960938e+00,1.606090426445007324e+00,1.605959057807922363e+00,1.605827450752258301e+00,1.605696082115173340e+00,1.605564475059509277e+00,1.605433106422424316e+00,1.605301618576049805e+00,1.605170369148254395e+00,1.605038881301879883e+00,1.604907631874084473e+00,1.604776263236999512e+00,1.604645013809204102e+00,1.604513645172119141e+00,1.604382395744323730e+00,1.525285124778747559e+00,1.541047930717468262e+00,1.565032601356506348e+00,1.603857398033142090e+00,1.603726387023925781e+00,1.603595137596130371e+00,1.603464126586914062e+00,1.603332877159118652e+00,1.603201866149902344e+00,1.603070735931396484e+00,1.602939844131469727e+00,1.602808713912963867e+00,1.602677822113037109e+00,1.602546811103820801e+00,1.602415919303894043e+00,1.602284908294677734e+00,1.602154135704040527e+00,1.602023124694824219e+00,1.601892352104187012e+00,1.601761460304260254e+00,1.601630687713623047e+00,1.601499795913696289e+00,1.601369142532348633e+00,1.601238369941711426e+00,1.601107716560363770e+00,1.600976943969726562e+00,1.600846290588378906e+00,1.600715517997741699e+00,1.600584864616394043e+00,1.600454330444335938e+00,1.600323557853698730e+00,1.600193142890930176e+00,1.600062489509582520e+00,1.599931955337524414e+00,1.599801301956176758e+00,1.599670886993408203e+00,1.599540352821350098e+00,1.599410057067871094e+00,1.599279522895812988e+00,1.599149227142333984e+00,1.599018692970275879e+00,1.598888397216796875e+00,1.598757982254028320e+00,1.598627805709838867e+00,1.598497390747070312e+00,1.598367214202880859e+00,1.598236799240112305e+00,1.598106622695922852e+00,1.597976326942443848e+00,1.597846269607543945e+00,1.597715973854064941e+00,1.597585916519165039e+00,1.597455739974975586e+00,1.597325563430786133e+00,1.597195506095886230e+00
1.467088937759399414e+00,1.466979265213012695e+00,1.466869473457336426e+00,1.466759800910949707e+00,1.466650009155273438e+00,1.466540336608886719e+00,1.466430664062500000e+00,1.466321110725402832e+00,1.466211438179016113e+00,1.466101884841918945e+00,1.465992212295532227e+00,1.465882658958435059e+00,1.465772986412048340e+00,1.465663552284240723e+00,1.465553998947143555e+00,1.465444445610046387e+00,1.465334892272949219e+00,1.465225577354431152e+00,1.465116024017333984e+00,1.465006589889526367e+00,1.464897155761718750e+00,1.464787721633911133e+00,1.464678287506103516e+00,1.464568853378295898e+00,1.464459538459777832e+00,1.464350104331970215e+00,1.464240789413452148e+00,1.464131474494934082e+00,1.464022278785705566e+00,1.463912844657897949e+00,1.463803648948669434e+00,1.463694334030151367e+00,1.463585138320922852e+00,1.463475942611694336e+00,1.463366746902465820e+00,1.463257551193237305e+00,1.463148355484008789e+00,1.463039159774780273e+00,1.462930083274841309e+00,1.462820887565612793e+00,1.462711930274963379e+00,1.462602734565734863e+00,1.462493658065795898e+00,1.462384581565856934e+00,1.462275624275207520e+00,1.462166547775268555e+00,1.462057471275329590e+00,1.461948513984680176e+00,1.461839437484741211e+00,1.461730599403381348e+00,1.461621642112731934e+00,1.461512684822082520e+00,1.461403727531433105e+00,1.461294889450073242e+00,1.461185932159423828e+00,1.461077213287353516e+00,1.460968255996704102e+00,1.460859537124633789e+00,1.460750579833984375e+00,1.460641860961914062e+00,1.460533022880554199e+00,1.460424304008483887e+00,1.460315585136413574e+00,1.460206866264343262e+00,1.460098147392272949e+00,1.459989428520202637e+00,1.459880709648132324e+00,1.459772109985351562e+00,1.459663391113281250e+00,1.459554791450500488e+00,1.459446191787719727e+00,1.459337472915649414e+00,1.459228992462158203e+00,1.459120273590087891e+00,1.459011793136596680e+00,1.458903193473815918e+00,1.458794713020324707e+00,1.458686232566833496e+00,1.458577752113342285e+00,1.458469271659851074e+00
1.349209189414978027e+00,1.349116325378417969e+00,1.349023580551147461e+00,1.348930716514587402e+00,1.348838090896606445e+00,1.348745226860046387e+00,1.348652482032775879e+00,1.348559737205505371e+00,1.348467111587524414e+00,1.348374247550964355e+00,1.348281621932983398e+00,1.348188877105712891e+00,1.348096251487731934e+00,1.348003506660461426e+00,1.347911000251770020e+00,1.347818255424499512e+00,1.347725629806518555e+00,1.347633004188537598e+00,1.347540378570556641e+00,1.347447872161865234e+00,1.347355246543884277e+00,1.347262740135192871e+00,1.347170114517211914e+00,1.347077608108520508e+00,1.346985101699829102e+00,1.346892595291137695e+00,1.346800088882446289e+00,1.346707701683044434e+00,1.346615076065063477e+00,1.346522688865661621e+00,1.346430182456970215e+00,1.346337795257568359e+00,1.346245408058166504e+00,1.346153020858764648e+00,1.346060514450073242e+00,1.345968246459960938e+00,1.345875740051269531e+00,1.345783472061157227e+00,1.345691084861755371e+00,1.345598816871643066e+00,1.345506429672241211e+00,1.345414042472839355e+00,1.345321774482727051e+00,1.345229506492614746e+00,1.345137238502502441e+00,1.345044970512390137e+00,1.344952821731567383e+00,1.344860434532165527e+00,1.344768285751342773e+00,1.344676017761230469e+00,1.344583868980407715e+00,1.344491720199584961e+00,1.344399571418762207e+00,1.344307303428649902e+00,1.344215273857116699e+00,1.344123125076293945e+00,1.344030976295471191e+00,1.343938827514648438e+00,1.343846797943115234e+00,1.343754649162292480e+00,1.343662619590759277e+00,1.343570590019226074e+00,1.343478560447692871e+00,1.343386411666870117e+00,1.343294501304626465e+00,1.343202471733093262e+00,1.343110442161560059e+00,1.343018412590026855e+00,1.342926383018493652e+00,1.342834591865539551e+00,1.342742562294006348e+00,1.342650651931762695e+00,1.342558741569519043e+00,1.342466831207275391e+00,1.342374920845031738e+00,1.342283010482788086e+00,1.342191100120544434e+00,1.342099308967590332e+00,1.342007398605346680e+00,1.341915607452392578e+00
1.248863697052001953e+00,1.248784303665161133e+00,1.248704791069030762e+00,1.248625278472900391e+00,1.248545765876770020e+00,1.248466253280639648e+00,1.248386740684509277e+00,1.248307347297668457e+00,1.248227834701538086e+00,1.248148322105407715e+00,1.248069047927856445e+00,1.247989535331726074e+00,1.247910141944885254e+00,1.247830748558044434e+00,1.247751355171203613e+00,1.247671961784362793e+00,1.247592568397521973e+00,1.247513175010681152e+00,1.247433900833129883e+00,1.247354507446289062e+00,1.247275233268737793e+00,1.247195839881896973e+00,1.247116565704345703e+00,1.247037172317504883e+00,1.246958017349243164e+00,1.246878623962402344e+00,1.246799468994140625e+00,1.246720075607299805e+00,1.246640920639038086e+00,1.246561646461486816e+00,1.246482372283935547e+00,1.246403217315673828e+00,1.246323943138122559e+00,1.246244788169860840e+00,1.246165513992309570e+00,1.246086359024047852e+00,1.246007204055786133e+00,1.245928049087524414e+00,1.245848894119262695e+00,1.245769739151000977e+00,1.245690584182739258e+00,1.245611548423767090e+00,1.245532393455505371e+00,1.245453238487243652e+00,1.245374083518981934e+00,1.245295166969299316e+00,1.245216012001037598e+00,1.245136976242065430e+00,1.245057821273803711e+00,1.244978904724121094e+00,1.244899749755859375e+00,1.244820833206176758e+00,1.244741797447204590e+00,1.244662761688232422e+00,1.244583725929260254e+00,1.244504809379577637e+00,1.244425773620605469e+00,1.244346976280212402e+00,1.244267940521240234e+00,1.244188904762268066e+00,1.244110107421875000e+00,1.244031071662902832e+00,1.243952274322509766e+00,1.243873238563537598e+00,1.243794441223144531e+00,1.243715524673461914e+00,1.243636727333068848e+00,1.243557810783386230e+00,1.243479013442993164e+00,1.243400096893310547e+00,1.243321299552917480e+00,1.243242383003234863e+00,1.243163704872131348e+00,1.243084788322448730e+00,1.243006110191345215e+00,1.242927312850952148e+00,1.242848515510559082e+00,1.242769718170166016e+00,1.242691040039062500e+00,1.242612242698669434e+00
1.162411212921142578e+00,1.162342309951782227e+00,1.162273406982421875e+00,1.162204504013061523e+00,1.162135601043701172e+00,1.162066817283630371e+00,1.161997914314270020e+00,1.161929130554199219e+00,1.161860227584838867e+00,1.161791443824768066e+00,1.161722540855407715e+00,1.161653757095336914e+00,1.161584973335266113e+00,1.161516189575195312e+00,1.161447405815124512e+00,1.161378622055053711e+00,1.161309838294982910e+00,1.161241054534912109e+00,1.161172270774841309e+00,1.161103606224060059e+00,1.161034822463989258e+00,1.160966157913208008e+00,1.160897374153137207e+00,1.160828709602355957e+00,1.160759925842285156e+00,1.160691261291503906e+00,1.160622477531433105e+00,1.160553812980651855e+00,1.160485148429870605e+00,1.160416483879089355e+00,1.160347819328308105e+00,1.160279154777526855e+00,1.160210490226745605e+00,1.160141825675964355e+00,1.160073280334472656e+00,1.160004615783691406e+00,1.159936070442199707e+00,1.159867405891418457e+00,1.159798860549926758e+00,1.159730195999145508e+00,1.159661650657653809e+00,1.159592986106872559e+00,1.159524559974670410e+00,1.159455895423889160e+00,1.159387469291687012e+00,1.159318804740905762e+00,1.159250378608703613e+00,1.159181833267211914e+00,1.159113287925720215e+00,1.159044742584228516e+00,1.158976316452026367e+00,1.158907771110534668e+00,1.158839225769042969e+00,1.158770799636840820e+00,1.158702254295349121e+00,1.158633828163146973e+00,1.158565402030944824e+00,1.158496975898742676e+00,1.158428549766540527e+00,1.158360123634338379e+00,1.158291697502136230e+00,1.158223390579223633e+00,1.158154845237731934e+00,1.158086538314819336e+00,1.158018112182617188e+00,1.157949805259704590e+00,1.157881379127502441e+00,1.157813072204589844e+00,1.157744646072387695e+00,1.157676339149475098e+00,1.157608032226562500e+00,1.157539725303649902e+00,1.157471299171447754e+00,1.157403111457824707e+00,1.157334685325622559e+00,1.157266497611999512e+00,1.157198190689086914e+00,1.157129883766174316e+00,1.157061576843261719e+00,1.156993269920349121e+00
1.087152957916259766e+00,1.087092757225036621e+00,1.087032437324523926e+00,1.086972236633300781e+00,1.086912035942077637e+00,1.086851716041564941e+00,1.086791515350341797e+00,1.086731314659118652e+00,1.086671113967895508e+00,1.086610794067382812e+00,1.086550712585449219e+00,1.086490392684936523e+00,1.086430311203002930e+00,1.086370110511779785e+00,1.086309909820556641e+00,1.086249709129333496e+00,1.086189627647399902e+00,1.086129426956176758e+00,1.086069345474243164e+00,1.086009144783020020e+00,1.085949063301086426e+00,1.085888862609863281e+00,1.085828661918640137e+00,1.085768580436706543e+00,1.085708498954772949e+00,1.085648417472839355e+00,1.085588216781616211e+00,1.085528254508972168e+00,1.085468053817749023e+00,1.085408091545104980e+00,1.085347890853881836e+00,1.085287928581237793e+00,1.085227847099304199e+00,1.085167765617370605e+00,1.085107684135437012e+00,1.085047721862792969e+00,1.084987640380859375e+00,1.084927678108215332e+00,1.084867596626281738e+00,1.084807634353637695e+00,1.084747672080993652e+00,1.084687590599060059e+00,1.084627628326416016e+00,1.084567666053771973e+00,1.084507703781127930e+00,1.084447741508483887e+00,1.084387660026550293e+00,1.084327697753906250e+00,1.084267854690551758e+00,1.084207773208618164e+00,1.084147930145263672e+00,1.084087967872619629e+00,1.084028124809265137e+00,1.083968162536621094e+00,1.083908200263977051e+00,1.083848357200622559e+00,1.083788394927978516e+00,1.083728551864624023e+00,1.083668708801269531e+00,1.083608746528625488e+00,1.083548903465270996e+00,1.083489060401916504e+00,1.083429217338562012e+00,1.083369255065917969e+00,1.083309531211853027e+00,1.083249688148498535e+00,1.083189845085144043e+00,1.083130002021789551e+00,1.083070158958435059e+00,1.083010315895080566e+00,1.082950592041015625e+00,1.082890748977661133e+00,1.082830905914306641e+00,1.082771182060241699e+00,1.082711338996887207e+00,1.082651615142822266e+00,1.082591772079467773e+00,1.082532048225402832e+00,1.082472324371337891e+00,1.082412600517272949e+00
1.021047115325927734e+00,1.020994067192077637e+00,1.020940899848937988e+00,1.020887732505798340e+00,1.020834565162658691e+00,1.020781517028808594e+00,1.020728349685668945e+00,1.020675182342529297e+00,1.020622014999389648e+00,1.020568966865539551e+00,1.020515799522399902e+00,1.020462751388549805e+00,1.020409584045410156e+00,1.020356535911560059e+00,1.020303487777709961e+00,1.020250439643859863e+00,1.020197272300720215e+00,1.020144224166870117e+00,1.020091176033020020e+00,1.020038127899169922e+00,1.019985079765319824e+00,1.019932031631469727e+00,1.019878983497619629e+00,1.019825935363769531e+00,1.019772887229919434e+00,1.019719839096069336e+00,1.019666910171508789e+00,1.019613862037658691e+00,1.019560813903808594e+00,1.019507765769958496e+00,1.019454836845397949e+00,1.019401788711547852e+00,1.019348859786987305e+00,1.019295811653137207e+00,1.019242882728576660e+00,1.019189953804016113e+00,1.019137024879455566e+00,1.019083976745605469e+00,1.019031047821044922e+00,1.018978118896484375e+00,1.018925070762634277e+00,1.018872141838073730e+00,1.018819212913513184e+00,1.018766283988952637e+00,1.018713355064392090e+00,1.018660545349121094e+00,1.018607616424560547e+00,1.018554687500000000e+00,1.018501758575439453e+00,1.018448948860168457e+00,1.018396019935607910e+00,1.018343091011047363e+00,1.018290281295776367e+00,1.018237352371215820e+00,1.018184542655944824e+00,1.018131613731384277e+00,1.018078804016113281e+00,1.018025994300842285e+00,1.017973065376281738e+00,1.017920255661010742e+00,1.017867445945739746e+00,1.017814636230468750e+00,1.017761707305908203e+00,1.017709016799926758e+00,1.017656087875366211e+00,1.017603278160095215e+00,1.017550468444824219e+00,1.017497658729553223e+00,1.017444968223571777e+00,1.017392158508300781e+00,1.017339348793029785e+00,1.017286539077758789e+00,1.017233848571777344e+00,1.017181038856506348e+00,1.017128348350524902e+00,1.017075538635253906e+00,1.017022848129272461e+00,1.016970038414001465e+00,1.016917347908020020e+00,1.016864538192749023e+00
9.625198841094970703e-01,9.624726176261901855e-01,9.624254703521728516e-01,9.623782038688659668e-01,9.623309373855590820e-01,9.622836709022521973e-01,9.622365832328796387e-01,9.621893167495727539e-01,9.621421098709106445e-01,9.620948433876037598e-01,9.620476365089416504e-01,9.620005488395690918e-01,9.619533419609069824e-01,9.619061350822448730e-01,9.618589282035827637e-01,9.618118405342102051e-01,9.617646336555480957e-01,9.617174267768859863e-01,9.616702198982238770e-01,9.616231918334960938e-01,9.615759849548339844e-01,9.615288376808166504e-01,9.614816308021545410e-01,9.614346027374267578e-01,9.613874554634094238e-01,9.613402485847473145e-01,9.612931013107299805e-01,9.612460732460021973e-01,9.611989259719848633e-01,9.611518383026123047e-01,9.611046910285949707e-01,9.610576629638671875e-01,9.610105752944946289e-01,9.609634280204772949e-01,9.609163403511047363e-01,9.608691930770874023e-01,9.608222246170043945e-01,9.607751369476318359e-01,9.607279896736145020e-01,9.606809020042419434e-01,9.606339335441589355e-01,9.605868458747863770e-01,9.605398178100585938e-01,9.604927301406860352e-01,9.604457616806030273e-01,9.603986740112304688e-01,9.603516459465026855e-01,9.603046178817749023e-01,9.602576494216918945e-01,9.602106213569641113e-01,9.601635932922363281e-01,9.601165056228637695e-01,9.600695967674255371e-01,9.600225687026977539e-01,9.599755406379699707e-01,9.599285125732421875e-01,9.598816633224487305e-01,9.598346352577209473e-01,9.597876071929931641e-01,9.597406387329101562e-01,9.596936106681823730e-01,9.596467614173889160e-01,9.595997929573059082e-01,9.595527648925781250e-01,9.595057964324951172e-01,9.594589471817016602e-01,9.594119787216186523e-01,9.593650102615356445e-01,9.593180418014526367e-01,9.592712521553039551e-01,9.592242836952209473e-01,9.591773152351379395e-01,9.591304063796997070e-01,9.590835571289062500e-01,9.590366482734680176e-01,9.589897394180297852e-01,9.589427709579467773e-01,9.588959813117980957e-01,9.588490724563598633e-01,9.588021636009216309e-01
9.103384613990783691e-01,9.102962017059326172e-01,9.102539420127868652e-01,9.102116823196411133e-01,9.101694822311401367e-01,9.101272225379943848e-01,9.100849628448486328e-01,9.100427031517028809e-01,9.100005626678466797e-01,9.099583029747009277e-01,9.099160432815551758e-01,9.098737835884094238e-01,9.098316431045532227e-01,9.097894430160522461e-01,9.097471833229064941e-01,9.097049832344055176e-01,9.096628427505493164e-01,9.096206426620483398e-01,9.095784425735473633e-01,9.095362424850463867e-01,9.094941020011901855e-01,9.094519019126892090e-01,9.094097018241882324e-01,9.093675017356872559e-01,9.093254208564758301e-01,9.092832207679748535e-01,9.092410802841186523e-01,9.091988801956176758e-01,9.091566801071166992e-01,9.091146588325500488e-01,9.090724587440490723e-01,9.090303182601928711e-01,9.089881181716918945e-01,9.089460968971252441e-01,9.089039564132690430e-01,9.088618159294128418e-01,9.088196158409118652e-01,9.087775945663452148e-01,9.087354540824890137e-01,9.086933135986328125e-01,9.086512327194213867e-01,9.086092114448547363e-01,9.085670709609985352e-01,9.085249304771423340e-01,9.084828495979309082e-01,9.084408283233642578e-01,9.083987474441528320e-01,9.083566069602966309e-01,9.083145260810852051e-01,9.082725644111633301e-01,9.082304239273071289e-01,9.081883430480957031e-01,9.081462621688842773e-01,9.081041812896728516e-01,9.080622196197509766e-01,9.080201387405395508e-01,9.079781174659729004e-01,9.079360365867614746e-01,9.078940749168395996e-01,9.078520536422729492e-01,9.078099727630615234e-01,9.077679514884948730e-01,9.077259898185729980e-01,9.076839685440063477e-01,9.076418876647949219e-01,9.075998663902282715e-01,9.075579643249511719e-01,9.075159430503845215e-01,9.074739217758178711e-01,9.074319005012512207e-01,9.073899984359741211e-01,9.073479771614074707e-01,9.073059558868408203e-01,9.072639942169189453e-01,9.072220921516418457e-01,9.071800708770751953e-01,9.071381092071533203e-01,9.070961475372314453e-01,9.070541262626647949e-01,9.070122838020324707e-01
8.635239005088806152e-01,8.634859323501586914e-01,8.634479045867919922e-01,8.634098768234252930e-01,8.633718490600585938e-01,8.633338809013366699e-01,8.632958531379699707e-01,8.632578253746032715e-01,8.632198572158813477e-01,8.631818890571594238e-01,8.631438612937927246e-01,8.631058931350708008e-01,8.630678653717041016e-01,8.630299568176269531e-01,8.629919290542602539e-01,8.629539608955383301e-01,8.629159331321716309e-01,8.628780841827392578e-01,8.628400564193725586e-01,8.628020882606506348e-01,8.627641201019287109e-01,8.627262115478515625e-01,8.626882433891296387e-01,8.626502752304077148e-01,8.626123070716857910e-01,8.625743389129638672e-01,8.625364899635314941e-01,8.624985218048095703e-01,8.624605536460876465e-01,8.624225854873657227e-01,8.623847365379333496e-01,8.623468279838562012e-01,8.623088598251342773e-01,8.622709512710571289e-01,8.622331023216247559e-01,8.621951341629028320e-01,8.621572256088256836e-01,8.621193170547485352e-01,8.620814681053161621e-01,8.620435595512390137e-01,8.620056509971618652e-01,8.619677424430847168e-01,8.619298934936523438e-01,8.618920445442199707e-01,8.618541359901428223e-01,8.618162274360656738e-01,8.617783188819885254e-01,8.617405295372009277e-01,8.617026209831237793e-01,8.616647720336914062e-01,8.616268634796142578e-01,8.615890741348266602e-01,8.615512251853942871e-01,8.615133166313171387e-01,8.614754676818847656e-01,8.614376783370971680e-01,8.613998293876647949e-01,8.613619804382324219e-01,8.613241314888000488e-01,8.612863421440124512e-01,8.612484931945800781e-01,8.612107038497924805e-01,8.611728549003601074e-01,8.611350655555725098e-01,8.610972762107849121e-01,8.610594272613525391e-01,8.610215783119201660e-01,8.609838485717773438e-01,8.609460592269897461e-01,8.609082102775573730e-01,8.608704209327697754e-01,8.608325719833374023e-01,8.607949018478393555e-01,8.607570528984069824e-01,8.607192635536193848e-01,8.606814742088317871e-01,8.606437444686889648e-01,8.606059551239013672e-01,8.605681657791137695e-01,8.605304360389709473e-01
8.212888240814208984e-01,8.212544322013854980e-01,8.212200999259948730e-01,8.211856484413146973e-01,8.211512565612792969e-01,8.211168646812438965e-01,8.210825324058532715e-01,8.210481405258178711e-01,8.210137486457824707e-01,8.209793567657470703e-01,8.209450840950012207e-01,8.209106922149658203e-01,8.208763003349304199e-01,8.208419084548950195e-01,8.208076357841491699e-01,8.207732439041137695e-01,8.207389116287231445e-01,8.207045197486877441e-01,8.206701874732971191e-01,8.206358551979064941e-01,8.206015229225158691e-01,8.205671906471252441e-01,8.205327987670898438e-01,8.204985260963439941e-01,8.204641938209533691e-01,8.204298615455627441e-01,8.203955292701721191e-01,8.203612565994262695e-01,8.203269243240356445e-01,8.202925920486450195e-01,8.202582597732543945e-01,8.202239871025085449e-01,8.201897144317626953e-01,8.201553821563720703e-01,8.201210498809814453e-01,8.200868368148803711e-01,8.200525045394897461e-01,8.200181722640991211e-01,8.199838995933532715e-01,8.199496865272521973e-01,8.199153542518615723e-01,8.198810815811157227e-01,8.198467493057250977e-01,8.198124766349792480e-01,8.197782635688781738e-01,8.197439908981323242e-01,8.197097182273864746e-01,8.196753859519958496e-01,8.196412324905395508e-01,8.196069598197937012e-01,8.195726871490478516e-01,8.195384144783020020e-01,8.195042014122009277e-01,8.194699287414550781e-01,8.194356560707092285e-01,8.194014430046081543e-01,8.193672299385070801e-01,8.193330168724060059e-01,8.192987442016601562e-01,8.192644715309143066e-01,8.192303180694580078e-01,8.191961050033569336e-01,8.191618323326110840e-01,8.191276192665100098e-01,8.190934658050537109e-01,8.190592527389526367e-01,8.190250396728515625e-01,8.189907670021057129e-01,8.189565539360046387e-01,8.189224004745483398e-01,8.188881874084472656e-01,8.188539743423461914e-01,8.188197612762451172e-01,8.187856674194335938e-01,8.187514543533325195e-01,8.187172412872314453e-01,8.186830282211303711e-01,8.186489343643188477e-01,8.186147212982177734e-01,8.185805678367614746e-01
7.829926013946533203e-01,7.829613089561462402e-01,7.829300165176391602e-01,7.828988432884216309e-01,7.828675508499145508e-01,7.828362584114074707e-01,7.828050255775451660e-01,7.827737927436828613e-01,7.827425599098205566e-01,7.827112674713134766e-01,7.826800346374511719e-01,7.826488018035888672e-01,7.826176285743713379e-01,7.825863361358642578e-01,7.825551033020019531e-01,7.825238704681396484e-01,7.824926972389221191e-01,7.824614644050598145e-01,7.824302315711975098e-01,7.823989987373352051e-01,7.823678255081176758e-01,7.823365926742553711e-01,7.823053598403930664e-01,7.822741270065307617e-01,7.822430133819580078e-01,7.822117805480957031e-01,7.821805477142333984e-01,7.821493744850158691e-01,7.821182012557983398e-01,7.820869684219360352e-01,7.820557951927185059e-01,7.820245623588562012e-01,7.819934487342834473e-01,7.819622755050659180e-01,7.819310426712036133e-01,7.818998694419860840e-01,7.818686962127685547e-01,7.818375825881958008e-01,7.818063497543334961e-01,7.817751765251159668e-01,7.817440032958984375e-01,7.817128896713256836e-01,7.816817164421081543e-01,7.816505432128906250e-01,7.816193699836730957e-01,7.815882563591003418e-01,7.815570831298828125e-01,7.815259695053100586e-01,7.814947962760925293e-01,7.814636826515197754e-01,7.814325094223022461e-01,7.814013957977294922e-01,7.813702225685119629e-01,7.813391685485839844e-01,7.813079953193664551e-01,7.812768816947937012e-01,7.812457084655761719e-01,7.812146544456481934e-01,7.811835408210754395e-01,7.811523675918579102e-01,7.811212539672851562e-01,7.810901403427124023e-01,7.810590863227844238e-01,7.810279130935668945e-01,7.809967994689941406e-01,7.809656858444213867e-01,7.809346318244934082e-01,7.809035181999206543e-01,7.808724045753479004e-01,7.808412909507751465e-01,7.808102965354919434e-01,7.807791829109191895e-01,7.807480692863464355e-01,7.807169556617736816e-01,7.806859612464904785e-01,7.806548476219177246e-01,7.806237339973449707e-01,7.805926799774169922e-01,7.805616259574890137e-01,7.805305719375610352e-01
7.481086254119873047e-01,7.480800747871398926e-01,7.480515241622924805e-01,7.480229735374450684e-01,7.479944229125976562e-01,7.479659914970397949e-01,7.479374408721923828e-01,7.479088902473449707e-01,7.478803396224975586e-01,7.478518486022949219e-01,7.478233575820922852e-01,7.477948069572448730e-01,7.477662563323974609e-01,7.477378249168395996e-01,7.477092742919921875e-01,7.476807832717895508e-01,7.476522326469421387e-01,7.476238012313842773e-01,7.475952506065368652e-01,7.475667595863342285e-01,7.475382685661315918e-01,7.475097775459289551e-01,7.474812865257263184e-01,7.474527955055236816e-01,7.474243044853210449e-01,7.473958730697631836e-01,7.473673820495605469e-01,7.473388314247131348e-01,7.473103404045104980e-01,7.472818493843078613e-01,7.472534179687500000e-01,7.472249269485473633e-01,7.471964359283447266e-01,7.471680045127868652e-01,7.471395730972290039e-01,7.471110820770263672e-01,7.470825910568237305e-01,7.470541000366210938e-01,7.470257282257080078e-01,7.469972372055053711e-01,7.469688057899475098e-01,7.469403147697448730e-01,7.469119429588317871e-01,7.468834519386291504e-01,7.468550205230712891e-01,7.468265295028686523e-01,7.467981576919555664e-01,7.467696666717529297e-01,7.467412352561950684e-01,7.467128038406372070e-01,7.466844320297241211e-01,7.466559410095214844e-01,7.466275095939636230e-01,7.465990781784057617e-01,7.465706467628479004e-01,7.465422749519348145e-01,7.465138435363769531e-01,7.464854121208190918e-01,7.464569807052612305e-01,7.464286088943481445e-01,7.464001774787902832e-01,7.463717460632324219e-01,7.463433146476745605e-01,7.463150024414062500e-01,7.462865710258483887e-01,7.462581396102905273e-01,7.462297081947326660e-01,7.462013959884643555e-01,7.461729645729064941e-01,7.461445927619934082e-01,7.461161613464355469e-01,7.460878491401672363e-01,7.460594177246093750e-01,7.460310459136962891e-01,7.460026144981384277e-01,7.459743022918701172e-01,7.459459304809570312e-01,7.459175586700439453e-01,7.458891272544860840e-01,7.458607554435729980e-01
7.162004113197326660e-01,7.161742448806762695e-01,7.161481380462646484e-01,7.161219716072082520e-01,7.160958051681518555e-01,7.160696387290954590e-01,7.160435318946838379e-01,7.160173654556274414e-01,7.159911990165710449e-01,7.159650325775146484e-01,7.159389853477478027e-01,7.159128189086914062e-01,7.158866524696350098e-01,7.158604860305786133e-01,7.158344388008117676e-01,7.158082723617553711e-01,7.157821655273437500e-01,7.157559990882873535e-01,7.157299518585205078e-01,7.157037854194641113e-01,7.156776785850524902e-01,7.156515121459960938e-01,7.156254053115844727e-01,7.155992984771728516e-01,7.155731916427612305e-01,7.155470848083496094e-01,7.155209779739379883e-01,7.154948711395263672e-01,7.154687643051147461e-01,7.154426574707031250e-01,7.154165506362915039e-01,7.153905034065246582e-01,7.153643965721130371e-01,7.153382897377014160e-01,7.153121829032897949e-01,7.152861356735229492e-01,7.152600288391113281e-01,7.152339220046997070e-01,7.152078151702880859e-01,7.151817679405212402e-01,7.151556611061096191e-01,7.151296138763427734e-01,7.151035070419311523e-01,7.150774598121643066e-01,7.150514125823974609e-01,7.150253057479858398e-01,7.149991989135742188e-01,7.149731516838073730e-01,7.149471044540405273e-01,7.149210572242736816e-01,7.148949503898620605e-01,7.148689031600952148e-01,7.148428559303283691e-01,7.148168087005615234e-01,7.147907018661499023e-01,7.147646546363830566e-01,7.147386670112609863e-01,7.147126197814941406e-01,7.146865129470825195e-01,7.146604657173156738e-01,7.146344780921936035e-01,7.146084308624267578e-01,7.145823836326599121e-01,7.145563364028930664e-01,7.145303487777709961e-01,7.145043015480041504e-01,7.144782543182373047e-01,7.144522070884704590e-01,7.144262194633483887e-01,7.144001722335815430e-01,7.143741250038146973e-01,7.143480777740478516e-01,7.143220305442810059e-01,7.142961025238037109e-01,7.142700552940368652e-01,7.142440080642700195e-01,7.142180204391479492e-01,7.141920328140258789e-01,7.141659855842590332e-01,7.141399979591369629e-01
6.869027614593505859e-01,6.868786811828613281e-01,6.868546009063720703e-01,6.868305802345275879e-01,6.868064999580383301e-01,6.867824792861938477e-01,6.867583990097045898e-01,6.867343783378601074e-01,6.867102980613708496e-01,6.866862773895263672e-01,6.866621971130371094e-01,6.866381764411926270e-01,6.866141557693481445e-01,6.865900754928588867e-01,6.865660548210144043e-01,6.865420341491699219e-01,6.865180134773254395e-01,6.864939332008361816e-01,6.864699125289916992e-01,6.864458918571472168e-01,6.864218711853027344e-01,6.863978505134582520e-01,6.863738298416137695e-01,6.863497495651245117e-01,6.863257884979248047e-01,6.863017678260803223e-01,6.862777471542358398e-01,6.862537264823913574e-01,6.862297058105468750e-01,6.862056851387023926e-01,6.861816644668579102e-01,6.861576437950134277e-01,6.861336827278137207e-01,6.861096620559692383e-01,6.860856413841247559e-01,6.860616207122802734e-01,6.860376596450805664e-01,6.860136985778808594e-01,6.859896779060363770e-01,6.859656572341918945e-01,6.859416365623474121e-01,6.859176754951477051e-01,6.858937144279479980e-01,6.858696937561035156e-01,6.858456730842590332e-01,6.858217716217041016e-01,6.857977509498596191e-01,6.857737302780151367e-01,6.857497692108154297e-01,6.857258081436157227e-01,6.857018470764160156e-01,6.856778264045715332e-01,6.856538653373718262e-01,6.856299042701721191e-01,6.856059432029724121e-01,6.855819821357727051e-01,6.855579614639282227e-01,6.855340600013732910e-01,6.855100989341735840e-01,6.854860782623291016e-01,6.854621171951293945e-01,6.854382157325744629e-01,6.854142546653747559e-01,6.853902935981750488e-01,6.853663325309753418e-01,6.853423714637756348e-01,6.853184103965759277e-01,6.852944493293762207e-01,6.852704882621765137e-01,6.852465271949768066e-01,6.852226257324218750e-01,6.851987242698669434e-01,6.851747632026672363e-01,6.851508021354675293e-01,6.851269006729125977e-01,6.851029396057128906e-01,6.850789785385131836e-01,6.850550770759582520e-01,6.850311756134033203e-01,6.850072145462036133e-01
6.599078774452209473e-01,6.598856449127197266e-01,6.598634123802185059e-01,6.598411798477172852e-01,6.598190665245056152e-01,6.597968339920043945e-01,6.597746014595031738e-01,6.597524285316467285e-01,6.597302556037902832e-01,6.597080826759338379e-01,6.596858501434326172e-01,6.596636772155761719e-01,6.596414446830749512e-01,6.596192717552185059e-01,6.595970988273620605e-01,6.595749258995056152e-01,6.595526933670043945e-01,6.595305800437927246e-01,6.595083475112915039e-01,6.594861745834350586e-01,6.594640016555786133e-01,6.594418883323669434e-01,6.594196557998657227e-01,6.593974828720092773e-01,6.593753099441528320e-01,6.593531966209411621e-01,6.593310236930847168e-01,6.593087911605834961e-01,6.592866182327270508e-01,6.592645049095153809e-01,6.592423319816589355e-01,6.592201590538024902e-01,6.591979861259460449e-01,6.591758728027343750e-01,6.591536998748779297e-01,6.591315269470214844e-01,6.591093540191650391e-01,6.590871810913085938e-01,6.590651273727416992e-01,6.590429544448852539e-01,6.590207815170288086e-01,6.589986085891723633e-01,6.589764952659606934e-01,6.589543819427490234e-01,6.589322090148925781e-01,6.589100360870361328e-01,6.588879823684692383e-01,6.588658094406127930e-01,6.588436365127563477e-01,6.588215231895446777e-01,6.587994098663330078e-01,6.587772965431213379e-01,6.587551236152648926e-01,6.587330102920532227e-01,6.587108969688415527e-01,6.586887836456298828e-01,6.586666107177734375e-01,6.586444973945617676e-01,6.586223840713500977e-01,6.586002707481384277e-01,6.585781574249267578e-01,6.585560441017150879e-01,6.585338711738586426e-01,6.585118174552917480e-01,6.584897041320800781e-01,6.584675908088684082e-01,6.584454774856567383e-01,6.584233641624450684e-01,6.584012508392333984e-01,6.583791375160217285e-01,6.583570241928100586e-01,6.583349704742431641e-01,6.583128571510314941e-01,6.582907438278198242e-01,6.582686305046081543e-01,6.582465767860412598e-01,6.582244634628295898e-01,6.582023501396179199e-01,6.581802964210510254e-01,6.581582427024841309e-01
6.349544525146484375e-01,6.349339485168457031e-01,6.349133849143981934e-01,6.348927617073059082e-01,6.348721981048583984e-01,6.348516345024108887e-01,6.348311305046081543e-01,6.348105669021606445e-01,6.347900032997131348e-01,6.347694396972656250e-01,6.347489356994628906e-01,6.347283720970153809e-01,6.347078680992126465e-01,6.346873044967651367e-01,6.346668004989624023e-01,6.346462368965148926e-01,6.346256732940673828e-01,6.346051096916198730e-01,6.345846652984619141e-01,6.345641016960144043e-01,6.345435380935668945e-01,6.345229744911193848e-01,6.345025300979614258e-01,6.344819664955139160e-01,6.344614028930664062e-01,6.344408988952636719e-01,6.344203948974609375e-01,6.343998908996582031e-01,6.343793272972106934e-01,6.343588232994079590e-01,6.343382596969604492e-01,6.343178153038024902e-01,6.342972517013549805e-01,6.342767477035522461e-01,6.342561841011047363e-01,6.342357397079467773e-01,6.342152357101440430e-01,6.341946721076965332e-01,6.341741681098937988e-01,6.341537237167358398e-01,6.341331601142883301e-01,6.341126561164855957e-01,6.340921521186828613e-01,6.340717077255249023e-01,6.340512037277221680e-01,6.340306401252746582e-01,6.340101361274719238e-01,6.339896917343139648e-01,6.339691877365112305e-01,6.339486837387084961e-01,6.339281797409057617e-01,6.339077353477478027e-01,6.338872313499450684e-01,6.338667273521423340e-01,6.338462233543395996e-01,6.338257193565368652e-01,6.338052749633789062e-01,6.337847709655761719e-01,6.337642669677734375e-01,6.337438225746154785e-01,6.337233781814575195e-01,6.337028741836547852e-01,6.336823701858520508e-01,6.336618661880493164e-01,6.336414217948913574e-01,6.336209774017333984e-01,6.336004734039306641e-01,6.335799694061279297e-01,6.335595846176147461e-01,6.335390806198120117e-01,6.335185766220092773e-01,6.334981322288513184e-01,6.334776878356933594e-01,6.334572434425354004e-01,6.334367394447326660e-01,6.334162950515747070e-01,6.333958506584167480e-01,6.333754062652587891e-01,6.333549022674560547e-01,6.333344578742980957e-01
6.118195056915283203e-01,6.118003726005554199e-01,6.117812991142272949e-01,6.117622256278991699e-01,6.117431521415710449e-01,6.117240786552429199e-01,6.117049455642700195e-01,6.116859316825866699e-01,6.116668581962585449e-01,6.116477251052856445e-01,6.116286516189575195e-01,6.116096377372741699e-01,6.115905642509460449e-01,6.115714311599731445e-01,6.115523576736450195e-01,6.115333437919616699e-01,6.115142703056335449e-01,6.114951968193054199e-01,6.114761233329772949e-01,6.114570498466491699e-01,6.114379763603210449e-01,6.114189028739929199e-01,6.113998293876647949e-01,6.113807559013366699e-01,6.113617420196533203e-01,6.113426685333251953e-01,6.113235950469970703e-01,6.113045215606689453e-01,6.112855076789855957e-01,6.112664341926574707e-01,6.112473607063293457e-01,6.112283468246459961e-01,6.112093329429626465e-01,6.111902594566345215e-01,6.111711859703063965e-01,6.111521124839782715e-01,6.111330986022949219e-01,6.111140847206115723e-01,6.110950112342834473e-01,6.110759377479553223e-01,6.110569238662719727e-01,6.110379099845886230e-01,6.110188364982604980e-01,6.109998226165771484e-01,6.109808087348937988e-01,6.109617352485656738e-01,6.109427213668823242e-01,6.109236478805541992e-01,6.109046339988708496e-01,6.108856201171875000e-01,6.108666062355041504e-01,6.108475327491760254e-01,6.108285188674926758e-01,6.108095049858093262e-01,6.107904911041259766e-01,6.107714772224426270e-01,6.107524037361145020e-01,6.107334494590759277e-01,6.107143759727478027e-01,6.106953620910644531e-01,6.106763482093811035e-01,6.106573343276977539e-01,6.106383204460144043e-01,6.106193065643310547e-01,6.106002926826477051e-01,6.105813384056091309e-01,6.105622649192810059e-01,6.105432510375976562e-01,6.105242371559143066e-01,6.105052828788757324e-01,6.104862689971923828e-01,6.104672551155090332e-01,6.104482412338256836e-01,6.104292273521423340e-01,6.104102730751037598e-01,6.103912591934204102e-01,6.103722453117370605e-01,6.103532314300537109e-01,6.103342771530151367e-01,6.103152632713317871e-01
5.903111100196838379e-01,5.902933478355407715e-01,5.902755856513977051e-01,5.902577638626098633e-01,5.902400612831115723e-01,5.902222990989685059e-01,5.902045369148254395e-01,5.901867151260375977e-01,5.901690125465393066e-01,5.901512503623962402e-01,5.901334881782531738e-01,5.901157259941101074e-01,5.900979638099670410e-01,5.900802016258239746e-01,5.900624394416809082e-01,5.900446772575378418e-01,5.900269150733947754e-01,5.900092124938964844e-01,5.899914503097534180e-01,5.899736881256103516e-01,5.899559259414672852e-01,5.899382233619689941e-01,5.899204611778259277e-01,5.899026989936828613e-01,5.898849368095397949e-01,5.898672342300415039e-01,5.898494720458984375e-01,5.898317694664001465e-01,5.898140072822570801e-01,5.897963047027587891e-01,5.897785425186157227e-01,5.897607803344726562e-01,5.897430181503295898e-01,5.897253155708312988e-01,5.897076129913330078e-01,5.896898508071899414e-01,5.896720886230468750e-01,5.896544456481933594e-01,5.896366834640502930e-01,5.896189212799072266e-01,5.896012187004089355e-01,5.895834565162658691e-01,5.895657539367675781e-01,5.895480513572692871e-01,5.895302891731262207e-01,5.895125865936279297e-01,5.894948840141296387e-01,5.894771814346313477e-01,5.894594192504882812e-01,5.894417166709899902e-01,5.894240140914916992e-01,5.894063115119934082e-01,5.893885493278503418e-01,5.893708467483520508e-01,5.893531441688537598e-01,5.893354415893554688e-01,5.893177390098571777e-01,5.892999768257141113e-01,5.892823338508605957e-01,5.892646312713623047e-01,5.892468690872192383e-01,5.892291665077209473e-01,5.892115235328674316e-01,5.891937613487243652e-01,5.891760587692260742e-01,5.891583561897277832e-01,5.891406536102294922e-01,5.891230106353759766e-01,5.891053080558776855e-01,5.890876054763793945e-01,5.890699028968811035e-01,5.890522003173828125e-01,5.890344977378845215e-01,5.890167951583862305e-01,5.889990925788879395e-01,5.889814496040344238e-01,5.889637470245361328e-01,5.889460444450378418e-01,5.889283418655395508e-01,5.889106988906860352e-01
5.702636241912841797e-01,5.702470541000366211e-01,5.702304840087890625e-01,5.702139139175415039e-01,5.701972842216491699e-01,5.701807737350463867e-01,5.701641440391540527e-01,5.701475739479064941e-01,5.701310038566589355e-01,5.701144337654113770e-01,5.700978636741638184e-01,5.700812935829162598e-01,5.700647234916687012e-01,5.700480937957763672e-01,5.700315833091735840e-01,5.700150132179260254e-01,5.699984431266784668e-01,5.699818730354309082e-01,5.699653029441833496e-01,5.699487328529357910e-01,5.699321627616882324e-01,5.699155926704406738e-01,5.698990821838378906e-01,5.698824524879455566e-01,5.698658823966979980e-01,5.698493719100952148e-01,5.698328018188476562e-01,5.698162317276000977e-01,5.697996616363525391e-01,5.697830915451049805e-01,5.697665810585021973e-01,5.697500109672546387e-01,5.697334408760070801e-01,5.697169303894042969e-01,5.697003602981567383e-01,5.696838498115539551e-01,5.696672797203063965e-01,5.696507096290588379e-01,5.696341395378112793e-01,5.696176290512084961e-01,5.696010589599609375e-01,5.695845484733581543e-01,5.695679783821105957e-01,5.695514678955078125e-01,5.695348978042602539e-01,5.695183873176574707e-01,5.695018172264099121e-01,5.694853067398071289e-01,5.694687366485595703e-01,5.694522261619567871e-01,5.694356560707092285e-01,5.694191455841064453e-01,5.694026350975036621e-01,5.693860650062561035e-01,5.693695545196533203e-01,5.693530440330505371e-01,5.693364739418029785e-01,5.693199634552001953e-01,5.693033933639526367e-01,5.692868828773498535e-01,5.692703723907470703e-01,5.692538619041442871e-01,5.692372918128967285e-01,5.692207813262939453e-01,5.692042708396911621e-01,5.691877603530883789e-01,5.691712498664855957e-01,5.691546797752380371e-01,5.691382288932800293e-01,5.691217184066772461e-01,5.691051483154296875e-01,5.690886378288269043e-01,5.690721273422241211e-01,5.690556168556213379e-01,5.690391063690185547e-01,5.690225958824157715e-01,5.690060853958129883e-01,5.689895749092102051e-01,5.689730644226074219e-01,5.689565539360046387e-01
