3.771144151687622070e+00,3.731151819229125977e+00,3.691998243331909180e+00,3.653657913208007812e+00,3.616105794906616211e+00,3.579317569732666016e+00,3.543270349502563477e+00,3.507941961288452148e+00,3.473311424255371094e+00,3.439357519149780273e+00,3.406061172485351562e+00,3.373403787612915039e+00,3.341366291046142578e+00,3.309931516647338867e+00,3.279082775115966797e+00,3.248803615570068359e+00,3.219078540802001953e+00,3.189892768859863281e+00,3.161231040954589844e+00,3.133080244064331055e+00,3.105426311492919922e+00,3.078256130218505859e+00,3.051557302474975586e+00,3.025317668914794922e+00,2.999525308609008789e+00,2.974169015884399414e+00,2.949237823486328125e+00,2.924721240997314453e+00,2.900609016418457031e+00,2.876891136169433594e+00,2.853557825088500977e+00,2.830599784851074219e+00,2.808008432388305664e+00,2.785774707794189453e+00,2.763890504837036133e+00,2.742347240447998047e+00,2.721137285232543945e+00,2.700253009796142578e+00,2.679687023162841797e+00,2.659431457519531250e+00,2.639480113983154297e+00,2.619825839996337891e+00,2.600462198257446289e+00,2.581382513046264648e+00,2.562580823898315430e+00,2.544051170349121094e+00,2.525787353515625000e+00,2.507784128189086914e+00,2.490035533905029297e+00,2.472536563873291016e+00,2.455281734466552734e+00,2.438266038894653320e+00,2.421484708786010742e+00,2.404932498931884766e+00,2.388605356216430664e+00,2.372498273849487305e+00,2.356607198715209961e+00,2.340927362442016602e+00,2.325454711914062500e+00,2.310185194015502930e+00,2.295115232467651367e+00,2.280240297317504883e+00,2.265557050704956055e+00,2.251061677932739258e+00,2.236750602722167969e+00,2.222620487213134766e+00,2.208667755126953125e+00,2.194889068603515625e+00,2.181281089782714844e+00,2.167840957641601562e+00,2.154565334320068359e+00,2.141451358795166016e+00,2.128496170043945312e+00,2.115696430206298828e+00,2.103049993515014648e+00,2.090553998947143555e+00,2.078205823898315430e+00,2.066002130508422852e+00,2.053941011428833008e+00,2.042020082473754883e+00
3.771145105361938477e+00,3.731152296066284180e+00,3.691998720169067383e+00,3.653658390045166016e+00,3.616106271743774414e+00,3.579318046569824219e+00,3.543270826339721680e+00,3.507942438125610352e+00,3.473312139511108398e+00,3.439358234405517578e+00,3.406061887741088867e+00,3.373404026031494141e+00,3.341366529464721680e+00,3.309931755065917969e+00,3.279083013534545898e+00,3.248804092407226562e+00,3.219079017639160156e+00,3.189893245697021484e+00,3.161231756210327148e+00,3.133080720901489258e+00,3.105426549911499023e+00,3.078256607055664062e+00,3.051557540893554688e+00,3.025317907333374023e+00,2.999525547027587891e+00,2.974169254302978516e+00,2.949238300323486328e+00,2.924721717834472656e+00,2.900609493255615234e+00,2.876891374588012695e+00,2.853558063507080078e+00,2.830600023269653320e+00,2.808008670806884766e+00,2.785774946212768555e+00,2.763890743255615234e+00,2.742347717285156250e+00,2.721137762069702148e+00,2.700253486633300781e+00,2.679687261581420898e+00,2.659431695938110352e+00,2.639480352401733398e+00,2.619826078414916992e+00,2.600462436676025391e+00,2.581382751464843750e+00,2.562581300735473633e+00,2.544051408767700195e+00,2.525787830352783203e+00,2.507784366607666016e+00,2.490035772323608398e+00,2.472536802291870117e+00,2.455281972885131836e+00,2.438266277313232422e+00,2.421484947204589844e+00,2.404932975769042969e+00,2.388605594635009766e+00,2.372498512268066406e+00,2.356607437133789062e+00,2.340927362442016602e+00,2.325454950332641602e+00,2.310185432434082031e+00,2.295115232467651367e+00,2.280240535736083984e+00,2.265557289123535156e+00,2.251062154769897461e+00,2.236751079559326172e+00,2.222620725631713867e+00,2.208667993545532227e+00,2.194889068603515625e+00,2.181281328201293945e+00,2.167841196060180664e+00,2.154565572738647461e+00,2.141451597213745117e+00,2.128496408462524414e+00,2.115696668624877930e+00,2.103050231933593750e+00,2.090554237365722656e+00,2.078205823898315430e+00,2.066002130508422852e+00,2.053941249847412109e+00,2.042020082473754883e+00
3.771145582199096680e+00,3.731152772903442383e+00,3.691998958587646484e+00,3.653658866882324219e+00,3.616106510162353516e+00,3.579318761825561523e+00,3.543271541595458984e+00,3.507943153381347656e+00,3.473312377929687500e+00,3.439358711242675781e+00,3.406062126159667969e+00,3.373404264450073242e+00,3.341367006301879883e+00,3.309931993484497070e+00,3.279083728790283203e+00,3.248804569244384766e+00,3.219079494476318359e+00,3.189893722534179688e+00,3.161231994628906250e+00,3.133081197738647461e+00,3.105426788330078125e+00,3.078256845474243164e+00,3.051557779312133789e+00,3.025318384170532227e+00,2.999526023864746094e+00,2.974169969558715820e+00,2.949238777160644531e+00,2.924721956253051758e+00,2.900609731674194336e+00,2.876891613006591797e+00,2.853558301925659180e+00,2.830600261688232422e+00,2.808009147644042969e+00,2.785775423049926758e+00,2.763891220092773438e+00,2.742347955703735352e+00,2.721138000488281250e+00,2.700253486633300781e+00,2.679687261581420898e+00,2.659431934356689453e+00,2.639480590820312500e+00,2.619826316833496094e+00,2.600462675094604492e+00,2.581383228302001953e+00,2.562581300735473633e+00,2.544051647186279297e+00,2.525787830352783203e+00,2.507784605026245117e+00,2.490036010742187500e+00,2.472537040710449219e+00,2.455282211303710938e+00,2.438266515731811523e+00,2.421485185623168945e+00,2.404933214187622070e+00,2.388605833053588867e+00,2.372498750686645508e+00,2.356607437133789062e+00,2.340927600860595703e+00,2.325454950332641602e+00,2.310185670852661133e+00,2.295115709304809570e+00,2.280240774154663086e+00,2.265557527542114258e+00,2.251062154769897461e+00,2.236751079559326172e+00,2.222620964050292969e+00,2.208667993545532227e+00,2.194889307022094727e+00,2.181281328201293945e+00,2.167841434478759766e+00,2.154565811157226562e+00,2.141451835632324219e+00,2.128496408462524414e+00,2.115696907043457031e+00,2.103050470352172852e+00,2.090554237365722656e+00,2.078206062316894531e+00,2.066002368927001953e+00,2.053941488265991211e+00,2.042020320892333984e+00
3.771146059036254883e+00,3.731153011322021484e+00,3.691999912261962891e+00,3.653659582138061523e+00,3.616107225418090820e+00,3.579319238662719727e+00,3.543272018432617188e+00,3.507943630218505859e+00,3.473312854766845703e+00,3.439358949661254883e+00,3.406062602996826172e+00,3.373404979705810547e+00,3.341367721557617188e+00,3.309932708740234375e+00,3.279083967208862305e+00,3.248805046081542969e+00,3.219079971313476562e+00,3.189893960952758789e+00,3.161232233047485352e+00,3.133081436157226562e+00,3.105427503585815430e+00,3.078257322311401367e+00,3.051558494567871094e+00,3.025318622589111328e+00,2.999526262283325195e+00,2.974170207977294922e+00,2.949239015579223633e+00,2.924722194671630859e+00,2.900609970092773438e+00,2.876891851425170898e+00,2.853558778762817383e+00,2.830600738525390625e+00,2.808009386062622070e+00,2.785775661468505859e+00,2.763891458511352539e+00,2.742348194122314453e+00,2.721138238906860352e+00,2.700253725051879883e+00,2.679687500000000000e+00,2.659432411193847656e+00,2.639481067657470703e+00,2.619826793670654297e+00,2.600462913513183594e+00,2.581383228302001953e+00,2.562581539154052734e+00,2.544051885604858398e+00,2.525788068771362305e+00,2.507784843444824219e+00,2.490036487579345703e+00,2.472537279129028320e+00,2.455282449722290039e+00,2.438266754150390625e+00,2.421485424041748047e+00,2.404933214187622070e+00,2.388606071472167969e+00,2.372498989105224609e+00,2.356607675552368164e+00,2.340927839279174805e+00,2.325455427169799805e+00,2.310185909271240234e+00,2.295115709304809570e+00,2.280241012573242188e+00,2.265557527542114258e+00,2.251062393188476562e+00,2.236751317977905273e+00,2.222620964050292969e+00,2.208668231964111328e+00,2.194889545440673828e+00,2.181281805038452148e+00,2.167841434478759766e+00,2.154565811157226562e+00,2.141451835632324219e+00,2.128496646881103516e+00,2.115697145462036133e+00,2.103050708770751953e+00,2.090554475784301758e+00,2.078206300735473633e+00,2.066002607345581055e+00,2.053941726684570312e+00,2.042020559310913086e+00
3.771146774291992188e+00,3.731153964996337891e+00,3.692000389099121094e+00,3.653660058975219727e+00,3.616107702255249023e+00,3.579319477081298828e+00,3.543272256851196289e+00,3.507943868637084961e+00,3.473313570022583008e+00,3.439359664916992188e+00,3.406063318252563477e+00,3.373405456542968750e+00,3.341367959976196289e+00,3.309933185577392578e+00,3.279084444046020508e+00,3.248805284500122070e+00,3.219080209732055664e+00,3.189894199371337891e+00,3.161232948303222656e+00,3.133081912994384766e+00,3.105427742004394531e+00,3.078257560729980469e+00,3.051558732986450195e+00,3.025319099426269531e+00,2.999526500701904297e+00,2.974170446395874023e+00,2.949239253997802734e+00,2.924722909927368164e+00,2.900610446929931641e+00,2.876892328262329102e+00,2.853559017181396484e+00,2.830600976943969727e+00,2.808009624481201172e+00,2.785775899887084961e+00,2.763891696929931641e+00,2.742348432540893555e+00,2.721138715744018555e+00,2.700254201889038086e+00,2.679687976837158203e+00,2.659432649612426758e+00,2.639481306076049805e+00,2.619827032089233398e+00,2.600463151931762695e+00,2.581383466720581055e+00,2.562581777572631836e+00,2.544052124023437500e+00,2.525788545608520508e+00,2.507785081863403320e+00,2.490036487579345703e+00,2.472537517547607422e+00,2.455282688140869141e+00,2.438266992568969727e+00,2.421485662460327148e+00,2.404933452606201172e+00,2.388606309890747070e+00,2.372499227523803711e+00,2.356607913970947266e+00,2.340928077697753906e+00,2.325455427169799805e+00,2.310186147689819336e+00,2.295115947723388672e+00,2.280241012573242188e+00,2.265557765960693359e+00,2.251062631607055664e+00,2.236751556396484375e+00,2.222621440887451172e+00,2.208668470382690430e+00,2.194889783859252930e+00,2.181281805038452148e+00,2.167841672897338867e+00,2.154566049575805664e+00,2.141452074050903320e+00,2.128496885299682617e+00,2.115697383880615234e+00,2.103050947189331055e+00,2.090554714202880859e+00,2.078206300735473633e+00,2.066002845764160156e+00,2.053941726684570312e+00,2.042020559310913086e+00
3.771147251129150391e+00,3.731154441833496094e+00,3.692000627517700195e+00,3.653660535812377930e+00,3.616108179092407227e+00,3.579319953918457031e+00,3.543272972106933594e+00,3.507944583892822266e+00,3.473313808441162109e+00,3.439360141754150391e+00,3.406063556671142578e+00,3.373405694961547852e+00,3.341368198394775391e+00,3.309933423995971680e+00,3.279084682464599609e+00,3.248805999755859375e+00,3.219080924987792969e+00,3.189894914627075195e+00,3.161233186721801758e+00,3.133082151412963867e+00,3.105427980422973633e+00,3.078257799148559570e+00,3.051558971405029297e+00,3.025319337844848633e+00,2.999527215957641602e+00,2.974170923233032227e+00,2.949239730834960938e+00,2.924723148345947266e+00,2.900610685348510742e+00,2.876892566680908203e+00,2.853559255599975586e+00,2.830601215362548828e+00,2.808009862899780273e+00,2.785776376724243164e+00,2.763892173767089844e+00,2.742348909378051758e+00,2.721138954162597656e+00,2.700254440307617188e+00,2.679688215255737305e+00,2.659432888031005859e+00,2.639481544494628906e+00,2.619827032089233398e+00,2.600463628768920898e+00,2.581383943557739258e+00,2.562582254409790039e+00,2.544052362442016602e+00,2.525788545608520508e+00,2.507785320281982422e+00,2.490036725997924805e+00,2.472537755966186523e+00,2.455282926559448242e+00,2.438267230987548828e+00,2.421485900878906250e+00,2.404933691024780273e+00,2.388606548309326172e+00,2.372499465942382812e+00,2.356608152389526367e+00,2.340928316116333008e+00,2.325455665588378906e+00,2.310186147689819336e+00,2.295116186141967773e+00,2.280241489410400391e+00,2.265558004379272461e+00,2.251062870025634766e+00,2.236751794815063477e+00,2.222621440887451172e+00,2.208668708801269531e+00,2.194889783859252930e+00,2.181282043457031250e+00,2.167841672897338867e+00,2.154566287994384766e+00,2.141452312469482422e+00,2.128496885299682617e+00,2.115697383880615234e+00,2.103050947189331055e+00,2.090554714202880859e+00,2.078206539154052734e+00,2.066002845764160156e+00,2.053941965103149414e+00,2.042020797729492188e+00
3.771147727966308594e+00,3.731154680252075195e+00,3.692001104354858398e+00,3.653661251068115234e+00,3.616108894348144531e+00,3.579320669174194336e+00,3.543273448944091797e+00,3.507945060729980469e+00,3.473314285278320312e+00,3.439360380172729492e+00,3.406064033508300781e+00,3.373406171798706055e+00,3.341368913650512695e+00,3.309934139251708984e+00,3.279085397720336914e+00,3.248806238174438477e+00,3.219081163406372070e+00,3.189895153045654297e+00,3.161233425140380859e+00,3.133082628250122070e+00,3.105428218841552734e+00,3.078258514404296875e+00,3.051559448242187500e+00,3.025319814682006836e+00,2.999527454376220703e+00,2.974171161651611328e+00,2.949239969253540039e+00,2.924723386764526367e+00,2.900610923767089844e+00,2.876892805099487305e+00,2.853559732437133789e+00,2.830601692199707031e+00,2.808010339736938477e+00,2.785776615142822266e+00,2.763892412185668945e+00,2.742349147796630859e+00,2.721139192581176758e+00,2.700254678726196289e+00,2.679688453674316406e+00,2.659433126449584961e+00,2.639481782913208008e+00,2.619827508926391602e+00,2.600463628768920898e+00,2.581384181976318359e+00,2.562582492828369141e+00,2.544052600860595703e+00,2.525788784027099609e+00,2.507785558700561523e+00,2.490036964416503906e+00,2.472537994384765625e+00,2.455283164978027344e+00,2.438267469406127930e+00,2.421486139297485352e+00,2.404933929443359375e+00,2.388606786727905273e+00,2.372499704360961914e+00,2.356608390808105469e+00,2.340928316116333008e+00,2.325455904006958008e+00,2.310186624526977539e+00,2.295116424560546875e+00,2.280241489410400391e+00,2.265558242797851562e+00,2.251062870025634766e+00,2.236751794815063477e+00,2.222621679306030273e+00,2.208668708801269531e+00,2.194890022277832031e+00,2.181282281875610352e+00,2.167842149734497070e+00,2.154566526412963867e+00,2.141452550888061523e+00,2.128497123718261719e+00,2.115697622299194336e+00,2.103051185607910156e+00,2.090554952621459961e+00,2.078206777572631836e+00,2.066003084182739258e+00,2.053942203521728516e+00,2.042021036148071289e+00
3.771148443222045898e+00,3.731155633926391602e+00,3.692001819610595703e+00,3.653661489486694336e+00,3.616109371185302734e+00,3.579321146011352539e+00,3.543273687362670898e+00,3.507945299148559570e+00,3.473314523696899414e+00,3.439361095428466797e+00,3.406064510345458984e+00,3.373406648635864258e+00,3.341369390487670898e+00,3.309934377670288086e+00,3.279085636138916016e+00,3.248806476593017578e+00,3.219081401824951172e+00,3.189895391464233398e+00,3.161234140396118164e+00,3.133083105087280273e+00,3.105428934097290039e+00,3.078258752822875977e+00,3.051559686660766602e+00,3.025320053100585938e+00,2.999527692794799805e+00,2.974171400070190430e+00,2.949240207672119141e+00,2.924723863601684570e+00,2.900611400604248047e+00,2.876893281936645508e+00,2.853559970855712891e+00,2.830601930618286133e+00,2.808010578155517578e+00,2.785776853561401367e+00,2.763892650604248047e+00,2.742349386215209961e+00,2.721139430999755859e+00,2.700255155563354492e+00,2.679688930511474609e+00,2.659433364868164062e+00,2.639482021331787109e+00,2.619827747344970703e+00,2.600463867187500000e+00,2.581384420394897461e+00,2.562582492828369141e+00,2.544052839279174805e+00,2.525789260864257812e+00,2.507785797119140625e+00,2.490037202835083008e+00,2.472538232803344727e+00,2.455283403396606445e+00,2.438267707824707031e+00,2.421486377716064453e+00,2.404934167861938477e+00,2.388606786727905273e+00,2.372499942779541016e+00,2.356608629226684570e+00,2.340928792953491211e+00,2.325456142425537109e+00,2.310186624526977539e+00,2.295116662979125977e+00,2.280241966247558594e+00,2.265558481216430664e+00,2.251063108444213867e+00,2.236751794815063477e+00,2.222621679306030273e+00,2.208668708801269531e+00,2.194889783859252930e+00,2.181281805038452148e+00,2.167841672897338867e+00,2.154566049575805664e+00,2.141451835632324219e+00,2.128496646881103516e+00,2.115696907043457031e+00,2.103050470352172852e+00,2.090554237365722656e+00,2.078205585479736328e+00,2.066001892089843750e+00,2.053940773010253906e+00,2.042019605636596680e+00
3.771148920059204102e+00,3.731156110763549805e+00,3.692002296447753906e+00,3.653661966323852539e+00,3.616109609603881836e+00,3.579321384429931641e+00,3.543274641036987305e+00,3.507946014404296875e+00,3.473315238952636719e+00,3.439361333847045898e+00,3.406064987182617188e+00,3.373407125473022461e+00,3.341369628906250000e+00,3.309934616088867188e+00,3.279085874557495117e+00,3.248807191848754883e+00,3.219082117080688477e+00,3.189896106719970703e+00,3.161234378814697266e+00,3.133083343505859375e+00,3.105429172515869141e+00,3.078258991241455078e+00,3.051560163497924805e+00,3.025320291519165039e+00,2.999527931213378906e+00,2.974171876907348633e+00,2.949240684509277344e+00,2.924724102020263672e+00,2.900611639022827148e+00,2.876893520355224609e+00,2.853560209274291992e+00,2.830602169036865234e+00,2.808010816574096680e+00,2.785777091979980469e+00,2.763893127441406250e+00,2.742349863052368164e+00,2.721139669418334961e+00,2.700255393981933594e+00,2.679689168930053711e+00,2.659433603286743164e+00,2.639482021331787109e+00,2.619827747344970703e+00,2.600463628768920898e+00,2.581384181976318359e+00,2.562582254409790039e+00,2.544052362442016602e+00,2.525788545608520508e+00,2.507785081863403320e+00,2.490036487579345703e+00,2.472537279129028320e+00,2.455282449722290039e+00,2.438266515731811523e+00,2.421485185623168945e+00,2.404932975769042969e+00,2.388605594635009766e+00,2.372498512268066406e+00,2.356607198715209961e+00,2.340927124023437500e+00,2.325454473495483398e+00,2.310184955596923828e+00,2.295114755630493164e+00,2.280239820480346680e+00,2.265556573867797852e+00,2.251061201095581055e+00,2.236750125885009766e+00,2.222619771957397461e+00,2.208666801452636719e+00,2.194887876510620117e+00,2.181280136108398438e+00,2.167839765548706055e+00,2.154564142227172852e+00,2.141450166702270508e+00,2.128494739532470703e+00,2.115695238113403320e+00,2.103048801422119141e+00,2.090552568435668945e+00,2.078203916549682617e+00,2.066000223159790039e+00,2.053939342498779297e+00,2.042017936706542969e+00
3.771149396896362305e+00,3.731156349182128906e+00,3.692002773284912109e+00,3.653662443161010742e+00,3.616110563278198242e+00,3.579322099685668945e+00,3.543274879455566406e+00,3.507946491241455078e+00,3.473315715789794922e+00,3.439361810684204102e+00,3.406065225601196289e+00,3.373407363891601562e+00,3.341369867324829102e+00,3.309935331344604492e+00,3.279086589813232422e+00,3.248807430267333984e+00,3.219082117080688477e+00,3.189896106719970703e+00,3.161234140396118164e+00,3.133083105087280273e+00,3.105428695678710938e+00,3.078258514404296875e+00,3.051559209823608398e+00,3.025319576263427734e+00,2.999526977539062500e+00,2.974170684814453125e+00,2.949239253997802734e+00,2.924722671508789062e+00,2.900609970092773438e+00,2.876891851425170898e+00,2.853558540344238281e+00,2.830600261688232422e+00,2.808008909225463867e+00,2.785774946212768555e+00,2.763890743255615234e+00,2.742347240447998047e+00,2.721137285232543945e+00,2.700252771377563477e+00,2.679686546325683594e+00,2.659430980682373047e+00,2.639479637145996094e+00,2.619825124740600586e+00,2.600461244583129883e+00,2.581381559371948242e+00,2.562579870223999023e+00,2.544049978256225586e+00,2.525786161422729492e+00,2.507782697677612305e+00,2.490034103393554688e+00,2.472534894943237305e+00,2.455280065536499023e+00,2.438264369964599609e+00,2.421483039855957031e+00,2.404930591583251953e+00,2.388603448867797852e+00,2.372496366500854492e+00,2.356605052947998047e+00,2.340924978256225586e+00,2.325452566146850586e+00,2.310182809829711914e+00,2.295112848281860352e+00,2.280237913131713867e+00,2.265554666519165039e+00,2.251059293746948242e+00,2.236748218536376953e+00,2.222617864608764648e+00,2.208664894104003906e+00,2.194886207580566406e+00,2.181278228759765625e+00,2.167838096618652344e+00,2.154562473297119141e+00,2.141448497772216797e+00,2.128493070602416992e+00,2.115693569183349609e+00,2.103047132492065430e+00,2.090550899505615234e+00,2.078202247619628906e+00,2.065998792648315430e+00,2.053937673568725586e+00,2.042016506195068359e+00
3.771147727966308594e+00,3.731154680252075195e+00,3.692000627517700195e+00,3.653660535812377930e+00,3.616107702255249023e+00,3.579319477081298828e+00,3.543272018432617188e+00,3.507943630218505859e+00,3.473312377929687500e+00,3.439358711242675781e+00,3.406062126159667969e+00,3.373404026031494141e+00,3.341366529464721680e+00,3.309931516647338867e+00,3.279082775115966797e+00,3.248803377151489258e+00,3.219078302383422852e+00,3.189892053604125977e+00,3.161230564117431641e+00,3.133079290390014648e+00,3.105425119400024414e+00,3.078254699707031250e+00,3.051555871963500977e+00,3.025315999984741211e+00,2.999523639678955078e+00,2.974167346954345703e+00,2.949236154556274414e+00,2.924719333648681641e+00,2.900606870651245117e+00,2.876888513565063477e+00,2.853555440902709961e+00,2.830597162246704102e+00,2.808005809783935547e+00,2.785772085189819336e+00,2.763887882232666016e+00,2.742344379425048828e+00,2.721134424209594727e+00,2.700249910354614258e+00,2.679683685302734375e+00,2.659428119659423828e+00,2.639476776123046875e+00,2.619822740554809570e+00,2.600458621978759766e+00,2.581379175186157227e+00,2.562577247619628906e+00,2.544047594070434570e+00,2.525783777236938477e+00,2.507780551910400391e+00,2.490031719207763672e+00,2.472532749176025391e+00,2.455277919769287109e+00,2.438262224197387695e+00,2.421480655670166016e+00,2.404928684234619141e+00,2.388601303100585938e+00,2.372494220733642578e+00,2.356602907180786133e+00,2.340923070907592773e+00,2.325450420379638672e+00,2.310180902481079102e+00,2.295110702514648438e+00,2.280236005783081055e+00,2.265552520751953125e+00,2.251057386398315430e+00,2.236746311187744141e+00,2.222615957260131836e+00,2.208662986755371094e+00,2.194884300231933594e+00,2.181276559829711914e+00,2.167836427688598633e+00,2.154560565948486328e+00,2.141446828842163086e+00,2.128491401672363281e+00,2.115691900253295898e+00,2.103045463562011719e+00,2.090549230575561523e+00,2.078200817108154297e+00,2.065997123718261719e+00,2.053936004638671875e+00,2.042014837265014648e+00
3.771142482757568359e+00,3.731149435043334961e+00,3.691995859146118164e+00,3.653655290603637695e+00,3.616102933883666992e+00,3.579314470291137695e+00,3.543267488479614258e+00,3.507938861846923828e+00,3.473308086395263672e+00,3.439353942871093750e+00,3.406057834625244141e+00,3.373399734497070312e+00,3.341362237930297852e+00,3.309927225112915039e+00,3.279078722000122070e+00,3.248799324035644531e+00,3.219074249267578125e+00,3.189888238906860352e+00,3.161226749420166016e+00,3.133075475692749023e+00,3.105421304702758789e+00,3.078251361846923828e+00,3.051552295684814453e+00,3.025312662124633789e+00,2.999520063400268555e+00,2.974164009094238281e+00,2.949232816696166992e+00,2.924716234207153320e+00,2.900603771209716797e+00,2.876885652542114258e+00,2.853552103042602539e+00,2.830594301223754883e+00,2.808002948760986328e+00,2.785769224166870117e+00,2.763884782791137695e+00,2.742341756820678711e+00,2.721131563186645508e+00,2.700247287750244141e+00,2.679680824279785156e+00,2.659425735473632812e+00,2.639474153518676758e+00,2.619819879531860352e+00,2.600455999374389648e+00,2.581376552581787109e+00,2.562574863433837891e+00,2.544045209884643555e+00,2.525781154632568359e+00,2.507777929306030273e+00,2.490029335021972656e+00,2.472530364990234375e+00,2.455275535583496094e+00,2.438259840011596680e+00,2.421478509902954102e+00,2.404926300048828125e+00,2.388599157333374023e+00,2.372492074966430664e+00,2.356600999832153320e+00,2.340920925140380859e+00,2.325448513031005859e+00,2.310178995132446289e+00,2.295108795166015625e+00,2.280234098434448242e+00,2.265550851821899414e+00,2.251055479049682617e+00,2.236744403839111328e+00,2.222614049911499023e+00,2.208661317825317383e+00,2.194882392883300781e+00,2.181274890899658203e+00,2.167834520339965820e+00,2.154558897018432617e+00,2.141444921493530273e+00,2.128489732742309570e+00,2.115690231323242188e+00,2.103043794631958008e+00,2.090547561645507812e+00,2.078199148178100586e+00,2.065995454788208008e+00,2.053934574127197266e+00,2.042013406753540039e+00
3.771136999130249023e+00,3.731144428253173828e+00,3.691990613937377930e+00,3.653650522232055664e+00,3.616097927093505859e+00,3.579309940338134766e+00,3.543262481689453125e+00,3.507934331893920898e+00,3.473303318023681641e+00,3.439349889755249023e+00,3.406053304672241211e+00,3.373395681381225586e+00,3.341357946395874023e+00,3.309923171997070312e+00,3.279074430465698242e+00,3.248795509338378906e+00,3.219070196151733398e+00,3.189884424209594727e+00,3.161222696304321289e+00,3.133072137832641602e+00,3.105417728424072266e+00,3.078247785568237305e+00,3.051548719406127930e+00,3.025309085845947266e+00,2.999516725540161133e+00,2.974160671234130859e+00,2.949229240417480469e+00,2.924712896347045898e+00,2.900600433349609375e+00,2.876882314682006836e+00,2.853549003601074219e+00,2.830591201782226562e+00,2.807999849319458008e+00,2.785766124725341797e+00,2.763882160186767578e+00,2.742338895797729492e+00,2.721128940582275391e+00,2.700244426727294922e+00,2.679678440093994141e+00,2.659422874450683594e+00,2.639471769332885742e+00,2.619817256927490234e+00,2.600453615188598633e+00,2.581373929977416992e+00,2.562572479248046875e+00,2.544042587280273438e+00,2.525779008865356445e+00,2.507775545120239258e+00,2.490027189254760742e+00,2.472527980804443359e+00,2.455273389816284180e+00,2.438257455825805664e+00,2.421476364135742188e+00,2.404924154281616211e+00,2.388597011566162109e+00,2.372489929199218750e+00,2.356598854064941406e+00,2.340918779373168945e+00,2.325446367263793945e+00,2.310176849365234375e+00,2.295106887817382812e+00,2.280231952667236328e+00,2.265548706054687500e+00,2.251053571701049805e+00,2.236742496490478516e+00,2.222612380981445312e+00,2.208659410476684570e+00,2.194880723953247070e+00,2.181272983551025391e+00,2.167832851409912109e+00,2.154557228088378906e+00,2.141443252563476562e+00,2.128488063812255859e+00,2.115688562393188477e+00,2.103042125701904297e+00,2.090545892715454102e+00,2.078197479248046875e+00,2.065993785858154297e+00,2.053932905197143555e+00,2.042011737823486328e+00
3.771131515502929688e+00,3.731138944625854492e+00,3.691985130310058594e+00,3.653645277023315430e+00,3.616092920303344727e+00,3.579304933547973633e+00,3.543257713317871094e+00,3.507929563522338867e+00,3.473298788070678711e+00,3.439345121383666992e+00,3.406048774719238281e+00,3.373391151428222656e+00,3.341353654861450195e+00,3.309919118881225586e+00,3.279070615768432617e+00,3.248791456222534180e+00,3.219066619873046875e+00,3.189880609512329102e+00,3.161219120025634766e+00,3.133068323135375977e+00,3.105414152145385742e+00,3.078243970870971680e+00,3.051545381546020508e+00,3.025305509567260742e+00,2.999513387680053711e+00,2.974157333374023438e+00,2.949226140975952148e+00,2.924709558486938477e+00,2.900597333908081055e+00,2.876879215240478516e+00,2.853546142578125000e+00,2.830588102340698242e+00,2.807996988296508789e+00,2.785763263702392578e+00,2.763879060745239258e+00,2.742335796356201172e+00,2.721126079559326172e+00,2.700241565704345703e+00,2.679675579071044922e+00,2.659420251846313477e+00,2.639468908309936523e+00,2.619814634323120117e+00,2.600450992584228516e+00,2.581371545791625977e+00,2.562569856643676758e+00,2.544040203094482422e+00,2.525776386260986328e+00,2.507773399353027344e+00,2.490024805068969727e+00,2.472525835037231445e+00,2.455271005630493164e+00,2.438255548477172852e+00,2.421473979949951172e+00,2.404922008514404297e+00,2.388594865798950195e+00,2.372487783432006836e+00,2.356596469879150391e+00,2.340916872024536133e+00,2.325444221496582031e+00,2.310174942016601562e+00,2.295104742050170898e+00,2.280230045318603516e+00,2.265546798706054688e+00,2.251051664352416992e+00,2.236740589141845703e+00,2.222610473632812500e+00,2.208657503128051758e+00,2.194878816604614258e+00,2.181271076202392578e+00,2.167830944061279297e+00,2.154555320739746094e+00,2.141441583633422852e+00,2.128486156463623047e+00,2.115686893463134766e+00,2.103040218353271484e+00,2.090544223785400391e+00,2.078195571899414062e+00,2.065992116928100586e+00,2.053931236267089844e+00,2.042010307312011719e+00
3.771126508712768555e+00,3.731133699417114258e+00,3.691980361938476562e+00,3.653640031814575195e+00,3.616088151931762695e+00,3.579299926757812500e+00,3.543253183364868164e+00,3.507924795150756836e+00,3.473294496536254883e+00,3.439340591430664062e+00,3.406044483184814453e+00,3.373386621475219727e+00,3.341349601745605469e+00,3.309914827346801758e+00,3.279066324234008789e+00,3.248787403106689453e+00,3.219062566757202148e+00,3.189876556396484375e+00,3.161215305328369141e+00,3.133064508438110352e+00,3.105410575866699219e+00,3.078240394592285156e+00,3.051541805267333984e+00,3.025302171707153320e+00,2.999510049819946289e+00,2.974153995513916016e+00,2.949222803115844727e+00,2.924706459045410156e+00,2.900594234466552734e+00,2.876876354217529297e+00,2.853543043136596680e+00,2.830585241317749023e+00,2.807993888854980469e+00,2.785760402679443359e+00,2.763876199722290039e+00,2.742333173751831055e+00,2.721123218536376953e+00,2.700238943099975586e+00,2.679672718048095703e+00,2.659417629241943359e+00,2.639466285705566406e+00,2.619812250137329102e+00,2.600448369979858398e+00,2.581369161605834961e+00,2.562567234039306641e+00,2.544037818908691406e+00,2.525774002075195312e+00,2.507771015167236328e+00,2.490022420883178711e+00,2.472523450851440430e+00,2.455268621444702148e+00,2.438253164291381836e+00,2.421471834182739258e+00,2.404919862747192383e+00,2.388592481613159180e+00,2.372485637664794922e+00,2.356594324111938477e+00,2.340914726257324219e+00,2.325442314147949219e+00,2.310172796249389648e+00,2.295102834701538086e+00,2.280228137969970703e+00,2.265544891357421875e+00,2.251049757003784180e+00,2.236738681793212891e+00,2.222608566284179688e+00,2.208655834197998047e+00,2.194877147674560547e+00,2.181269407272338867e+00,2.167829275131225586e+00,2.154553651809692383e+00,2.141439676284790039e+00,2.128484487533569336e+00,2.115684986114501953e+00,2.103038787841796875e+00,2.090542554855346680e+00,2.078194141387939453e+00,2.065990447998046875e+00,2.053929805755615234e+00,2.042008638381958008e+00
3.771121025085449219e+00,3.731128215789794922e+00,3.691975116729736328e+00,3.653635025024414062e+00,3.616083145141601562e+00,3.579295396804809570e+00,3.543248414993286133e+00,3.507920503616333008e+00,3.473289728164672852e+00,3.439336299896240234e+00,3.406040191650390625e+00,3.373382568359375000e+00,3.341345310211181641e+00,3.309910774230957031e+00,3.279062271118164062e+00,3.248783588409423828e+00,3.219058513641357422e+00,3.189872980117797852e+00,3.161211490631103516e+00,3.133060932159423828e+00,3.105406761169433594e+00,3.078237056732177734e+00,3.051538228988647461e+00,3.025298833847045898e+00,2.999506473541259766e+00,2.974150657653808594e+00,2.949219465255737305e+00,2.924703121185302734e+00,2.900590896606445312e+00,2.876873016357421875e+00,2.853539943695068359e+00,2.830582141876220703e+00,2.807990789413452148e+00,2.785757541656494141e+00,2.763873100280761719e+00,2.742330312728881836e+00,2.721120357513427734e+00,2.700236320495605469e+00,2.679670333862304688e+00,2.659415006637573242e+00,2.639463901519775391e+00,2.619809627532958984e+00,2.600445985794067383e+00,2.581366539001464844e+00,2.562564849853515625e+00,2.544035196304321289e+00,2.525771856307983398e+00,2.507768392562866211e+00,2.490020036697387695e+00,2.472521066665649414e+00,2.455266475677490234e+00,2.438250780105590820e+00,2.421469688415527344e+00,2.404917716979980469e+00,2.388590574264526367e+00,2.372483491897583008e+00,2.356592416763305664e+00,2.340912580490112305e+00,2.325440168380737305e+00,2.310170888900756836e+00,2.295100927352905273e+00,2.280225992202758789e+00,2.265542984008789062e+00,2.251047611236572266e+00,2.236736774444580078e+00,2.222606658935546875e+00,2.208653926849365234e+00,2.194875240325927734e+00,2.181267499923706055e+00,2.167827606201171875e+00,2.154551982879638672e+00,2.141438007354736328e+00,2.128482818603515625e+00,2.115683555603027344e+00,2.103037118911743164e+00,2.090540885925292969e+00,2.078192472457885742e+00,2.065989017486572266e+00,2.053928136825561523e+00,2.042007207870483398e+00
3.771115541458129883e+00,3.731123208999633789e+00,3.691969871520996094e+00,3.653630256652832031e+00,3.616078138351440430e+00,3.579290390014648438e+00,3.543243408203125000e+00,3.507915735244750977e+00,3.473285198211669922e+00,3.439331769943237305e+00,3.406035661697387695e+00,3.373378276824951172e+00,3.341341018676757812e+00,3.309906721115112305e+00,3.279058218002319336e+00,3.248779535293579102e+00,3.219054460525512695e+00,3.189869165420532227e+00,3.161207914352416992e+00,3.133057117462158203e+00,3.105403423309326172e+00,3.078233242034912109e+00,3.051534891128540039e+00,3.025295257568359375e+00,2.999503374099731445e+00,2.974147319793701172e+00,2.949216365814208984e+00,2.924699783325195312e+00,2.900587797164916992e+00,2.876869916915893555e+00,2.853536844253540039e+00,2.830579042434692383e+00,2.807987928390502930e+00,2.785754442214965820e+00,2.763870477676391602e+00,2.742327451705932617e+00,2.721117734909057617e+00,2.700233459472656250e+00,2.679667472839355469e+00,2.659412145614624023e+00,2.639461040496826172e+00,2.619807004928588867e+00,2.600443363189697266e+00,2.581363916397094727e+00,2.562562465667724609e+00,2.544032812118530273e+00,2.525769233703613281e+00,2.507766008377075195e+00,2.490017652511596680e+00,2.472518920898437500e+00,2.455264091491699219e+00,2.438248634338378906e+00,2.421467304229736328e+00,2.404915571212768555e+00,2.388588428497314453e+00,2.372481584548950195e+00,2.356590270996093750e+00,2.340910673141479492e+00,2.325438022613525391e+00,2.310168981552124023e+00,2.295098781585693359e+00,2.280224323272705078e+00,2.265540838241577148e+00,2.251045942306518555e+00,2.236734867095947266e+00,2.222604751586914062e+00,2.208652019500732422e+00,2.194873571395874023e+00,2.181265592575073242e+00,2.167825698852539062e+00,2.154550075531005859e+00,2.141436338424682617e+00,2.128481149673461914e+00,2.115681648254394531e+00,2.103035211563110352e+00,2.090539216995239258e+00,2.078190803527832031e+00,2.065987348556518555e+00,2.053926467895507812e+00,2.042005538940429688e+00
3.771110296249389648e+00,3.731117963790893555e+00,3.691964864730834961e+00,3.653625011444091797e+00,3.616073369979858398e+00,3.579285621643066406e+00,3.543239116668701172e+00,3.507910966873168945e+00,3.473280668258666992e+00,3.439327239990234375e+00,3.406031370162963867e+00,3.373373746871948242e+00,3.341336965560913086e+00,3.309902429580688477e+00,3.279054164886474609e+00,3.248775482177734375e+00,3.219050884246826172e+00,3.189865112304687500e+00,3.161204099655151367e+00,3.133053302764892578e+00,3.105399608612060547e+00,3.078229665756225586e+00,3.051531314849853516e+00,3.025291681289672852e+00,2.999499797821044922e+00,2.974143743515014648e+00,2.949213027954101562e+00,2.924696445465087891e+00,2.900584697723388672e+00,2.876866817474365234e+00,2.853533744812011719e+00,2.830576181411743164e+00,2.807985067367553711e+00,2.785751581192016602e+00,2.763867616653442383e+00,2.742324590682983398e+00,2.721114873886108398e+00,2.700230836868286133e+00,2.679664611816406250e+00,2.659409523010253906e+00,2.639458417892456055e+00,2.619804382324218750e+00,2.600440740585327148e+00,2.581361532211303711e+00,2.562559843063354492e+00,2.544030427932739258e+00,2.525766849517822266e+00,2.507763862609863281e+00,2.490015268325805664e+00,2.472516536712646484e+00,2.455261707305908203e+00,2.438246488571166992e+00,2.421465158462524414e+00,2.404913187026977539e+00,2.388586044311523438e+00,2.372479200363159180e+00,2.356588125228881836e+00,2.340908527374267578e+00,2.325436115264892578e+00,2.310166835784912109e+00,2.295096874237060547e+00,2.280222177505493164e+00,2.265539169311523438e+00,2.251044034957885742e+00,2.236733198165893555e+00,2.222602844238281250e+00,2.208650350570678711e+00,2.194871664047241211e+00,2.181263923645019531e+00,2.167823791503906250e+00,2.154548406600952148e+00,2.141434669494628906e+00,2.128479480743408203e+00,2.115679979324340820e+00,2.103033781051635742e+00,2.090537548065185547e+00,2.078189134597778320e+00,2.065985679626464844e+00,2.053925037384033203e+00,2.042003870010375977e+00
3.771104812622070312e+00,3.731112480163574219e+00,3.691959619522094727e+00,3.653619766235351562e+00,3.616068363189697266e+00,3.579280614852905273e+00,3.543234109878540039e+00,3.507906198501586914e+00,3.473276138305664062e+00,3.439322948455810547e+00,3.406026840209960938e+00,3.373369693756103516e+00,3.341332674026489258e+00,3.309898376464843750e+00,3.279050111770629883e+00,3.248771667480468750e+00,3.219046831130981445e+00,3.189861536026000977e+00,3.161200284957885742e+00,3.133049726486206055e+00,3.105395793914794922e+00,3.078226327896118164e+00,3.051527500152587891e+00,3.025288343429565430e+00,2.999496221542358398e+00,2.974140644073486328e+00,2.949209690093994141e+00,2.924693584442138672e+00,2.900581359863281250e+00,2.876863718032836914e+00,2.853530645370483398e+00,2.830573081970214844e+00,2.807981967926025391e+00,2.785748720169067383e+00,2.763864517211914062e+00,2.742321729660034180e+00,2.721112012863159180e+00,2.700227975845336914e+00,2.679661989212036133e+00,2.659406900405883789e+00,2.639455795288085938e+00,2.619801759719848633e+00,2.600438356399536133e+00,2.581358909606933594e+00,2.562557458877563477e+00,2.544028043746948242e+00,2.525764465332031250e+00,2.507761240005493164e+00,2.490013122558593750e+00,2.472514152526855469e+00,2.455259561538696289e+00,2.438244104385375977e+00,2.421463012695312500e+00,2.404911041259765625e+00,2.388584136962890625e+00,2.372477054595947266e+00,2.356586217880249023e+00,2.340906381607055664e+00,2.325434207916259766e+00,2.310164690017700195e+00,2.295094966888427734e+00,2.280220270156860352e+00,2.265537023544311523e+00,2.251041889190673828e+00,2.236731052398681641e+00,2.222600936889648438e+00,2.208648443222045898e+00,2.194869756698608398e+00,2.181262254714965820e+00,2.167822122573852539e+00,2.154546737670898438e+00,2.141432762145996094e+00,2.128477811813354492e+00,2.115678310394287109e+00,2.103032112121582031e+00,2.090536117553710938e+00,2.078187465667724609e+00,2.065984249114990234e+00,2.053923368453979492e+00,2.042002439498901367e+00
3.771099328994750977e+00,3.731107473373413086e+00,3.691954374313354492e+00,3.653614997863769531e+00,3.616063356399536133e+00,3.579276084899902344e+00,3.543229341506958008e+00,3.507901668548583984e+00,3.473271369934082031e+00,3.439318418502807617e+00,3.406022548675537109e+00,3.373365402221679688e+00,3.341328382492065430e+00,3.309894323348999023e+00,3.279045820236206055e+00,3.248767614364624023e+00,3.219042778015136719e+00,3.189857482910156250e+00,3.161196231842041016e+00,3.133045911788940430e+00,3.105392456054687500e+00,3.078222513198852539e+00,3.051524162292480469e+00,3.025285005569458008e+00,2.999493122100830078e+00,2.974137306213378906e+00,2.949206590652465820e+00,2.924690246582031250e+00,2.900578260421752930e+00,2.876860380172729492e+00,2.853527784347534180e+00,2.830569982528686523e+00,2.807979106903076172e+00,2.785745620727539062e+00,2.763861894607543945e+00,2.742318868637084961e+00,2.721109390258789062e+00,2.700225114822387695e+00,2.679659366607666016e+00,2.659404039382934570e+00,2.639453172683715820e+00,2.619799137115478516e+00,2.600435733795166016e+00,2.581356287002563477e+00,2.562555074691772461e+00,2.544025421142578125e+00,2.525762081146240234e+00,2.507758855819702148e+00,2.490010738372802734e+00,2.472511768341064453e+00,2.455257415771484375e+00,2.438241720199584961e+00,2.421460866928100586e+00,2.404908895492553711e+00,2.388581752777099609e+00,2.372475147247314453e+00,2.356584072113037109e+00,2.340904474258422852e+00,2.325432062149047852e+00,2.310162782669067383e+00,2.295092821121215820e+00,2.280218362808227539e+00,2.265535116195678711e+00,2.251040220260620117e+00,2.236729145050048828e+00,2.222599267959594727e+00,2.208646535873413086e+00,2.194868087768554688e+00,2.181260347366333008e+00,2.167820453643798828e+00,2.154544830322265625e+00,2.141431093215942383e+00,2.128475904464721680e+00,2.115676641464233398e+00,2.103030204772949219e+00,2.090534448623657227e+00,2.078185796737670898e+00,2.065982580184936523e+00,2.053921699523925781e+00,2.042000770568847656e+00
3.771094322204589844e+00,3.731101989746093750e+00,3.691949605941772461e+00,3.653609991073608398e+00,3.616058588027954102e+00,3.579271078109741211e+00,3.543224811553955078e+00,3.507896900177001953e+00,3.473267078399658203e+00,3.439313888549804688e+00,3.406018257141113281e+00,3.373360872268676758e+00,3.341324329376220703e+00,3.309890031814575195e+00,3.279042005538940430e+00,3.248763322830200195e+00,3.219039201736450195e+00,3.189853668212890625e+00,3.161192655563354492e+00,3.133042097091674805e+00,3.105388641357421875e+00,3.078218936920166016e+00,3.051520586013793945e+00,3.025281429290771484e+00,2.999489545822143555e+00,2.974133729934692383e+00,2.949203252792358398e+00,2.924686908721923828e+00,2.900575160980224609e+00,2.876857280731201172e+00,2.853524446487426758e+00,2.830566883087158203e+00,2.807976007461547852e+00,2.785742759704589844e+00,2.763858795166015625e+00,2.742316246032714844e+00,2.721106529235839844e+00,2.700222492218017578e+00,2.679656505584716797e+00,2.659401655197143555e+00,2.639450550079345703e+00,2.619796752929687500e+00,2.600433111190795898e+00,2.581353902816772461e+00,2.562552452087402344e+00,2.544023036956787109e+00,2.525759458541870117e+00,2.507756710052490234e+00,2.490008354187011719e+00,2.472509622573852539e+00,2.455255031585693359e+00,2.438239574432373047e+00,2.421458482742309570e+00,2.404906749725341797e+00,2.388579607009887695e+00,2.372473001480102539e+00,2.356581926345825195e+00,2.340902328491210938e+00,2.325429916381835938e+00,2.310160875320434570e+00,2.295090913772583008e+00,2.280216217041015625e+00,2.265533208847045898e+00,2.251038312911987305e+00,2.236727476119995117e+00,2.222597360610961914e+00,2.208644866943359375e+00,2.194866180419921875e+00,2.181258678436279297e+00,2.167818546295166016e+00,2.154543161392211914e+00,2.141429424285888672e+00,2.128474235534667969e+00,2.115674972534179688e+00,2.103028774261474609e+00,2.090532779693603516e+00,2.078184366226196289e+00,2.065980911254882812e+00,2.053920269012451172e+00,2.041999340057373047e+00
3.771088838577270508e+00,3.731096744537353516e+00,3.691944122314453125e+00,3.653604745864868164e+00,3.616053581237792969e+00,3.579266071319580078e+00,3.543220043182373047e+00,3.507892131805419922e+00,3.473262548446655273e+00,3.439309358596801758e+00,3.406013727188110352e+00,3.373356580734252930e+00,3.341320037841796875e+00,3.309885978698730469e+00,3.279037952423095703e+00,3.248759746551513672e+00,3.219035148620605469e+00,3.189849853515625000e+00,3.161188840866088867e+00,3.133038759231567383e+00,3.105384826660156250e+00,3.078215599060058594e+00,3.051517009735107422e+00,3.025278091430664062e+00,2.999486207962036133e+00,2.974130630493164062e+00,2.949199676513671875e+00,2.924683809280395508e+00,2.900571823120117188e+00,2.876854419708251953e+00,2.853521347045898438e+00,2.830564022064208984e+00,2.807972908020019531e+00,2.785739898681640625e+00,2.763855934143066406e+00,2.742313146591186523e+00,2.721103668212890625e+00,2.700219631195068359e+00,2.679653644561767578e+00,2.659398794174194336e+00,2.639447927474975586e+00,2.619793891906738281e+00,2.600430488586425781e+00,2.581351280212402344e+00,2.562550067901611328e+00,2.544020652770996094e+00,2.525757312774658203e+00,2.507754325866699219e+00,2.490005970001220703e+00,2.472507238388061523e+00,2.455252885818481445e+00,2.438237428665161133e+00,2.421456336975097656e+00,2.404904603958129883e+00,2.388577699661254883e+00,2.372470855712890625e+00,2.356579780578613281e+00,2.340900182723999023e+00,2.325428247451782227e+00,2.310158967971801758e+00,2.295089244842529297e+00,2.280214548110961914e+00,2.265531539916992188e+00,2.251036405563354492e+00,2.236725807189941406e+00,2.222595691680908203e+00,2.208643198013305664e+00,2.194864511489868164e+00,2.181257009506225586e+00,2.167816877365112305e+00,2.154541730880737305e+00,2.141427755355834961e+00,2.128472805023193359e+00,2.115673303604125977e+00,2.103027343750000000e+00,2.090531110763549805e+00,2.078182935714721680e+00,2.065979719161987305e+00,2.053918838500976562e+00,2.041997909545898438e+00
3.771083116531372070e+00,3.731091737747192383e+00,3.691938877105712891e+00,3.653599977493286133e+00,3.616048574447631836e+00,3.579261541366577148e+00,3.543215036392211914e+00,3.507887840270996094e+00,3.473257780075073242e+00,3.439305067062377930e+00,3.406009435653686523e+00,3.373352527618408203e+00,3.341315746307373047e+00,3.309881925582885742e+00,3.279033660888671875e+00,3.248755455017089844e+00,3.219031095504760742e+00,3.189846038818359375e+00,3.161185026168823242e+00,3.133034944534301758e+00,3.105381250381469727e+00,3.078211784362792969e+00,3.051513433456420898e+00,3.025274515151977539e+00,2.999482870101928711e+00,2.974127054214477539e+00,2.949196577072143555e+00,2.924680471420288086e+00,2.900568723678588867e+00,2.876851081848144531e+00,2.853518486022949219e+00,2.830560922622680664e+00,2.807970285415649414e+00,2.785736799240112305e+00,2.763853073120117188e+00,2.742310285568237305e+00,2.721101045608520508e+00,2.700217008590698242e+00,2.679651498794555664e+00,2.659396409988403320e+00,2.639445543289184570e+00,2.619791507720947266e+00,2.600428342819213867e+00,2.581349134445190430e+00,2.562547683715820312e+00,2.544018268585205078e+00,2.525755167007446289e+00,2.507751941680908203e+00,2.490003824234008789e+00,2.472505092620849609e+00,2.455250740051269531e+00,2.438235282897949219e+00,2.421454429626464844e+00,2.404902458190917969e+00,2.388575553894042969e+00,2.372468709945678711e+00,2.356577873229980469e+00,2.340898513793945312e+00,2.325426101684570312e+00,2.310157060623168945e+00,2.295087099075317383e+00,2.280212640762329102e+00,2.265529632568359375e+00,2.251034736633300781e+00,2.236723899841308594e+00,2.222593784332275391e+00,2.208641290664672852e+00,2.194862842559814453e+00,2.181255102157592773e+00,2.167815208435058594e+00,2.154539823532104492e+00,2.141426086425781250e+00,2.128471136093139648e+00,2.115671873092651367e+00,2.103025436401367188e+00,2.090529680252075195e+00,2.078181266784667969e+00,2.065978050231933594e+00,2.053917169570922852e+00,2.041996240615844727e+00
3.771077632904052734e+00,3.731086254119873047e+00,3.691933631896972656e+00,3.653594732284545898e+00,3.616043806076049805e+00,3.579256534576416016e+00,3.543210506439208984e+00,3.507883071899414062e+00,3.473253488540649414e+00,3.439300537109375000e+00,3.406005144119262695e+00,3.373347997665405273e+00,3.341311693191528320e+00,3.309877634048461914e+00,3.279029846191406250e+00,3.248751401901245117e+00,3.219027280807495117e+00,3.189842224121093750e+00,3.161181688308715820e+00,3.133031368255615234e+00,3.105377912521362305e+00,3.078208446502685547e+00,3.051510334014892578e+00,3.025271177291870117e+00,2.999479770660400391e+00,2.974123954772949219e+00,2.949193477630615234e+00,2.924677371978759766e+00,2.900565862655639648e+00,2.876848220825195312e+00,2.853515625000000000e+00,2.830558061599731445e+00,2.807967424392700195e+00,2.785734176635742188e+00,2.763850450515747070e+00,2.742307662963867188e+00,2.721098423004150391e+00,2.700214624404907227e+00,2.679648637771606445e+00,2.659393787384033203e+00,2.639442920684814453e+00,2.619789123535156250e+00,2.600425720214843750e+00,2.581346750259399414e+00,2.562545299530029297e+00,2.544016122817993164e+00,2.525752544403076172e+00,2.507749795913696289e+00,2.490001440048217773e+00,2.472502946853637695e+00,2.455248355865478516e+00,2.438233137130737305e+00,2.421452045440673828e+00,2.404900550842285156e+00,2.388573408126831055e+00,2.372466802597045898e+00,2.356575727462768555e+00,2.340896368026733398e+00,2.325423955917358398e+00,2.310154914855957031e+00,2.295085191726684570e+00,2.280210733413696289e+00,2.265527486801147461e+00,2.251032590866088867e+00,2.236721754074096680e+00,2.222591876983642578e+00,2.208639383316040039e+00,2.194860935211181641e+00,2.181253433227539062e+00,2.167813539505004883e+00,2.154538154602050781e+00,2.141424417495727539e+00,2.128469467163085938e+00,2.115669965744018555e+00,2.103024005889892578e+00,2.090528011322021484e+00,2.078179597854614258e+00,2.065976381301879883e+00,2.053915500640869141e+00,2.041994571685791016e+00
3.771072864532470703e+00,3.731081247329711914e+00,3.691929101943969727e+00,3.653589725494384766e+00,3.616039037704467773e+00,3.579251766204833984e+00,3.543205976486206055e+00,3.507878541946411133e+00,3.473248958587646484e+00,3.439296007156372070e+00,3.406000852584838867e+00,3.373343944549560547e+00,3.341307640075683594e+00,3.309873580932617188e+00,3.279026031494140625e+00,3.248747587203979492e+00,3.219023704528808594e+00,3.189838647842407227e+00,3.161177873611450195e+00,3.133027791976928711e+00,3.105374336242675781e+00,3.078205108642578125e+00,3.051506757736206055e+00,3.025267839431762695e+00,2.999476194381713867e+00,2.974120855331420898e+00,2.949190139770507812e+00,2.924674272537231445e+00,2.900562524795532227e+00,2.876845121383666992e+00,2.853512525558471680e+00,2.830555200576782227e+00,2.807964324951171875e+00,2.785731315612792969e+00,2.763847589492797852e+00,2.742305040359497070e+00,2.721095561981201172e+00,2.700211763381958008e+00,2.679645776748657227e+00,2.659391164779663086e+00,2.639440059661865234e+00,2.619786500930786133e+00,2.600423097610473633e+00,2.581344127655029297e+00,2.562542676925659180e+00,2.544013500213623047e+00,2.525750160217285156e+00,2.507747411727905273e+00,2.489999294281005859e+00,2.472500562667846680e+00,2.455246210098266602e+00,2.438230752944946289e+00,2.421449899673461914e+00,2.404898166656494141e+00,2.388571500778198242e+00,2.372464656829833984e+00,2.356573820114135742e+00,2.340894222259521484e+00,2.325422048568725586e+00,2.310153007507324219e+00,2.295083284378051758e+00,2.280208587646484375e+00,2.265525817871093750e+00,2.251030683517456055e+00,2.236720085144042969e+00,2.222589969635009766e+00,2.208637475967407227e+00,2.194859027862548828e+00,2.181251525878906250e+00,2.167811632156372070e+00,2.154536485671997070e+00,2.141422748565673828e+00,2.128467559814453125e+00,2.115668296813964844e+00,2.103022336959838867e+00,2.090526342391967773e+00,2.078177928924560547e+00,2.065974712371826172e+00,2.053914070129394531e+00,2.041993141174316406e+00
3.771067380905151367e+00,3.731076240539550781e+00,3.691923856735229492e+00,3.653584957122802734e+00,3.616034030914306641e+00,3.579247236251831055e+00,3.543201208114624023e+00,3.507874011993408203e+00,3.473244428634643555e+00,3.439291954040527344e+00,3.405996322631835938e+00,3.373339891433715820e+00,3.341303348541259766e+00,3.309869527816772461e+00,3.279021739959716797e+00,3.248743772506713867e+00,3.219019651412963867e+00,3.189834833145141602e+00,3.161173820495605469e+00,3.133023977279663086e+00,3.105370521545410156e+00,3.078201293945312500e+00,3.051503181457519531e+00,3.025264501571655273e+00,2.999472618103027344e+00,2.974117279052734375e+00,2.949186801910400391e+00,2.924670934677124023e+00,2.900559425354003906e+00,2.876842021942138672e+00,2.853509426116943359e+00,2.830552101135253906e+00,2.807961463928222656e+00,2.785728216171264648e+00,2.763844728469848633e+00,2.742301940917968750e+00,2.721092700958251953e+00,2.700208902359008789e+00,2.679643392562866211e+00,2.659388303756713867e+00,2.639437675476074219e+00,2.619783878326416016e+00,2.600420713424682617e+00,2.581341505050659180e+00,2.562540292739868164e+00,2.544011116027832031e+00,2.525747776031494141e+00,2.507745027542114258e+00,2.489996910095214844e+00,2.472498178482055664e+00,2.455243825912475586e+00,2.438228607177734375e+00,2.421447753906250000e+00,2.404896020889282227e+00,2.388569116592407227e+00,2.372462511062622070e+00,2.356571674346923828e+00,2.340892076492309570e+00,2.325419902801513672e+00,2.310150861740112305e+00,2.295081138610839844e+00,2.280206680297851562e+00,2.265523672103881836e+00,2.251029014587402344e+00,2.236718177795410156e+00,2.222588300704956055e+00,2.208635807037353516e+00,2.194857358932495117e+00,2.181249856948852539e+00,2.167809963226318359e+00,2.154534578323364258e+00,2.141421079635620117e+00,2.128465890884399414e+00,2.115666627883911133e+00,2.103020429611206055e+00,2.090524673461914062e+00,2.078176259994506836e+00,2.065973043441772461e+00,2.053912401199340820e+00,2.041991472244262695e+00
3.771061897277832031e+00,3.731070756912231445e+00,3.691918373107910156e+00,3.653579950332641602e+00,3.616028785705566406e+00,3.579242229461669922e+00,3.543196201324462891e+00,3.507869243621826172e+00,3.473240137100219727e+00,3.439287185668945312e+00,3.405992269515991211e+00,3.373335361480712891e+00,3.341299295425415039e+00,3.309865474700927734e+00,3.279017925262451172e+00,3.248739719390869141e+00,3.219015836715698242e+00,3.189830780029296875e+00,3.161170244216918945e+00,3.133020162582397461e+00,3.105366945266723633e+00,3.078197717666625977e+00,3.051499843597412109e+00,3.025260925292968750e+00,2.999469518661499023e+00,2.974113941192626953e+00,2.949183702468872070e+00,2.924667835235595703e+00,2.900556325912475586e+00,2.876838684082031250e+00,2.853506326675415039e+00,2.830549001693725586e+00,2.807958364486694336e+00,2.785725355148315430e+00,2.763841867446899414e+00,2.742299079895019531e+00,2.721089839935302734e+00,2.700206041336059570e+00,2.679640531539916992e+00,2.659385681152343750e+00,2.639435052871704102e+00,2.619781255722045898e+00,2.600418090820312500e+00,2.581339120864868164e+00,2.562537908554077148e+00,2.544008731842041016e+00,2.525745391845703125e+00,2.507742643356323242e+00,2.489994525909423828e+00,2.472496032714843750e+00,2.455241680145263672e+00,2.438226461410522461e+00,2.421445369720458984e+00,2.404893875122070312e+00,2.388566970825195312e+00,2.372460365295410156e+00,2.356569528579711914e+00,2.340890169143676758e+00,2.325417995452880859e+00,2.310148954391479492e+00,2.295079231262207031e+00,2.280204772949218750e+00,2.265521764755249023e+00,2.251026868820190430e+00,2.236716270446777344e+00,2.222586393356323242e+00,2.208633899688720703e+00,2.194855451583862305e+00,2.181247949600219727e+00,2.167808055877685547e+00,2.154532670974731445e+00,2.141419172286987305e+00,2.128464221954345703e+00,2.115664958953857422e+00,2.103018999099731445e+00,2.090523004531860352e+00,2.078174829483032227e+00,2.065971374511718750e+00,2.053910732269287109e+00,2.041990041732788086e+00
3.771056652069091797e+00,3.731065511703491211e+00,3.691913604736328125e+00,3.653574705123901367e+00,3.616024255752563477e+00,3.579237222671508789e+00,3.543191671371459961e+00,3.507864475250244141e+00,3.473235368728637695e+00,3.439282655715942383e+00,3.405987739562988281e+00,3.373331069946289062e+00,3.341295003890991211e+00,3.309861183166503906e+00,3.279013872146606445e+00,3.248735666275024414e+00,3.219011783599853516e+00,3.189826965332031250e+00,3.161166429519653320e+00,3.133016347885131836e+00,3.105363368988037109e+00,3.078194379806518555e+00,3.051496267318725586e+00,3.025257587432861328e+00,2.999465942382812500e+00,2.974110841751098633e+00,2.949180364608764648e+00,2.924664735794067383e+00,2.900552988052368164e+00,2.876835823059082031e+00,2.853503227233886719e+00,2.830546140670776367e+00,2.807955503463745117e+00,2.785722494125366211e+00,2.763838768005371094e+00,2.742296457290649414e+00,2.721086978912353516e+00,2.700203418731689453e+00,2.679637670516967773e+00,2.659383058547973633e+00,2.639432191848754883e+00,2.619778633117675781e+00,2.600415468215942383e+00,2.581336498260498047e+00,2.562535285949707031e+00,2.544006109237670898e+00,2.525743007659912109e+00,2.507740259170532227e+00,2.489992141723632812e+00,2.472493648529052734e+00,2.455239295959472656e+00,2.438224077224731445e+00,2.421443462371826172e+00,2.404891729354858398e+00,2.388564825057983398e+00,2.372458219528198242e+00,2.356567621231079102e+00,2.340888023376464844e+00,2.325415849685668945e+00,2.310146808624267578e+00,2.295077323913574219e+00,2.280202865600585938e+00,2.265519857406616211e+00,2.251025199890136719e+00,2.236714601516723633e+00,2.222584962844848633e+00,2.208632469177246094e+00,2.194854259490966797e+00,2.181246757507324219e+00,2.167807102203369141e+00,2.154531955718994141e+00,2.141418457031250000e+00,2.128463506698608398e+00,2.115664243698120117e+00,2.103018283843994141e+00,2.090522527694702148e+00,2.078174352645874023e+00,2.065971136093139648e+00,2.053910493850708008e+00,2.041989803314208984e+00
3.771051168441772461e+00,3.731060504913330078e+00,3.691908359527587891e+00,3.653569936752319336e+00,3.616019010543823242e+00,3.579232692718505859e+00,3.543186902999877930e+00,3.507860183715820312e+00,3.473230600357055664e+00,3.439278364181518555e+00,3.405983209609985352e+00,3.373327016830444336e+00,3.341290712356567383e+00,3.309857130050659180e+00,3.279009580612182617e+00,3.248731851577758789e+00,3.219007968902587891e+00,3.189823150634765625e+00,3.161162614822387695e+00,3.133012771606445312e+00,3.105359554290771484e+00,3.078190565109252930e+00,3.051492691040039062e+00,3.025254011154174805e+00,2.999462604522705078e+00,2.974107265472412109e+00,2.949177026748657227e+00,2.924661397933959961e+00,2.900549650192260742e+00,2.876832485198974609e+00,2.853500127792358398e+00,2.830543041229248047e+00,2.807952642440795898e+00,2.785719633102416992e+00,2.763836145401000977e+00,2.742293596267700195e+00,2.721084356307983398e+00,2.700200557708740234e+00,2.679635286331176758e+00,2.659380435943603516e+00,2.639429807662963867e+00,2.619776010513305664e+00,2.600413084030151367e+00,2.581334352493286133e+00,2.562533378601074219e+00,2.544004201889038086e+00,2.525741100311279297e+00,2.507738590240478516e+00,2.489990711212158203e+00,2.472492456436157227e+00,2.455238103866577148e+00,2.438223123550415039e+00,2.421442270278930664e+00,2.404891014099121094e+00,2.388564348220825195e+00,2.372457742691040039e+00,2.356567144393920898e+00,2.340887546539306641e+00,2.325415849685668945e+00,2.310146808624267578e+00,2.295077323913574219e+00,2.280202865600585938e+00,2.265520095825195312e+00,2.251025199890136719e+00,2.236714839935302734e+00,2.222584962844848633e+00,2.208632707595825195e+00,2.194854259490966797e+00,2.181246995925903320e+00,2.167807340621948242e+00,2.154532194137573242e+00,2.141418457031250000e+00,2.128463506698608398e+00,2.115664482116699219e+00,2.103018522262573242e+00,2.090522766113281250e+00,2.078174591064453125e+00,2.065971374511718750e+00,2.053910732269287109e+00,2.041990041732788086e+00
3.771045684814453125e+00,3.731055021286010742e+00,3.691903114318847656e+00,3.653564691543579102e+00,3.616014003753662109e+00,3.579227685928344727e+00,3.543182134628295898e+00,3.507855415344238281e+00,3.473226070404052734e+00,3.439273834228515625e+00,3.405978679656982422e+00,3.373322486877441406e+00,3.341286659240722656e+00,3.309853076934814453e+00,3.279005765914916992e+00,3.248727798461914062e+00,3.219004154205322266e+00,3.189819335937500000e+00,3.161159038543701172e+00,3.133009195327758789e+00,3.105356216430664062e+00,3.078187227249145508e+00,3.051489591598510742e+00,3.025250911712646484e+00,2.999459743499755859e+00,2.974105119705200195e+00,2.949174880981445312e+00,2.924659252166748047e+00,2.900547981262207031e+00,2.876830816268920898e+00,2.853498935699462891e+00,2.830541849136352539e+00,2.807951450347900391e+00,2.785718679428100586e+00,2.763835191726684570e+00,2.742292881011962891e+00,2.721083879470825195e+00,2.700200319290161133e+00,2.679635047912597656e+00,2.659380435943603516e+00,2.639429807662963867e+00,2.619776487350463867e+00,2.600413322448730469e+00,2.581334590911865234e+00,2.562533617019653320e+00,2.544004440307617188e+00,2.525741577148437500e+00,2.507738828659057617e+00,2.489990949630737305e+00,2.472492456436157227e+00,2.455238342285156250e+00,2.438223361968994141e+00,2.421442747116088867e+00,2.404891014099121094e+00,2.388564348220825195e+00,2.372457981109619141e+00,2.356567144393920898e+00,2.340888023376464844e+00,2.325415849685668945e+00,2.310147047042846680e+00,2.295077323913574219e+00,2.280203104019165039e+00,2.265520334243774414e+00,2.251025676727294922e+00,2.236715078353881836e+00,2.222585201263427734e+00,2.208632707595825195e+00,2.194854497909545898e+00,2.181247234344482422e+00,2.167807340621948242e+00,2.154532194137573242e+00,2.141418695449829102e+00,2.128463745117187500e+00,2.115664720535278320e+00,2.103018760681152344e+00,2.090522766113281250e+00,2.078174591064453125e+00,2.065971374511718750e+00,2.053910970687866211e+00,2.041990280151367188e+00
3.771040678024291992e+00,3.731050014495849609e+00,3.691899061203002930e+00,3.653560876846313477e+00,3.616010427474975586e+00,3.579224348068237305e+00,3.543179035186767578e+00,3.507852554321289062e+00,3.473223924636840820e+00,3.439271688461303711e+00,3.405977010726928711e+00,3.373320817947387695e+00,3.341284990310668945e+00,3.309852123260498047e+00,3.279004812240600586e+00,3.248727083206176758e+00,3.219003438949584961e+00,3.189818859100341797e+00,3.161159038543701172e+00,3.133009433746337891e+00,3.105356454849243164e+00,3.078187465667724609e+00,3.051489830017089844e+00,3.025251388549804688e+00,2.999460458755493164e+00,2.974105358123779297e+00,2.949175119400024414e+00,2.924659490585327148e+00,2.900548219680786133e+00,2.876831293106079102e+00,2.853499174118041992e+00,2.830542087554931641e+00,2.807951688766479492e+00,2.785718917846679688e+00,2.763835668563842773e+00,2.742293357849121094e+00,2.721084117889404297e+00,2.700200557708740234e+00,2.679635286331176758e+00,2.659380674362182617e+00,2.639430284500122070e+00,2.619776725769042969e+00,2.600413560867309570e+00,2.581334829330444336e+00,2.562533617019653320e+00,2.544004917144775391e+00,2.525741815567016602e+00,2.507739067077636719e+00,2.489991188049316406e+00,2.472492694854736328e+00,2.455238819122314453e+00,2.438223600387573242e+00,2.421442747116088867e+00,2.404891252517700195e+00,2.388564586639404297e+00,2.372457981109619141e+00,2.356567621231079102e+00,2.340888023376464844e+00,2.325416088104248047e+00,2.310147285461425781e+00,2.295077562332153320e+00,2.280203342437744141e+00,2.265520572662353516e+00,2.251025676727294922e+00,2.236715078353881836e+00,2.222585439682006836e+00,2.208633184432983398e+00,2.194854736328125000e+00,2.181247472763061523e+00,2.167807579040527344e+00,2.154532432556152344e+00,2.141418933868408203e+00,2.128463983535766602e+00,2.115664958953857422e+00,2.103018760681152344e+00,2.090523004531860352e+00,2.078174829483032227e+00,2.065971612930297852e+00,2.053910970687866211e+00,2.041990280151367188e+00
3.771041154861450195e+00,3.731050968170166016e+00,3.691899299621582031e+00,3.653561115264892578e+00,3.616010904312133789e+00,3.579224586486816406e+00,3.543179750442504883e+00,3.507853269577026367e+00,3.473224163055419922e+00,3.439272165298461914e+00,3.405977487564086914e+00,3.373321294784545898e+00,3.341285705566406250e+00,3.309852361679077148e+00,3.279005050659179688e+00,3.248727560043334961e+00,3.219003915786743164e+00,3.189819574356079102e+00,3.161159276962280273e+00,3.133009672164916992e+00,3.105356693267822266e+00,3.078187942504882812e+00,3.051490306854248047e+00,3.025251865386962891e+00,2.999460697174072266e+00,2.974105596542358398e+00,2.949175357818603516e+00,2.924659729003906250e+00,2.900548696517944336e+00,2.876831531524658203e+00,2.853499412536621094e+00,2.830542325973510742e+00,2.807951927185058594e+00,2.785719394683837891e+00,2.763835906982421875e+00,2.742293596267700195e+00,2.721084356307983398e+00,2.700200796127319336e+00,2.679635524749755859e+00,2.659380912780761719e+00,2.639430522918701172e+00,2.619776964187622070e+00,2.600413799285888672e+00,2.581334829330444336e+00,2.562534093856811523e+00,2.544004917144775391e+00,2.525742053985595703e+00,2.507739305496215820e+00,2.489991426467895508e+00,2.472493171691894531e+00,2.455238819122314453e+00,2.438223838806152344e+00,2.421442985534667969e+00,2.404891490936279297e+00,2.388564825057983398e+00,2.372458457946777344e+00,2.356567621231079102e+00,2.340888261795043945e+00,2.325416326522827148e+00,2.310147285461425781e+00,2.295077800750732422e+00,2.280203580856323242e+00,2.265520811080932617e+00,2.251025915145874023e+00,2.236715316772460938e+00,2.222585678100585938e+00,2.208633184432983398e+00,2.194854974746704102e+00,2.181247472763061523e+00,2.167807817459106445e+00,2.154532670974731445e+00,2.141419172286987305e+00,2.128464221954345703e+00,2.115664958953857422e+00,2.103018999099731445e+00,2.090523242950439453e+00,2.078175067901611328e+00,2.065971851348876953e+00,2.053911209106445312e+00,2.041990518569946289e+00
3.771041870117187500e+00,3.731051206588745117e+00,3.691899776458740234e+00,3.653561592102050781e+00,3.616011381149291992e+00,3.579225540161132812e+00,3.543180227279663086e+00,3.507853507995605469e+00,3.473224639892578125e+00,3.439272403717041016e+00,3.405978202819824219e+00,3.373321771621704102e+00,3.341285943984985352e+00,3.309852600097656250e+00,3.279005527496337891e+00,3.248727798461914062e+00,3.219004392623901367e+00,3.189819812774658203e+00,3.161159515380859375e+00,3.133009910583496094e+00,3.105356931686401367e+00,3.078188419342041016e+00,3.051490545272827148e+00,3.025252103805541992e+00,2.999460935592651367e+00,2.974105834960937500e+00,2.949175834655761719e+00,2.924660444259643555e+00,2.900548934936523438e+00,2.876831769943237305e+00,2.853499650955200195e+00,2.830542564392089844e+00,2.807952404022216797e+00,2.785719633102416992e+00,2.763836145401000977e+00,2.742293834686279297e+00,2.721084594726562500e+00,2.700201272964477539e+00,2.679635763168334961e+00,2.659381151199340820e+00,2.639430522918701172e+00,2.619776964187622070e+00,2.600414276123046875e+00,2.581335306167602539e+00,2.562534332275390625e+00,2.544005155563354492e+00,2.525742053985595703e+00,2.507739543914794922e+00,2.489991664886474609e+00,2.472493171691894531e+00,2.455239057540893555e+00,2.438224077224731445e+00,2.421443223953247070e+00,2.404891729354858398e+00,2.388565063476562500e+00,2.372458696365356445e+00,2.356567859649658203e+00,2.340888500213623047e+00,2.325416564941406250e+00,2.310147762298583984e+00,2.295078039169311523e+00,2.280203580856323242e+00,2.265520811080932617e+00,2.251026153564453125e+00,2.236715555191040039e+00,2.222585678100585938e+00,2.208633422851562500e+00,2.194854974746704102e+00,2.181247711181640625e+00,2.167808055877685547e+00,2.154532670974731445e+00,2.141419172286987305e+00,2.128464221954345703e+00,2.115665197372436523e+00,2.103019237518310547e+00,2.090523481369018555e+00,2.078175306320190430e+00,2.065972089767456055e+00,2.053911447525024414e+00,2.041990518569946289e+00
3.771042346954345703e+00,3.731051683425903320e+00,3.691900253295898438e+00,3.653562068939208984e+00,3.616012096405029297e+00,3.579225778579711914e+00,3.543180465698242188e+00,3.507853984832763672e+00,3.473224878311157227e+00,3.439273118972778320e+00,3.405978441238403320e+00,3.373322248458862305e+00,3.341286420822143555e+00,3.309853076934814453e+00,3.279006004333496094e+00,3.248728513717651367e+00,3.219004869461059570e+00,3.189820289611816406e+00,3.161159992218017578e+00,3.133010149002075195e+00,3.105357646942138672e+00,3.078188657760620117e+00,3.051491022109985352e+00,3.025252342224121094e+00,2.999461174011230469e+00,2.974106311798095703e+00,2.949176073074340820e+00,2.924660682678222656e+00,2.900549173355102539e+00,2.876832008361816406e+00,2.853500127792358398e+00,2.830543041229248047e+00,2.807952642440795898e+00,2.785719871520996094e+00,2.763836383819580078e+00,2.742294073104858398e+00,2.721085071563720703e+00,2.700201511383056641e+00,2.679636001586914062e+00,2.659381389617919922e+00,2.639430761337280273e+00,2.619777441024780273e+00,2.600414514541625977e+00,2.581335544586181641e+00,2.562534570693969727e+00,2.544005393981933594e+00,2.525742530822753906e+00,2.507739782333374023e+00,2.489991903305053711e+00,2.472493410110473633e+00,2.455239295959472656e+00,2.438224077224731445e+00,2.421443462371826172e+00,2.404891967773437500e+00,2.388565301895141602e+00,2.372458696365356445e+00,2.356568098068237305e+00,2.340888738632202148e+00,2.325416803359985352e+00,2.310147762298583984e+00,2.295078277587890625e+00,2.280203819274902344e+00,2.265521049499511719e+00,2.251026391983032227e+00,2.236715793609619141e+00,2.222585916519165039e+00,2.208633422851562500e+00,2.194855213165283203e+00,2.181247949600219727e+00,2.167808055877685547e+00,2.154532909393310547e+00,2.141419410705566406e+00,2.128464460372924805e+00,2.115665435791015625e+00,2.103019237518310547e+00,2.090523481369018555e+00,2.078175306320190430e+00,2.065972089767456055e+00,2.053911685943603516e+00,2.041990756988525391e+00
3.771042823791503906e+00,3.731052160263061523e+00,3.691900968551635742e+00,3.653562784194946289e+00,3.616012573242187500e+00,3.579226255416870117e+00,3.543180942535400391e+00,3.507854700088500977e+00,3.473225593566894531e+00,3.439273595809936523e+00,3.405978679656982422e+00,3.373322486877441406e+00,3.341286659240722656e+00,3.309853553771972656e+00,3.279006481170654297e+00,3.248728752136230469e+00,3.219005107879638672e+00,3.189820528030395508e+00,3.161160469055175781e+00,3.133010864257812500e+00,3.105357885360717773e+00,3.078188896179199219e+00,3.051491260528564453e+00,3.025252819061279297e+00,2.999461650848388672e+00,2.974106550216674805e+00,2.949176549911499023e+00,2.924660921096801758e+00,2.900549411773681641e+00,2.876832485198974609e+00,2.853500366210937500e+00,2.830543279647827148e+00,2.807952880859375000e+00,2.785719871520996094e+00,2.763836860656738281e+00,2.742294549942016602e+00,2.721085309982299805e+00,2.700201749801635742e+00,2.679636240005493164e+00,2.659381866455078125e+00,2.639431238174438477e+00,2.619777679443359375e+00,2.600414514541625977e+00,2.581335783004760742e+00,2.562534570693969727e+00,2.544005870819091797e+00,2.525742769241333008e+00,2.507740020751953125e+00,2.489992141723632812e+00,2.472493648529052734e+00,2.455239534378051758e+00,2.438224554061889648e+00,2.421443700790405273e+00,2.404892206192016602e+00,2.388565540313720703e+00,2.372459173202514648e+00,2.356568336486816406e+00,2.340888977050781250e+00,2.325417041778564453e+00,2.310148000717163086e+00,2.295078277587890625e+00,2.280204057693481445e+00,2.265521287918090820e+00,2.251026391983032227e+00,2.236715793609619141e+00,2.222586154937744141e+00,2.208633899688720703e+00,2.194855451583862305e+00,2.181248188018798828e+00,2.167808294296264648e+00,2.154533147811889648e+00,2.141419649124145508e+00,2.128464698791503906e+00,2.115665435791015625e+00,2.103019475936889648e+00,2.090523719787597656e+00,2.078175544738769531e+00,2.065972328186035156e+00,2.053911685943603516e+00,2.041990995407104492e+00
3.083088159561157227e+00,3.082604408264160156e+00,3.082120895385742188e+00,3.081637382507324219e+00,3.081154108047485352e+00,3.080670833587646484e+00,3.080187797546386719e+00,3.079704999923706055e+00,3.079222202301025391e+00,3.078739643096923828e+00,3.078257322311401367e+00,3.077775001525878906e+00,3.077292919158935547e+00,3.076810836791992188e+00,3.076329231262207031e+00,3.075847387313842773e+00,3.075366020202636719e+00,3.074884653091430664e+00,3.074403285980224609e+00,3.073922395706176758e+00,3.073441505432128906e+00,3.072960615158081055e+00,3.051491737365722656e+00,3.025253295898437500e+00,2.999461889266967773e+00,2.974106788635253906e+00,2.949176788330078125e+00,2.924661397933959961e+00,2.900549888610839844e+00,2.876832962036132812e+00,2.853500604629516602e+00,2.830543518066406250e+00,2.807953119277954102e+00,2.785720348358154297e+00,2.763837099075317383e+00,2.742294549942016602e+00,2.721085548400878906e+00,2.700201988220214844e+00,2.679636716842651367e+00,2.659382104873657227e+00,2.639431476593017578e+00,2.619777917861938477e+00,2.600414752960205078e+00,2.581336021423339844e+00,2.562535047531127930e+00,2.544005870819091797e+00,2.525743007659912109e+00,2.507740259170532227e+00,2.489992380142211914e+00,2.472494125366210938e+00,2.455239772796630859e+00,2.438224554061889648e+00,2.421443939208984375e+00,2.404892444610595703e+00,2.388565778732299805e+00,2.372459173202514648e+00,2.356568574905395508e+00,2.340889215469360352e+00,2.325417041778564453e+00,2.310148239135742188e+00,2.295078754425048828e+00,2.280204296112060547e+00,2.265521526336669922e+00,2.251026630401611328e+00,2.236716032028198242e+00,2.222586393356323242e+00,2.208633899688720703e+00,2.194855690002441406e+00,2.181248188018798828e+00,2.167808532714843750e+00,2.154533386230468750e+00,2.141419887542724609e+00,2.128464937210083008e+00,2.115665674209594727e+00,2.103019714355468750e+00,2.090523958206176758e+00,2.078175783157348633e+00,2.065972566604614258e+00,2.053911924362182617e+00,2.041990995407104492e+00
2.604824781417846680e+00,2.604479312896728516e+00,2.604134082794189453e+00,2.603788852691650391e+00,2.603443861007690430e+00,2.603098869323730469e+00,2.602754116058349609e+00,2.602409362792968750e+00,2.602064609527587891e+00,2.601720094680786133e+00,2.601375579833984375e+00,2.601031064987182617e+00,2.600686788558959961e+00,2.600342512130737305e+00,2.599998235702514648e+00,2.599654197692871094e+00,2.599310398101806641e+00,2.598966360092163086e+00,2.598622560501098633e+00,2.598278999328613281e+00,2.597935438156127930e+00,2.597591876983642578e+00,2.597248315811157227e+00,2.596904993057250977e+00,2.596561670303344727e+00,2.596218585968017578e+00,2.595875501632690430e+00,2.595532417297363281e+00,2.595189571380615234e+00,2.594846963882446289e+00,2.594504117965698242e+00,2.594161510467529297e+00,2.593819141387939453e+00,2.593476533889770508e+00,2.593134403228759766e+00,2.592792034149169922e+00,2.592449903488159180e+00,2.592107772827148438e+00,2.591765880584716797e+00,2.591423988342285156e+00,2.591082096099853516e+00,2.590740442276000977e+00,2.590398788452148438e+00,2.581336259841918945e+00,2.562535285949707031e+00,2.544006109237670898e+00,2.525743007659912109e+00,2.507740497589111328e+00,2.489992618560791016e+00,2.472494125366210938e+00,2.455240011215209961e+00,2.438224792480468750e+00,2.421444177627563477e+00,2.404892683029174805e+00,2.388566017150878906e+00,2.372459411621093750e+00,2.356568574905395508e+00,2.340889215469360352e+00,2.325417518615722656e+00,2.310148477554321289e+00,2.295078754425048828e+00,2.280204534530639648e+00,2.265521526336669922e+00,2.251026868820190430e+00,2.236716270446777344e+00,2.222586631774902344e+00,2.208634138107299805e+00,2.194855690002441406e+00,2.181248426437377930e+00,2.167808771133422852e+00,2.154533386230468750e+00,2.141419887542724609e+00,2.128464937210083008e+00,2.115665912628173828e+00,2.103019952774047852e+00,2.090523958206176758e+00,2.078175783157348633e+00,2.065972566604614258e+00,2.053911924362182617e+00,2.041991233825683594e+00
2.255015850067138672e+00,2.254756927490234375e+00,2.254498243331909180e+00,2.254239559173583984e+00,2.253980875015258789e+00,2.253722429275512695e+00,2.253463745117187500e+00,2.253205299377441406e+00,2.252947092056274414e+00,2.252688646316528320e+00,2.252430438995361328e+00,2.252172231674194336e+00,2.251914024353027344e+00,2.251655817031860352e+00,2.251397609710693359e+00,2.251139640808105469e+00,2.250881671905517578e+00,2.250623941421508789e+00,2.250366210937500000e+00,2.250108480453491211e+00,2.249850749969482422e+00,2.249593019485473633e+00,2.249335527420043945e+00,2.249078035354614258e+00,2.248820543289184570e+00,2.248563051223754883e+00,2.248305797576904297e+00,2.248048543930053711e+00,2.247791290283203125e+00,2.247534275054931641e+00,2.247277021408081055e+00,2.247020006179809570e+00,2.246762990951538086e+00,2.246506214141845703e+00,2.246249198913574219e+00,2.245992422103881836e+00,2.245735645294189453e+00,2.245478868484497070e+00,2.245222330093383789e+00,2.244965791702270508e+00,2.244709253311157227e+00,2.244452714920043945e+00,2.244196414947509766e+00,2.243940114974975586e+00,2.243683815002441406e+00,2.243427515029907227e+00,2.243171453475952148e+00,2.242915391921997070e+00,2.242659330368041992e+00,2.242403268814086914e+00,2.242147445678710938e+00,2.241891384124755859e+00,2.241635560989379883e+00,2.241379737854003906e+00,2.241124153137207031e+00,2.240868568420410156e+00,2.240612983703613281e+00,2.240357398986816406e+00,2.240101814270019531e+00,2.239846467971801758e+00,2.239591121673583984e+00,2.239335775375366211e+00,2.239080667495727539e+00,2.238825559616088867e+00,2.236716508865356445e+00,2.222586631774902344e+00,2.208634138107299805e+00,2.194855928421020508e+00,2.181248664855957031e+00,2.167808771133422852e+00,2.154533624649047852e+00,2.141420125961303711e+00,2.128465175628662109e+00,2.115666151046752930e+00,2.103019952774047852e+00,2.090524196624755859e+00,2.078176021575927734e+00,2.065972805023193359e+00,2.053912162780761719e+00,2.041991472244262695e+00
1.988037109375000000e+00,1.987835884094238281e+00,1.987634778022766113e+00,1.987433671951293945e+00,1.987232446670532227e+00,1.987031459808349609e+00,1.986830472946166992e+00,1.986629605293273926e+00,1.986428737640380859e+00,1.986227869987487793e+00,1.986027121543884277e+00,1.985826373100280762e+00,1.985625624656677246e+00,1.985424995422363281e+00,1.985224366188049316e+00,1.985023736953735352e+00,1.984823226928710938e+00,1.984622716903686523e+00,1.984422206878662109e+00,1.984221816062927246e+00,1.984021425247192383e+00,1.983821034431457520e+00,1.983620762825012207e+00,1.983420491218566895e+00,1.983220219612121582e+00,1.983020067214965820e+00,1.982819914817810059e+00,1.982619762420654297e+00,1.982419729232788086e+00,1.982219696044921875e+00,1.982019782066345215e+00,1.981819748878479004e+00,1.981619834899902344e+00,1.981420040130615234e+00,1.981220245361328125e+00,1.981020450592041016e+00,1.980820655822753906e+00,1.980620980262756348e+00,1.980421304702758789e+00,1.980221629142761230e+00,1.980022072792053223e+00,1.979822516441345215e+00,1.979623079299926758e+00,1.979423642158508301e+00,1.979224205017089844e+00,1.979024767875671387e+00,1.978825449943542480e+00,1.978626132011413574e+00,1.978426814079284668e+00,1.978227615356445312e+00,1.978028416633605957e+00,1.977829337120056152e+00,1.977630257606506348e+00,1.977431178092956543e+00,1.977232098579406738e+00,1.977033138275146484e+00,1.976834177970886230e+00,1.976635336875915527e+00,1.976436495780944824e+00,1.976237654685974121e+00,1.976038813591003418e+00,1.975840091705322266e+00,1.975641369819641113e+00,1.975442767143249512e+00,1.975244045257568359e+00,1.975045561790466309e+00,1.974846959114074707e+00,1.974648475646972656e+00,1.974449992179870605e+00,1.974251627922058105e+00,1.974053144454956055e+00,1.973854899406433105e+00,1.973656535148620605e+00,1.973458290100097656e+00,1.973260045051574707e+00,1.973061919212341309e+00,1.972863793373107910e+00,1.972665667533874512e+00,1.972467541694641113e+00,1.972269535064697266e+00
1.777583003044128418e+00,1.777422189712524414e+00,1.777261376380920410e+00,1.777100682258605957e+00,1.776939868927001953e+00,1.776779174804687500e+00,1.776618480682373047e+00,1.776457905769348145e+00,1.776297211647033691e+00,1.776136636734008789e+00,1.775976061820983887e+00,1.775815486907958984e+00,1.775655031204223633e+00,1.775494575500488281e+00,1.775334119796752930e+00,1.775173664093017578e+00,1.775013327598571777e+00,1.774852991104125977e+00,1.774692654609680176e+00,1.774532318115234375e+00,1.774371981620788574e+00,1.774211764335632324e+00,1.774051547050476074e+00,1.773891329765319824e+00,1.773731231689453125e+00,1.773571014404296875e+00,1.773410916328430176e+00,1.773250937461853027e+00,1.773090839385986328e+00,1.772930860519409180e+00,1.772770881652832031e+00,1.772610902786254883e+00,1.772450923919677734e+00,1.772291064262390137e+00,1.772130966186523438e+00,1.771971106529235840e+00,1.771811366081237793e+00,1.771651506423950195e+00,1.771491765975952148e+00,1.771332025527954102e+00,1.771172404289245605e+00,1.771012663841247559e+00,1.770853042602539062e+00,1.770693421363830566e+00,1.770533800125122070e+00,1.770374298095703125e+00,1.770214796066284180e+00,1.770055294036865234e+00,1.769895792007446289e+00,1.769736409187316895e+00,1.769576907157897949e+00,1.769417524337768555e+00,1.769258260726928711e+00,1.769098877906799316e+00,1.768939614295959473e+00,1.768780350685119629e+00,1.768621087074279785e+00,1.768461823463439941e+00,1.768302679061889648e+00,1.768143534660339355e+00,1.767984390258789062e+00,1.767825365066528320e+00,1.767666220664978027e+00,1.767507195472717285e+00,1.767348170280456543e+00,1.767189264297485352e+00,1.767030239105224609e+00,1.766871333122253418e+00,1.766712427139282227e+00,1.766553640365600586e+00,1.766394734382629395e+00,1.766235947608947754e+00,1.766077160835266113e+00,1.765918374061584473e+00,1.765759706497192383e+00,1.765601038932800293e+00,1.765442371368408203e+00,1.765283703804016113e+00,1.765125155448913574e+00,1.764966607093811035e+00
1.607421040534973145e+00,1.607289552688598633e+00,1.607158064842224121e+00,1.607026576995849609e+00,1.606895208358764648e+00,1.606763720512390137e+00,1.606632351875305176e+00,1.606500983238220215e+00,1.606369614601135254e+00,1.606238245964050293e+00,1.606106877326965332e+00,1.605975627899169922e+00,1.605844378471374512e+00,1.605713129043579102e+00,1.605581879615783691e+00,1.605450630187988281e+00,1.605319499969482422e+00,1.605188250541687012e+00,1.605057120323181152e+00,1.604925990104675293e+00,1.604794979095458984e+00,1.604663848876953125e+00,1.604532837867736816e+00,1.604401707649230957e+00,1.604270696640014648e+00,1.604139685630798340e+00,1.604008793830871582e+00,1.603877782821655273e+00,1.603746891021728516e+00,1.603615999221801758e+00,1.603485107421875000e+00,1.603354215621948242e+00,1.603223323822021484e+00,1.603092551231384277e+00,1.602961778640747070e+00,1.602831006050109863e+00,1.602700233459472656e+00,1.602569460868835449e+00,1.602438688278198242e+00,1.602308034896850586e+00,1.602177381515502930e+00,1.602046728134155273e+00,1.601916074752807617e+00,1.601785421371459961e+00,1.601654887199401855e+00,1.601524353027343750e+00,1.601393818855285645e+00,1.601263284683227539e+00,1.601132750511169434e+00,1.601002216339111328e+00,1.600871801376342773e+00,1.600741386413574219e+00,1.600610971450805664e+00,1.600480556488037109e+00,1.600350141525268555e+00,1.600219845771789551e+00,1.600089430809020996e+00,1.599959135055541992e+00,1.599828839302062988e+00,1.599698543548583984e+00,1.599568247795104980e+00,1.599438071250915527e+00,1.599307656288146973e+00,1.599177479743957520e+00,1.599047422409057617e+00,1.598917245864868164e+00,1.598787069320678711e+00,1.598657011985778809e+00,1.598526954650878906e+00,1.598396897315979004e+00,1.598266482353210449e+00,1.598136067390441895e+00,1.598005652427673340e+00,1.597875118255615234e+00,1.597744703292846680e+00,1.597614407539367676e+00,1.597483992576599121e+00,1.597353696823120117e+00,1.597223281860351562e+00,1.597092986106872559e+00
1.466991186141967773e+00,1.466881632804870605e+00,1.466772079467773438e+00,1.466662526130676270e+00,1.466553092002868652e+00,1.466443657875061035e+00,1.466334104537963867e+00,1.466224670410156250e+00,1.466115236282348633e+00,1.466005921363830566e+00,1.465896487236022949e+00,1.465787172317504883e+00,1.465677738189697266e+00,1.465568423271179199e+00,1.465458989143371582e+00,1.465349674224853516e+00,1.465240359306335449e+00,1.465131044387817383e+00,1.465021848678588867e+00,1.464912533760070801e+00,1.464803338050842285e+00,1.464694142341613770e+00,1.464584946632385254e+00,1.464475750923156738e+00,1.464366555213928223e+00,1.464257478713989258e+00,1.464148283004760742e+00,1.464039206504821777e+00,1.463930130004882812e+00,1.463821053504943848e+00,1.463711977005004883e+00,1.463602900505065918e+00,1.463493943214416504e+00,1.463384866714477539e+00,1.463275909423828125e+00,1.463166952133178711e+00,1.463057875633239746e+00,1.462948918342590332e+00,1.462840080261230469e+00,1.462731122970581055e+00,1.462622284889221191e+00,1.462513327598571777e+00,1.462404489517211914e+00,1.462295651435852051e+00,1.462186813354492188e+00,1.462077975273132324e+00,1.461969137191772461e+00,1.461860418319702148e+00,1.461751580238342285e+00,1.461642861366271973e+00,1.461534142494201660e+00,1.461425423622131348e+00,1.461316704750061035e+00,1.461207985877990723e+00,1.461099267005920410e+00,1.460990667343139648e+00,1.460882067680358887e+00,1.460773348808288574e+00,1.460664749145507812e+00,1.460555911064147949e+00,1.460446953773498535e+00,1.460337996482849121e+00,1.460229158401489258e+00,1.460120201110839844e+00,1.460011363029479980e+00,1.459902405738830566e+00,1.459793567657470703e+00,1.459684729576110840e+00,1.459575891494750977e+00,1.459467053413391113e+00,1.459358334541320801e+00,1.459249496459960938e+00,1.459140777587890625e+00,1.459031939506530762e+00,1.458923220634460449e+00,1.458814501762390137e+00,1.458705782890319824e+00,1.458597183227539062e+00,1.458488464355468750e+00,1.458379864692687988e+00
1.349126577377319336e+00,1.349033951759338379e+00,1.348941326141357422e+00,1.348848700523376465e+00,1.348756074905395508e+00,1.348663449287414551e+00,1.348570942878723145e+00,1.348478317260742188e+00,1.348385810852050781e+00,1.348293185234069824e+00,1.348200678825378418e+00,1.348108172416687012e+00,1.348015666007995605e+00,1.347923159599304199e+00,1.347830772399902344e+00,1.347738265991210938e+00,1.347645759582519531e+00,1.347553372383117676e+00,1.347460985183715820e+00,1.347368478775024414e+00,1.347276210784912109e+00,1.347183823585510254e+00,1.347091436386108398e+00,1.346999049186706543e+00,1.346906661987304688e+00,1.346814393997192383e+00,1.346722006797790527e+00,1.346629738807678223e+00,1.346537470817565918e+00,1.346445083618164062e+00,1.346352815628051758e+00,1.346260547637939453e+00,1.346168279647827148e+00,1.346076130867004395e+00,1.345983862876892090e+00,1.345891714096069336e+00,1.345799446105957031e+00,1.345707297325134277e+00,1.345615148544311523e+00,1.345522999763488770e+00,1.345430850982666016e+00,1.345338702201843262e+00,1.345246434211730957e+00,1.345154285430908203e+00,1.345062255859375000e+00,1.344970107078552246e+00,1.344878077507019043e+00,1.344786047935485840e+00,1.344693899154663086e+00,1.344601631164550781e+00,1.344509243965148926e+00,1.344416856765747070e+00,1.344324588775634766e+00,1.344232320785522461e+00,1.344139933586120605e+00,1.344047665596008301e+00,1.343955397605895996e+00,1.343863129615783691e+00,1.343770861625671387e+00,1.343678712844848633e+00,1.343586444854736328e+00,1.343494296073913574e+00,1.343402028083801270e+00,1.343309879302978516e+00,1.343217730522155762e+00,1.343125581741333008e+00,1.343033432960510254e+00,1.342941284179687500e+00,1.342849135398864746e+00,1.342756986618041992e+00,1.342664957046508789e+00,1.342572808265686035e+00,1.342480778694152832e+00,1.342388749122619629e+00,1.342296719551086426e+00,1.342204689979553223e+00,1.342112660408020020e+00,1.342020630836486816e+00,1.341928601264953613e+00,1.341836690902709961e+00
1.248793005943298340e+00,1.248713612556457520e+00,1.248634338378906250e+00,1.248554944992065430e+00,1.248475551605224609e+00,1.248396277427673340e+00,1.248316884040832520e+00,1.248237609863281250e+00,1.248158335685729980e+00,1.248079061508178711e+00,1.247999787330627441e+00,1.247920513153076172e+00,1.247841238975524902e+00,1.247761964797973633e+00,1.247682690620422363e+00,1.247603416442871094e+00,1.247524261474609375e+00,1.247444987297058105e+00,1.247365832328796387e+00,1.247286558151245117e+00,1.247207403182983398e+00,1.247128248214721680e+00,1.247049093246459961e+00,1.246969938278198242e+00,1.246890783309936523e+00,1.246811628341674805e+00,1.246732473373413086e+00,1.246653437614440918e+00,1.246574282646179199e+00,1.246495246887207031e+00,1.246416091918945312e+00,1.246337056159973145e+00,1.246258020401000977e+00,1.246178984642028809e+00,1.246099829673767090e+00,1.246020793914794922e+00,1.245941877365112305e+00,1.245862841606140137e+00,1.245783567428588867e+00,1.245704293251037598e+00,1.245625019073486328e+00,1.245545744895935059e+00,1.245466470718383789e+00,1.245387315750122070e+00,1.245308041572570801e+00,1.245228886604309082e+00,1.245149612426757812e+00,1.245070457458496094e+00,1.244991302490234375e+00,1.244912147521972656e+00,1.244832873344421387e+00,1.244753837585449219e+00,1.244674682617187500e+00,1.244595527648925781e+00,1.244516372680664062e+00,1.244437336921691895e+00,1.244358181953430176e+00,1.244279026985168457e+00,1.244199991226196289e+00,1.244120955467224121e+00,1.244041919708251953e+00,1.243962883949279785e+00,1.243883848190307617e+00,1.243804812431335449e+00,1.243725776672363281e+00,1.243646740913391113e+00,1.243567705154418945e+00,1.243488788604736328e+00,1.243409752845764160e+00,1.243330836296081543e+00,1.243251800537109375e+00,1.243172883987426758e+00,1.243093967437744141e+00,1.243015050888061523e+00,1.242936134338378906e+00,1.242857217788696289e+00,1.242778301239013672e+00,1.242699384689331055e+00,1.242620587348937988e+00,1.242541670799255371e+00
1.162350058555603027e+00,1.162281274795532227e+00,1.162212491035461426e+00,1.162143707275390625e+00,1.162075042724609375e+00,1.162006258964538574e+00,1.161937594413757324e+00,1.161868810653686523e+00,1.161800146102905273e+00,1.161731481552124023e+00,1.161662697792053223e+00,1.161594033241271973e+00,1.161525368690490723e+00,1.161456704139709473e+00,1.161388039588928223e+00,1.161319375038146973e+00,1.161250710487365723e+00,1.161182045936584473e+00,1.161113500595092773e+00,1.161044836044311523e+00,1.160976171493530273e+00,1.160907626152038574e+00,1.160838961601257324e+00,1.160770416259765625e+00,1.160701751708984375e+00,1.160633206367492676e+00,1.160564661026000977e+00,1.160495996475219727e+00,1.160427212715148926e+00,1.160358428955078125e+00,1.160289645195007324e+00,1.160220861434936523e+00,1.160152077674865723e+00,1.160083413124084473e+00,1.160014629364013672e+00,1.159945845603942871e+00,1.159877181053161621e+00,1.159808397293090820e+00,1.159739732742309570e+00,1.159671068191528320e+00,1.159602284431457520e+00,1.159533619880676270e+00,1.159464955329895020e+00,1.159396290779113770e+00,1.159327626228332520e+00,1.159258961677551270e+00,1.159190297126770020e+00,1.159121751785278320e+00,1.159053087234497070e+00,1.158984422683715820e+00,1.158915877342224121e+00,1.158847212791442871e+00,1.158778667449951172e+00,1.158710122108459473e+00,1.158641457557678223e+00,1.158572912216186523e+00,1.158504366874694824e+00,1.158435821533203125e+00,1.158367276191711426e+00,1.158298730850219727e+00,1.158230185508728027e+00,1.158161640167236328e+00,1.158093214035034180e+00,1.158024668693542480e+00,1.157956242561340332e+00,1.157887697219848633e+00,1.157819271087646484e+00,1.157750725746154785e+00,1.157682299613952637e+00,1.157613873481750488e+00,1.157545328140258789e+00,1.157476902008056641e+00,1.157408475875854492e+00,1.157340049743652344e+00,1.157271623611450195e+00,1.157203197479248047e+00,1.157134890556335449e+00,1.157066464424133301e+00,1.156998038291931152e+00,1.156929731369018555e+00
1.087099552154541016e+00,1.087039351463317871e+00,1.086979269981384277e+00,1.086919069290161133e+00,1.086858987808227539e+00,1.086798906326293945e+00,1.086738705635070801e+00,1.086678624153137207e+00,1.086618542671203613e+00,1.086558461189270020e+00,1.086498379707336426e+00,1.086438298225402832e+00,1.086378216743469238e+00,1.086318135261535645e+00,1.086258053779602051e+00,1.086197972297668457e+00,1.086137890815734863e+00,1.086077570915222168e+00,1.086017370223999023e+00,1.085957050323486328e+00,1.085896849632263184e+00,1.085836648941040039e+00,1.085776448249816895e+00,1.085716247558593750e+00,1.085655927658081055e+00,1.085595726966857910e+00,1.085535645484924316e+00,1.085475444793701172e+00,1.085415244102478027e+00,1.085355043411254883e+00,1.085294842720031738e+00,1.085234761238098145e+00,1.085174560546875000e+00,1.085114359855651855e+00,1.085054278373718262e+00,1.084994077682495117e+00,1.084933996200561523e+00,1.084873914718627930e+00,1.084813714027404785e+00,1.084753632545471191e+00,1.084693551063537598e+00,1.084633469581604004e+00,1.084573388099670410e+00,1.084513306617736816e+00,1.084453225135803223e+00,1.084393143653869629e+00,1.084333062171936035e+00,1.084272980690002441e+00,1.084212899208068848e+00,1.084152936935424805e+00,1.084092855453491211e+00,1.084032893180847168e+00,1.083972811698913574e+00,1.083912849426269531e+00,1.083852767944335938e+00,1.083792805671691895e+00,1.083732843399047852e+00,1.083672761917114258e+00,1.083612799644470215e+00,1.083552837371826172e+00,1.083492875099182129e+00,1.083432912826538086e+00,1.083372950553894043e+00,1.083312988281250000e+00,1.083253026008605957e+00,1.083193063735961914e+00,1.083133220672607422e+00,1.083073258399963379e+00,1.083013296127319336e+00,1.082953453063964844e+00,1.082893490791320801e+00,1.082833647727966309e+00,1.082773685455322266e+00,1.082713842391967773e+00,1.082653999328613281e+00,1.082594156265258789e+00,1.082534193992614746e+00,1.082474350929260254e+00,1.082414507865905762e+00,1.082354664802551270e+00
1.021000146865844727e+00,1.020947098731994629e+00,1.020894050598144531e+00,1.020841002464294434e+00,1.020787835121154785e+00,1.020734786987304688e+00,1.020681619644165039e+00,1.020628333091735840e+00,1.020575165748596191e+00,1.020521998405456543e+00,1.020468831062316895e+00,1.020415544509887695e+00,1.020362377166748047e+00,1.020309209823608398e+00,1.020256042480468750e+00,1.020202875137329102e+00,1.020149707794189453e+00,1.020096540451049805e+00,1.020043373107910156e+00,1.019990324974060059e+00,1.019937157630920410e+00,1.019883990287780762e+00,1.019830822944641113e+00,1.019777774810791016e+00,1.019724607467651367e+00,1.019671559333801270e+00,1.019618391990661621e+00,1.019565343856811523e+00,1.019512176513671875e+00,1.019459128379821777e+00,1.019406080245971680e+00,1.019352912902832031e+00,1.019299864768981934e+00,1.019246816635131836e+00,1.019193768501281738e+00,1.019140720367431641e+00,1.019087672233581543e+00,1.019034624099731445e+00,1.018981575965881348e+00,1.018928527832031250e+00,1.018875479698181152e+00,1.018822431564331055e+00,1.018769383430480957e+00,1.018716454505920410e+00,1.018663406372070312e+00,1.018610358238220215e+00,1.018557429313659668e+00,1.018504381179809570e+00,1.018451452255249023e+00,1.018398404121398926e+00,1.018345475196838379e+00,1.018292546272277832e+00,1.018239498138427734e+00,1.018186569213867188e+00,1.018133640289306641e+00,1.018080711364746094e+00,1.018027782440185547e+00,1.017974853515625000e+00,1.017921924591064453e+00,1.017868995666503906e+00,1.017816066741943359e+00,1.017763137817382812e+00,1.017710208892822266e+00,1.017657279968261719e+00,1.017604351043701172e+00,1.017551541328430176e+00,1.017498612403869629e+00,1.017445802688598633e+00,1.017392873764038086e+00,1.017339944839477539e+00,1.017287135124206543e+00,1.017234325408935547e+00,1.017181396484375000e+00,1.017128586769104004e+00,1.017075777053833008e+00,1.017022848129272461e+00,1.016970038414001465e+00,1.016917228698730469e+00,1.016864418983459473e+00,1.016811609268188477e+00
9.624771475791931152e-01,9.624298810958862305e-01,9.623824954032897949e-01,9.623352289199829102e-01,9.622879028320312500e-01,9.622406363487243652e-01,9.621933102607727051e-01,9.621460437774658203e-01,9.620987176895141602e-01,9.620515108108520508e-01,9.620041847229003906e-01,9.619569778442382812e-01,9.619096517562866211e-01,9.618624448776245117e-01,9.618151187896728516e-01,9.617679119110107422e-01,9.617206454277038574e-01,9.616734385490417480e-01,9.616261124610900879e-01,9.615789651870727539e-01,9.615316987037658691e-01,9.614844918251037598e-01,9.614372253417968750e-01,9.613900780677795410e-01,9.613428115844726562e-01,9.612956643104553223e-01,9.612483978271484375e-01,9.612012505531311035e-01,9.611540436744689941e-01,9.611068964004516602e-01,9.610596299171447754e-01,9.610125422477722168e-01,9.609652757644653320e-01,9.609181880950927734e-01,9.608709812164306641e-01,9.608238935470581055e-01,9.607766270637512207e-01,9.607295393943786621e-01,9.606823325157165527e-01,9.606352448463439941e-01,9.605880975723266602e-01,9.605410099029541016e-01,9.604938030242919922e-01,9.604467749595642090e-01,9.603995680809020996e-01,9.603525400161743164e-01,9.603053331375122070e-01,9.602583050727844238e-01,9.602111577987670898e-01,9.601641297340393066e-01,9.601169824600219727e-01,9.600699543952941895e-01,9.600228071212768555e-01,9.599757790565490723e-01,9.599286317825317383e-01,9.598816633224487305e-01,9.598345160484313965e-01,9.597875475883483887e-01,9.597404003143310547e-01,9.596934318542480469e-01,9.596463441848754883e-01,9.595993161201477051e-01,9.595522284507751465e-01,9.595052599906921387e-01,9.594581723213195801e-01,9.594112038612365723e-01,9.593641161918640137e-01,9.593172073364257812e-01,9.592701196670532227e-01,9.592231512069702148e-01,9.591761231422424316e-01,9.591292142868041992e-01,9.590821266174316406e-01,9.590352177619934082e-01,9.589881896972656250e-01,9.589412808418273926e-01,9.588942527770996094e-01,9.588473439216613770e-01,9.588003158569335938e-01,9.587534070014953613e-01
9.102986454963684082e-01,9.102563858032226562e-01,9.102140069007873535e-01,9.101717472076416016e-01,9.101293683052062988e-01,9.100871086120605469e-01,9.100447893142700195e-01,9.100025296211242676e-01,9.099601507186889648e-01,9.099179506301879883e-01,9.098755717277526855e-01,9.098333716392517090e-01,9.097909927368164062e-01,9.097487926483154297e-01,9.097064733505249023e-01,9.096642136573791504e-01,9.096219539642333984e-01,9.095796942710876465e-01,9.095373749732971191e-01,9.094951748847961426e-01,9.094529151916503906e-01,9.094107151031494141e-01,9.093683958053588867e-01,9.093261957168579102e-01,9.092839360237121582e-01,9.092417359352111816e-01,9.091994762420654297e-01,9.091572761535644531e-01,9.091150164604187012e-01,9.090728759765625000e-01,9.090306162834167480e-01,9.089884161949157715e-01,9.089462161064147949e-01,9.089040160179138184e-01,9.088618159294128418e-01,9.088196158409118652e-01,9.087774157524108887e-01,9.087352752685546875e-01,9.086930155754089355e-01,9.086509346961975098e-01,9.086086750030517578e-01,9.085665941238403320e-01,9.085243344306945801e-01,9.084822535514831543e-01,9.084400534629821777e-01,9.083979129791259766e-01,9.083557128906250000e-01,9.083136320114135742e-01,9.082714319229125977e-01,9.082293510437011719e-01,9.081872105598449707e-01,9.081451296806335449e-01,9.081029295921325684e-01,9.080608487129211426e-01,9.080187082290649414e-01,9.079766273498535156e-01,9.079344868659973145e-01,9.078924059867858887e-01,9.078502655029296875e-01,9.078081846237182617e-01,9.077660441398620605e-01,9.077240228652954102e-01,9.076818823814392090e-01,9.076398611068725586e-01,9.075977206230163574e-01,9.075556993484497070e-01,9.075135588645935059e-01,9.074715375900268555e-01,9.074294567108154297e-01,9.073874354362487793e-01,9.073453545570373535e-01,9.073033332824707031e-01,9.072612524032592773e-01,9.072192311286926270e-01,9.071771502494812012e-01,9.071351885795593262e-01,9.070931077003479004e-01,9.070510864257812500e-01,9.070090055465698242e-01,9.069670438766479492e-01
8.634867668151855469e-01,8.634486794471740723e-01,8.634105920791625977e-01,8.633725643157958984e-01,8.633344173431396484e-01,8.632963895797729492e-01,8.632583022117614746e-01,8.632202744483947754e-01,8.631821870803833008e-01,8.631441593170166016e-01,8.631060719490051270e-01,8.630680441856384277e-01,8.630299568176269531e-01,8.629919290542602539e-01,8.629538416862487793e-01,8.629158735275268555e-01,8.628777861595153809e-01,8.628398180007934570e-01,8.628017306327819824e-01,8.627637624740600586e-01,8.627256751060485840e-01,8.626877069473266602e-01,8.626496791839599609e-01,8.626117110252380371e-01,8.625736236572265625e-01,8.625356554985046387e-01,8.624976277351379395e-01,8.624596595764160156e-01,8.624216318130493164e-01,8.623836636543273926e-01,8.623456358909606934e-01,8.623077273368835449e-01,8.622696995735168457e-01,8.622317314147949219e-01,8.621937632560729980e-01,8.621557950973510742e-01,8.621178269386291504e-01,8.620798587799072266e-01,8.620418906211853027e-01,8.620039820671081543e-01,8.619659543037414551e-01,8.619280457496643066e-01,8.618900775909423828e-01,8.618521690368652344e-01,8.618142008781433105e-01,8.617762923240661621e-01,8.617383241653442383e-01,8.617004156112670898e-01,8.616624474525451660e-01,8.616245985031127930e-01,8.615866303443908691e-01,8.615487217903137207e-01,8.615107536315917969e-01,8.614729046821594238e-01,8.614349365234375000e-01,8.613970875740051270e-01,8.613591790199279785e-01,8.613212704658508301e-01,8.612833619117736816e-01,8.612455129623413086e-01,8.612076044082641602e-01,8.611697554588317871e-01,8.611317873001098633e-01,8.610939979553222656e-01,8.610560894012451172e-01,8.610182404518127441e-01,8.609803318977355957e-01,8.609424829483032227e-01,8.609045743942260742e-01,8.608667850494384766e-01,8.608288764953613281e-01,8.607910871505737305e-01,8.607531785964965820e-01,8.607153892517089844e-01,8.606774806976318359e-01,8.606396913528442383e-01,8.606018424034118652e-01,8.605640530586242676e-01,8.605262041091918945e-01,8.604884147644042969e-01
8.212540149688720703e-01,8.212195038795471191e-01,8.211851119995117188e-01,8.211506009101867676e-01,8.211162090301513672e-01,8.210817575454711914e-01,8.210473656654357910e-01,8.210128545761108398e-01,8.209784626960754395e-01,8.209440112113952637e-01,8.209096193313598633e-01,8.208751678466796875e-01,8.208407759666442871e-01,8.208063244819641113e-01,8.207719922065734863e-01,8.207375407218933105e-01,8.207031488418579102e-01,8.206686973571777344e-01,8.206343650817871094e-01,8.205999135971069336e-01,8.205655813217163086e-01,8.205311298370361328e-01,8.204967975616455078e-01,8.204623460769653320e-01,8.204280138015747070e-01,8.203935623168945312e-01,8.203592300415039062e-01,8.203248381614685059e-01,8.202905058860778809e-01,8.202561140060424805e-01,8.202217817306518555e-01,8.201873898506164551e-01,8.201530575752258301e-01,8.201186656951904297e-01,8.200843334197998047e-01,8.200499415397644043e-01,8.200156092643737793e-01,8.199812173843383789e-01,8.199469447135925293e-01,8.199125528335571289e-01,8.198782801628112793e-01,8.198438882827758789e-01,8.198096156120300293e-01,8.197752237319946289e-01,8.197409510612487793e-01,8.197065591812133789e-01,8.196722865104675293e-01,8.196379542350769043e-01,8.196036815643310547e-01,8.195692896842956543e-01,8.195350170135498047e-01,8.195006847381591797e-01,8.194664120674133301e-01,8.194320797920227051e-01,8.193978071212768555e-01,8.193634748458862305e-01,8.193292617797851562e-01,8.192949295043945312e-01,8.192606568336486816e-01,8.192263245582580566e-01,8.191921114921569824e-01,8.191577792167663574e-01,8.191235661506652832e-01,8.190892338752746582e-01,8.190550208091735840e-01,8.190206885337829590e-01,8.189864754676818848e-01,8.189521431922912598e-01,8.189179301261901855e-01,8.188836574554443359e-01,8.188494443893432617e-01,8.188151717185974121e-01,8.187809586524963379e-01,8.187466859817504883e-01,8.187124729156494141e-01,8.186782002449035645e-01,8.186439871788024902e-01,8.186097145080566406e-01,8.185755014419555664e-01,8.185412883758544922e-01
7.829597592353820801e-01,7.829284071922302246e-01,7.828971147537231445e-01,7.828657627105712891e-01,7.828345298767089844e-01,7.828031778335571289e-01,7.827719449996948242e-01,7.827405929565429688e-01,7.827093005180358887e-01,7.826780080795288086e-01,7.826467156410217285e-01,7.826154232025146484e-01,7.825841903686523438e-01,7.825528383255004883e-01,7.825216054916381836e-01,7.824903130531311035e-01,7.824590206146240234e-01,7.824277281761169434e-01,7.823964953422546387e-01,7.823652029037475586e-01,7.823339700698852539e-01,7.823026776313781738e-01,7.822714447975158691e-01,7.822401523590087891e-01,7.822089195251464844e-01,7.821776270866394043e-01,7.821464538574218750e-01,7.821151614189147949e-01,7.820839285850524902e-01,7.820526361465454102e-01,7.820214629173278809e-01,7.819901704788208008e-01,7.819589972496032715e-01,7.819277048110961914e-01,7.818965315818786621e-01,7.818652391433715820e-01,7.818340659141540527e-01,7.818027734756469727e-01,7.817716002464294434e-01,7.817403674125671387e-01,7.817091941833496094e-01,7.816779017448425293e-01,7.816467285156250000e-01,7.816154956817626953e-01,7.815843224525451660e-01,7.815530896186828613e-01,7.815219163894653320e-01,7.814906835556030273e-01,7.814595699310302734e-01,7.814283370971679688e-01,7.813971638679504395e-01,7.813659310340881348e-01,7.813347578048706055e-01,7.813035845756530762e-01,7.812724113464355469e-01,7.812411785125732422e-01,7.812100648880004883e-01,7.811788320541381836e-01,7.811477184295654297e-01,7.811165452003479004e-01,7.810853719711303711e-01,7.810541987419128418e-01,7.810230851173400879e-01,7.809918522834777832e-01,7.809607386589050293e-01,7.809295654296875000e-01,7.808984518051147461e-01,7.808672785758972168e-01,7.808361649513244629e-01,7.808049917221069336e-01,7.807738780975341797e-01,7.807427048683166504e-01,7.807115912437438965e-01,7.806804180145263672e-01,7.806493043899536133e-01,7.806181907653808594e-01,7.805870771408081055e-01,7.805559039115905762e-01,7.805248498916625977e-01,7.804936766624450684e-01
7.480776309967041016e-01,7.480490803718566895e-01,7.480204701423645020e-01,7.479919195175170898e-01,7.479633092880249023e-01,7.479347586631774902e-01,7.479061484336853027e-01,7.478775978088378906e-01,7.478489875793457031e-01,7.478204965591430664e-01,7.477918863296508789e-01,7.477633357048034668e-01,7.477347254753112793e-01,7.477062344551086426e-01,7.476776242256164551e-01,7.476491332054138184e-01,7.476205229759216309e-01,7.475920319557189941e-01,7.475634217262268066e-01,7.475349307060241699e-01,7.475063204765319824e-01,7.474778294563293457e-01,7.474492788314819336e-01,7.474207282066345215e-01,7.473921775817871094e-01,7.473636865615844727e-01,7.473351359367370605e-01,7.473066449165344238e-01,7.472780942916870117e-01,7.472496032714843750e-01,7.472210526466369629e-01,7.471925616264343262e-01,7.471640110015869141e-01,7.471355199813842773e-01,7.471069693565368652e-01,7.470784783363342285e-01,7.470499277114868164e-01,7.470214366912841797e-01,7.469929456710815430e-01,7.469644546508789062e-01,7.469359040260314941e-01,7.469074726104736328e-01,7.468789219856262207e-01,7.468504905700683594e-01,7.468219399452209473e-01,7.467935085296630859e-01,7.467649579048156738e-01,7.467365264892578125e-01,7.467079758644104004e-01,7.466795444488525391e-01,7.466510534286499023e-01,7.466226220130920410e-01,7.465940713882446289e-01,7.465656399726867676e-01,7.465371489524841309e-01,7.465087175369262695e-01,7.464802265167236328e-01,7.464517951011657715e-01,7.464233040809631348e-01,7.463948726654052734e-01,7.463663816452026367e-01,7.463379502296447754e-01,7.463094592094421387e-01,7.462810277938842773e-01,7.462525963783264160e-01,7.462241649627685547e-01,7.461956739425659180e-01,7.461673021316528320e-01,7.461388111114501953e-01,7.461103796958923340e-01,7.460819482803344727e-01,7.460535168647766113e-01,7.460250854492187500e-01,7.459966540336608887e-01,7.459682226181030273e-01,7.459397912025451660e-01,7.459113597869873047e-01,7.458829879760742188e-01,7.458544969558715820e-01,7.458261251449584961e-01
7.161710262298583984e-01,7.161448597908020020e-01,7.161186337471008301e-01,7.160924673080444336e-01,7.160662412643432617e-01,7.160400748252868652e-01,7.160138487815856934e-01,7.159877419471740723e-01,7.159615159034729004e-01,7.159353494644165039e-01,7.159091234207153320e-01,7.158830165863037109e-01,7.158567905426025391e-01,7.158306241035461426e-01,7.158044576644897461e-01,7.157782912254333496e-01,7.157520651817321777e-01,7.157259583473205566e-01,7.156997323036193848e-01,7.156736254692077637e-01,7.156473994255065918e-01,7.156212925910949707e-01,7.155951261520385742e-01,7.155689597129821777e-01,7.155427932739257812e-01,7.155166864395141602e-01,7.154905200004577637e-01,7.154643535614013672e-01,7.154381871223449707e-01,7.154120802879333496e-01,7.153859138488769531e-01,7.153598070144653320e-01,7.153336405754089355e-01,7.153075337409973145e-01,7.152813673019409180e-01,7.152552604675292969e-01,7.152290940284729004e-01,7.152029871940612793e-01,7.151768207550048828e-01,7.151507735252380371e-01,7.151246070861816406e-01,7.150985002517700195e-01,7.150723338127136230e-01,7.150462865829467773e-01,7.150201201438903809e-01,7.149940133094787598e-01,7.149679064750671387e-01,7.149417996406555176e-01,7.149156928062438965e-01,7.148895859718322754e-01,7.148634791374206543e-01,7.148373723030090332e-01,7.148112654685974121e-01,7.147851586341857910e-01,7.147590517997741699e-01,7.147330045700073242e-01,7.147068977355957031e-01,7.146807909011840820e-01,7.146546840667724609e-01,7.146286368370056152e-01,7.146025300025939941e-01,7.145764827728271484e-01,7.145503759384155273e-01,7.145243287086486816e-01,7.144982218742370605e-01,7.144721746444702148e-01,7.144460678100585938e-01,7.144200205802917480e-01,7.143939137458801270e-01,7.143678665161132812e-01,7.143417596817016602e-01,7.143157124519348145e-01,7.142896056175231934e-01,7.142636179924011230e-01,7.142375111579895020e-01,7.142114639282226562e-01,7.141854166984558105e-01,7.141593694686889648e-01,7.141333222389221191e-01,7.141072750091552734e-01
6.868748664855957031e-01,6.868507862091064453e-01,6.868266463279724121e-01,6.868025660514831543e-01,6.867784857749938965e-01,6.867544054985046387e-01,6.867302656173706055e-01,6.867062449455261230e-01,6.866821050643920898e-01,6.866580247879028320e-01,6.866339445114135742e-01,6.866098642349243164e-01,6.865857839584350586e-01,6.865617036819458008e-01,6.865376234054565430e-01,6.865135431289672852e-01,6.864894628524780273e-01,6.864654421806335449e-01,6.864413022994995117e-01,6.864172816276550293e-01,6.863932013511657715e-01,6.863691210746765137e-01,6.863450407981872559e-01,6.863210201263427734e-01,6.862969398498535156e-01,6.862729191780090332e-01,6.862488389015197754e-01,6.862248182296752930e-01,6.862007379531860352e-01,6.861766576766967773e-01,6.861526370048522949e-01,6.861286163330078125e-01,6.861045360565185547e-01,6.860805153846740723e-01,6.860564351081848145e-01,6.860324144363403320e-01,6.860083341598510742e-01,6.859843134880065918e-01,6.859602928161621094e-01,6.859362721443176270e-01,6.859121918678283691e-01,6.858881711959838867e-01,6.858641505241394043e-01,6.858401298522949219e-01,6.858161091804504395e-01,6.857920885086059570e-01,6.857680082321166992e-01,6.857440471649169922e-01,6.857199668884277344e-01,6.856960058212280273e-01,6.856719851493835449e-01,6.856479644775390625e-01,6.856239438056945801e-01,6.855999231338500977e-01,6.855759024620056152e-01,6.855519413948059082e-01,6.855279207229614258e-01,6.855039000511169434e-01,6.854798793792724609e-01,6.854559183120727539e-01,6.854318976402282715e-01,6.854079365730285645e-01,6.853839159011840820e-01,6.853599548339843750e-01,6.853359341621398926e-01,6.853119134902954102e-01,6.852879524230957031e-01,6.852639913558959961e-01,6.852399706840515137e-01,6.852160096168518066e-01,6.851919889450073242e-01,6.851680278778076172e-01,6.851440072059631348e-01,6.851200461387634277e-01,6.850960850715637207e-01,6.850721240043640137e-01,6.850481033325195312e-01,6.850242018699645996e-01,6.850001811981201172e-01,6.849762201309204102e-01
6.598813533782958984e-01,6.598590612411499023e-01,6.598368287086486816e-01,6.598145961761474609e-01,6.597923636436462402e-01,6.597701311111450195e-01,6.597478985786437988e-01,6.597256660461425781e-01,6.597034335136413574e-01,6.596812009811401367e-01,6.596589684486389160e-01,6.596367359161376953e-01,6.596145033836364746e-01,6.595922708511352539e-01,6.595700979232788086e-01,6.595478653907775879e-01,6.595256328582763672e-01,6.595034003257751465e-01,6.594812273979187012e-01,6.594589948654174805e-01,6.594367623329162598e-01,6.594145298004150391e-01,6.593923568725585938e-01,6.593701243400573730e-01,6.593479514122009277e-01,6.593257188796997070e-01,6.593035459518432617e-01,6.592813134193420410e-01,6.592591404914855957e-01,6.592369079589843750e-01,6.592147350311279297e-01,6.591925024986267090e-01,6.591703295707702637e-01,6.591480970382690430e-01,6.591259241104125977e-01,6.591037511825561523e-01,6.590815782546997070e-01,6.590593457221984863e-01,6.590371727943420410e-01,6.590149998664855957e-01,6.589928269386291504e-01,6.589705944061279297e-01,6.589484810829162598e-01,6.589262485504150391e-01,6.589040756225585938e-01,6.588819026947021484e-01,6.588597297668457031e-01,6.588375568389892578e-01,6.588153839111328125e-01,6.587932109832763672e-01,6.587710380554199219e-01,6.587488651275634766e-01,6.587267518043518066e-01,6.587045192718505859e-01,6.586824059486389160e-01,6.586602330207824707e-01,6.586380600929260254e-01,6.586158871650695801e-01,6.585937738418579102e-01,6.585716009140014648e-01,6.585494279861450195e-01,6.585272550582885742e-01,6.585051417350769043e-01,6.584829688072204590e-01,6.584608554840087891e-01,6.584386825561523438e-01,6.584165692329406738e-01,6.583943963050842285e-01,6.583722829818725586e-01,6.583501100540161133e-01,6.583279967308044434e-01,6.583058238029479980e-01,6.582837104797363281e-01,6.582615375518798828e-01,6.582394838333129883e-01,6.582173109054565430e-01,6.581951975822448730e-01,6.581730246543884277e-01,6.581509113311767578e-01,6.581287980079650879e-01
6.349291801452636719e-01,6.349085569381713867e-01,6.348879933357238770e-01,6.348673701286315918e-01,6.348468065261840820e-01,6.348261833190917969e-01,6.348056197166442871e-01,6.347850561141967773e-01,6.347644925117492676e-01,6.347438693046569824e-01,6.347233057022094727e-01,6.347026824951171875e-01,6.346821784973144531e-01,6.346615552902221680e-01,6.346409916877746582e-01,6.346204280853271484e-01,6.345998644828796387e-01,6.345792412757873535e-01,6.345587372779846191e-01,6.345381140708923340e-01,6.345176100730895996e-01,6.344969868659973145e-01,6.344764232635498047e-01,6.344558596611022949e-01,6.344353556632995605e-01,6.344147324562072754e-01,6.343942284584045410e-01,6.343736052513122559e-01,6.343531012535095215e-01,6.343325376510620117e-01,6.343119740486145020e-01,6.342914104461669922e-01,6.342709064483642578e-01,6.342503428459167480e-01,6.342297792434692383e-01,6.342092156410217285e-01,6.341887116432189941e-01,6.341681480407714844e-01,6.341475844383239746e-01,6.341270208358764648e-01,6.341065168380737305e-01,6.340859532356262207e-01,6.340654492378234863e-01,6.340448856353759766e-01,6.340243816375732422e-01,6.340038180351257324e-01,6.339833140373229980e-01,6.339627504348754883e-01,6.339422464370727539e-01,6.339216828346252441e-01,6.339012384414672852e-01,6.338806748390197754e-01,6.338601708412170410e-01,6.338396072387695312e-01,6.338191032409667969e-01,6.337985992431640625e-01,6.337780952453613281e-01,6.337575316429138184e-01,6.337370276451110840e-01,6.337165236473083496e-01,6.336960196495056152e-01,6.336754560470581055e-01,6.336550116539001465e-01,6.336344480514526367e-01,6.336139440536499023e-01,6.335934400558471680e-01,6.335729360580444336e-01,6.335524320602416992e-01,6.335319280624389648e-01,6.335114240646362305e-01,6.334909200668334961e-01,6.334704160690307617e-01,6.334499716758728027e-01,6.334294080734252930e-01,6.334089636802673340e-01,6.333884596824645996e-01,6.333679556846618652e-01,6.333474516868591309e-01,6.333270072937011719e-01,6.333065032958984375e-01
6.117953062057495117e-01,6.117761731147766113e-01,6.117570996284484863e-01,6.117379665374755859e-01,6.117188334465026855e-01,6.116997003555297852e-01,6.116806268692016602e-01,6.116614937782287598e-01,6.116424202919006348e-01,6.116232872009277344e-01,6.116041541099548340e-01,6.115850806236267090e-01,6.115659475326538086e-01,6.115468144416809082e-01,6.115277409553527832e-01,6.115086078643798828e-01,6.114895343780517578e-01,6.114704608917236328e-01,6.114513874053955078e-01,6.114322543144226074e-01,6.114131808280944824e-01,6.113940477371215820e-01,6.113749742507934570e-01,6.113558411598205566e-01,6.113367676734924316e-01,6.113176941871643066e-01,6.112986207008361816e-01,6.112794876098632812e-01,6.112604141235351562e-01,6.112413406372070312e-01,6.112222671508789062e-01,6.112031936645507812e-01,6.111841201782226562e-01,6.111649870872497559e-01,6.111459732055664062e-01,6.111268401145935059e-01,6.111077666282653809e-01,6.110886931419372559e-01,6.110696196556091309e-01,6.110505461692810059e-01,6.110314726829528809e-01,6.110123991966247559e-01,6.109933257102966309e-01,6.109742522239685059e-01,6.109552383422851562e-01,6.109361052513122559e-01,6.109170913696289062e-01,6.108980178833007812e-01,6.108789443969726562e-01,6.108598709106445312e-01,6.108408570289611816e-01,6.108217239379882812e-01,6.108027100563049316e-01,6.107836365699768066e-01,6.107646226882934570e-01,6.107455492019653320e-01,6.107264757156372070e-01,6.107074022293090820e-01,6.106883883476257324e-01,6.106693148612976074e-01,6.106503009796142578e-01,6.106312274932861328e-01,6.106122136116027832e-01,6.105931401252746582e-01,6.105741262435913086e-01,6.105550527572631836e-01,6.105360388755798340e-01,6.105169653892517090e-01,6.104979515075683594e-01,6.104788780212402344e-01,6.104598641395568848e-01,6.104407906532287598e-01,6.104217767715454102e-01,6.104027628898620605e-01,6.103837490081787109e-01,6.103646755218505859e-01,6.103456616401672363e-01,6.103266477584838867e-01,6.103076338768005371e-01,6.102885603904724121e-01
5.902879238128662109e-01,5.902701616287231445e-01,5.902523398399353027e-01,5.902345776557922363e-01,5.902167558670043945e-01,5.901989936828613281e-01,5.901811718940734863e-01,5.901634097099304199e-01,5.901455879211425781e-01,5.901278257369995117e-01,5.901100039482116699e-01,5.900922417640686035e-01,5.900744199752807617e-01,5.900566577911376953e-01,5.900388956069946289e-01,5.900211334228515625e-01,5.900033116340637207e-01,5.899855494499206543e-01,5.899677276611328125e-01,5.899499654769897461e-01,5.899322032928466797e-01,5.899144411087036133e-01,5.898966193199157715e-01,5.898788571357727051e-01,5.898610949516296387e-01,5.898433327674865723e-01,5.898255705833435059e-01,5.898078083992004395e-01,5.897900462150573730e-01,5.897722840309143066e-01,5.897544622421264648e-01,5.897367596626281738e-01,5.897189378738403320e-01,5.897012352943420410e-01,5.896834135055541992e-01,5.896657109260559082e-01,5.896478891372680664e-01,5.896301865577697754e-01,5.896123647689819336e-01,5.895946621894836426e-01,5.895769000053405762e-01,5.895591378211975098e-01,5.895413756370544434e-01,5.895236134529113770e-01,5.895058512687683105e-01,5.894881486892700195e-01,5.894703865051269531e-01,5.894526243209838867e-01,5.894348621368408203e-01,5.894171595573425293e-01,5.893993973731994629e-01,5.893816351890563965e-01,5.893638730049133301e-01,5.893461704254150391e-01,5.893284082412719727e-01,5.893107056617736816e-01,5.892929434776306152e-01,5.892751812934875488e-01,5.892574191093444824e-01,5.892397165298461914e-01,5.892219543457031250e-01,5.892042517662048340e-01,5.891864895820617676e-01,5.891687870025634766e-01,5.891510248184204102e-01,5.891333222389221191e-01,5.891155600547790527e-01,5.890978574752807617e-01,5.890801548957824707e-01,5.890624523162841797e-01,5.890446901321411133e-01,5.890269875526428223e-01,5.890092253684997559e-01,5.889915227890014648e-01,5.889738202095031738e-01,5.889561176300048828e-01,5.889383554458618164e-01,5.889206528663635254e-01,5.889029502868652344e-01,5.888852477073669434e-01
5.702413916587829590e-01,5.702248215675354004e-01,5.702081918716430664e-01,5.701916217803955078e-01,5.701749920845031738e-01,5.701583623886108398e-01,5.701417326927185059e-01,5.701251626014709473e-01,5.701085329055786133e-01,5.700919628143310547e-01,5.700753331184387207e-01,5.700587630271911621e-01,5.700421333312988281e-01,5.700255632400512695e-01,5.700089335441589355e-01,5.699923634529113770e-01,5.699757933616638184e-01,5.699591636657714844e-01,5.699425935745239258e-01,5.699260234832763672e-01,5.699093937873840332e-01,5.698928236961364746e-01,5.698761940002441406e-01,5.698596239089965820e-01,5.698430538177490234e-01,5.698264837265014648e-01,5.698098540306091309e-01,5.697932839393615723e-01,5.697767138481140137e-01,5.697601437568664551e-01,5.697435140609741211e-01,5.697269439697265625e-01,5.697103738784790039e-01,5.696938037872314453e-01,5.696772336959838867e-01,5.696606636047363281e-01,5.696440339088439941e-01,5.696275234222412109e-01,5.696108937263488770e-01,5.695943236351013184e-01,5.695777535438537598e-01,5.695611834526062012e-01,5.695446133613586426e-01,5.695280432701110840e-01,5.695114731788635254e-01,5.694949030876159668e-01,5.694783329963684082e-01,5.694618225097656250e-01,5.694451928138732910e-01,5.694286823272705078e-01,5.694121122360229492e-01,5.693955421447753906e-01,5.693789720535278320e-01,5.693624019622802734e-01,5.693458318710327148e-01,5.693293213844299316e-01,5.693127512931823730e-01,5.692961812019348145e-01,5.692796111106872559e-01,5.692631006240844727e-01,5.692465305328369141e-01,5.692299604415893555e-01,5.692133903503417969e-01,5.691968798637390137e-01,5.691803097724914551e-01,5.691637992858886719e-01,5.691472291946411133e-01,5.691306591033935547e-01,5.691141486167907715e-01,5.690975785255432129e-01,5.690810084342956543e-01,5.690644979476928711e-01,5.690479278564453125e-01,5.690314173698425293e-01,5.690148472785949707e-01,5.689983367919921875e-01,5.689817667007446289e-01,5.689652562141418457e-01,5.689487457275390625e-01,5.689321756362915039e-01
