3.775189638137817383e+00,3.735044479370117188e+00,3.695744037628173828e+00,3.657262325286865234e+00,3.619573116302490234e+00,3.582653045654296875e+00,3.546478748321533203e+00,3.511027336120605469e+00,3.476278066635131836e+00,3.442209720611572266e+00,3.408802509307861328e+00,3.376037359237670898e+00,3.343896627426147461e+00,3.312361717224121094e+00,3.281416177749633789e+00,3.251043558120727539e+00,3.221227884292602539e+00,3.191954374313354492e+00,3.163207530975341797e+00,3.134974479675292969e+00,3.107240438461303711e+00,3.079993247985839844e+00,3.053219795227050781e+00,3.026907444000244141e+00,3.001044988632202148e+00,2.975620508193969727e+00,2.950623273849487305e+00,2.926042556762695312e+00,2.901868104934692383e+00,2.878089904785156250e+00,2.854698181152343750e+00,2.831683158874511719e+00,2.809036731719970703e+00,2.786749601364135742e+00,2.764813423156738281e+00,2.743219614028930664e+00,2.721960783004760742e+00,2.701028823852539062e+00,2.680416107177734375e+00,2.660115718841552734e+00,2.640120744705200195e+00,2.620424032211303711e+00,2.601018905639648438e+00,2.581899166107177734e+00,2.563058376312255859e+00,2.544490575790405273e+00,2.526190042495727539e+00,2.508150815963745117e+00,2.490367174148559570e+00,2.472834110260009766e+00,2.455546379089355469e+00,2.438498497009277344e+00,2.421685695648193359e+00,2.405102968215942383e+00,2.388746023178100586e+00,2.372610092163085938e+00,2.356690645217895508e+00,2.340983390808105469e+00,2.325484037399291992e+00,2.310188531875610352e+00,2.295093059539794922e+00,2.280193567276000977e+00,2.265486478805541992e+00,2.250967502593994141e+00,2.236634016036987305e+00,2.222481250762939453e+00,2.208506822586059570e+00,2.194706916809082031e+00,2.181078672409057617e+00,2.167618274688720703e+00,2.154323101043701172e+00,2.141190290451049805e+00,2.128216028213500977e+00,2.115398406982421875e+00,2.102734327316284180e+00,2.090220928192138672e+00,2.077855587005615234e+00,2.065635681152343750e+00,2.053558588027954102e+00,2.041621923446655273e+00
3.775190830230712891e+00,3.735045671463012695e+00,3.695745229721069336e+00,3.657263040542602539e+00,3.619574308395385742e+00,3.582654237747192383e+00,3.546479701995849609e+00,3.511028528213500977e+00,3.476279258728027344e+00,3.442210435867309570e+00,3.408803224563598633e+00,3.376038551330566406e+00,3.343897581100463867e+00,3.312362670898437500e+00,3.281417131423950195e+00,3.251044511795043945e+00,3.221228599548339844e+00,3.191954851150512695e+00,3.163208484649658203e+00,3.134975194931030273e+00,3.107241392135620117e+00,3.079994201660156250e+00,3.053220510482788086e+00,3.026908159255981445e+00,3.001045465469360352e+00,2.975621223449707031e+00,2.950623989105224609e+00,2.926043510437011719e+00,2.901869058609008789e+00,2.878090620040893555e+00,2.854698657989501953e+00,2.831683874130249023e+00,2.809037446975708008e+00,2.786750316619873047e+00,2.764813899993896484e+00,2.743220329284667969e+00,2.721961259841918945e+00,2.701029062271118164e+00,2.680416584014892578e+00,2.660116434097290039e+00,2.640121221542358398e+00,2.620424509048461914e+00,2.601019859313964844e+00,2.581899881362915039e+00,2.563059091567993164e+00,2.544491529464721680e+00,2.526190757751464844e+00,2.508151531219482422e+00,2.490368127822875977e+00,2.472835063934326172e+00,2.455546855926513672e+00,2.438498973846435547e+00,2.421686410903930664e+00,2.405103683471679688e+00,2.388746738433837891e+00,2.372610807418823242e+00,2.356691360473632812e+00,2.340983867645263672e+00,2.325484752655029297e+00,2.310189247131347656e+00,2.295093774795532227e+00,2.280194282531738281e+00,2.265486955642700195e+00,2.250968217849731445e+00,2.236634254455566406e+00,2.222481727600097656e+00,2.208507299423217773e+00,2.194707393646240234e+00,2.181078910827636719e+00,2.167618751525878906e+00,2.154323339462280273e+00,2.141190528869628906e+00,2.128216505050659180e+00,2.115398883819580078e+00,2.102734804153442383e+00,2.090221405029296875e+00,2.077856063842773438e+00,2.065635919570922852e+00,2.053559064865112305e+00,2.041622400283813477e+00
3.775192260742187500e+00,3.735046625137329102e+00,3.695746183395385742e+00,3.657264232635498047e+00,3.619575262069702148e+00,3.582655429840087891e+00,3.546480894088745117e+00,3.511029720306396484e+00,3.476279973983764648e+00,3.442211389541625977e+00,3.408804416656494141e+00,3.376039505004882812e+00,3.343898534774780273e+00,3.312363624572753906e+00,3.281417846679687500e+00,3.251045227050781250e+00,3.221229553222656250e+00,3.191955804824829102e+00,3.163209438323974609e+00,3.134976387023925781e+00,3.107242584228515625e+00,3.079994916915893555e+00,3.053221225738525391e+00,3.026909112930297852e+00,3.001046657562255859e+00,2.975622177124023438e+00,2.950625181198120117e+00,2.926044464111328125e+00,2.901869773864746094e+00,2.878091335296630859e+00,2.854699611663818359e+00,2.831684827804565430e+00,2.809038400650024414e+00,2.786751031875610352e+00,2.764814615249633789e+00,2.743221044540405273e+00,2.721961975097656250e+00,2.701030015945434570e+00,2.680417537689208984e+00,2.660117149353027344e+00,2.640122175216674805e+00,2.620425224304199219e+00,2.601020097732543945e+00,2.581900358200073242e+00,2.563059806823730469e+00,2.544492006301879883e+00,2.526191234588623047e+00,2.508152008056640625e+00,2.490368366241455078e+00,2.472835302352905273e+00,2.455547332763671875e+00,2.438499450683593750e+00,2.421686887741088867e+00,2.405104160308837891e+00,2.388747215270996094e+00,2.372611045837402344e+00,2.356691837310791016e+00,2.340984344482421875e+00,2.325485229492187500e+00,2.310189723968505859e+00,2.295094251632690430e+00,2.280194520950317383e+00,2.265487194061279297e+00,2.250968694686889648e+00,2.236634731292724609e+00,2.222482204437255859e+00,2.208507776260375977e+00,2.194707870483398438e+00,2.181079387664794922e+00,2.167618989944458008e+00,2.154323816299438477e+00,2.141190767288208008e+00,2.128216981887817383e+00,2.115399360656738281e+00,2.102735280990600586e+00,2.090221643447875977e+00,2.077856302261352539e+00,2.065636396408081055e+00,2.053559303283691406e+00,2.041622638702392578e+00
3.775193214416503906e+00,3.735048055648803711e+00,3.695747613906860352e+00,3.657265663146972656e+00,3.619576692581176758e+00,3.582656621932983398e+00,3.546481847763061523e+00,3.511030673980712891e+00,3.476281166076660156e+00,3.442212820053100586e+00,3.408805608749389648e+00,3.376040697097778320e+00,3.343899488449096680e+00,3.312364578247070312e+00,3.281419038772583008e+00,3.251046180725097656e+00,3.221230745315551758e+00,3.191956996917724609e+00,3.163210391998291016e+00,3.134976863861083984e+00,3.107243061065673828e+00,3.079995870590209961e+00,3.053222179412841797e+00,3.026910066604614258e+00,3.001047372817993164e+00,2.975623130798339844e+00,2.950625658035278320e+00,2.926044940948486328e+00,2.901870489120483398e+00,2.878092050552368164e+00,2.854700326919555664e+00,2.831685543060302734e+00,2.809039115905761719e+00,2.786751508712768555e+00,2.764815330505371094e+00,2.743221759796142578e+00,2.721962690353393555e+00,2.701030731201171875e+00,2.680418252944946289e+00,2.660117626190185547e+00,2.640122652053833008e+00,2.620425939559936523e+00,2.601020812988281250e+00,2.581901073455810547e+00,2.563060283660888672e+00,2.544492483139038086e+00,2.526191711425781250e+00,2.508152484893798828e+00,2.490368843078613281e+00,2.472835779190063477e+00,2.455548048019409180e+00,2.438500165939331055e+00,2.421687364578247070e+00,2.405104637145996094e+00,2.388747692108154297e+00,2.372611761093139648e+00,2.356692314147949219e+00,2.340984821319580078e+00,2.325485706329345703e+00,2.310190200805664062e+00,2.295094490051269531e+00,2.280194997787475586e+00,2.265487670898437500e+00,2.250969171524047852e+00,2.236635208129882812e+00,2.222482681274414062e+00,2.208508014678955078e+00,2.194708108901977539e+00,2.181079626083374023e+00,2.167619466781616211e+00,2.154324293136596680e+00,2.141191244125366211e+00,2.128217458724975586e+00,2.115399599075317383e+00,2.102735519409179688e+00,2.090222120285034180e+00,2.077856779098510742e+00,2.065636634826660156e+00,2.053559780120849609e+00,2.041623115539550781e+00
3.775194644927978516e+00,3.735049247741699219e+00,3.695748805999755859e+00,3.657266855239868164e+00,3.619577646255493164e+00,3.582657575607299805e+00,3.546483039855957031e+00,3.511031627655029297e+00,3.476282358169555664e+00,3.442213773727416992e+00,3.408806562423706055e+00,3.376041412353515625e+00,3.343900442123413086e+00,3.312365531921386719e+00,3.281419992446899414e+00,3.251047134399414062e+00,3.221231698989868164e+00,3.191957473754882812e+00,3.163211107254028320e+00,3.134977817535400391e+00,3.107244014739990234e+00,3.079996585845947266e+00,3.053222894668579102e+00,3.026910781860351562e+00,3.001047849655151367e+00,2.975623607635498047e+00,2.950626373291015625e+00,2.926045656204223633e+00,2.901871204376220703e+00,2.878092765808105469e+00,2.854701042175292969e+00,2.831686019897460938e+00,2.809039592742919922e+00,2.786752223968505859e+00,2.764816045761108398e+00,2.743222475051879883e+00,2.721963405609130859e+00,2.701031446456909180e+00,2.680418729782104492e+00,2.660118341445922852e+00,2.640123128890991211e+00,2.620426416397094727e+00,2.601021289825439453e+00,2.581901550292968750e+00,2.563060760498046875e+00,2.544492959976196289e+00,2.526192188262939453e+00,2.508152961730957031e+00,2.490369558334350586e+00,2.472836494445800781e+00,2.455548524856567383e+00,2.438500404357910156e+00,2.421687841415405273e+00,2.405105113983154297e+00,2.388748168945312500e+00,2.372612237930297852e+00,2.356692790985107422e+00,2.340985298156738281e+00,2.325485944747924805e+00,2.310190439224243164e+00,2.295094966888427734e+00,2.280195474624633789e+00,2.265488147735595703e+00,2.250969409942626953e+00,2.236635684967041016e+00,2.222482919692993164e+00,2.208508491516113281e+00,2.194708585739135742e+00,2.181080102920532227e+00,2.167619943618774414e+00,2.154324769973754883e+00,2.141191482543945312e+00,2.128217697143554688e+00,2.115400075912475586e+00,2.102735757827758789e+00,2.090222358703613281e+00,2.077857017517089844e+00,2.065637111663818359e+00,2.053560018539428711e+00,2.041623353958129883e+00
3.775195837020874023e+00,3.735050678253173828e+00,3.695749759674072266e+00,3.657267808914184570e+00,3.619578838348388672e+00,3.582658529281616211e+00,3.546484231948852539e+00,3.511032819747924805e+00,3.476283311843872070e+00,3.442214488983154297e+00,3.408807277679443359e+00,3.376042366027832031e+00,3.343901395797729492e+00,3.312366485595703125e+00,3.281420946121215820e+00,3.251048088073730469e+00,3.221232175827026367e+00,3.191958427429199219e+00,3.163211822509765625e+00,3.134978771209716797e+00,3.107244729995727539e+00,3.079997539520263672e+00,3.053223609924316406e+00,3.026911258697509766e+00,3.001048803329467773e+00,2.975624322891235352e+00,2.950627088546752930e+00,2.926046371459960938e+00,2.901871919631958008e+00,2.878093242645263672e+00,2.854701519012451172e+00,2.831686735153198242e+00,2.809040307998657227e+00,2.786752939224243164e+00,2.764816761016845703e+00,2.743222951889038086e+00,2.721963882446289062e+00,2.701031923294067383e+00,2.680419206619262695e+00,2.660118818283081055e+00,2.640123844146728516e+00,2.620427131652832031e+00,2.601022005081176758e+00,2.581902027130126953e+00,2.563061237335205078e+00,2.544493436813354492e+00,2.526192903518676758e+00,2.508153676986694336e+00,2.490370035171508789e+00,2.472836732864379883e+00,2.455548763275146484e+00,2.438500881195068359e+00,2.421688318252563477e+00,2.405105590820312500e+00,2.388748645782470703e+00,2.372612714767456055e+00,2.356693029403686523e+00,2.340985774993896484e+00,2.325486421585083008e+00,2.310190916061401367e+00,2.295095443725585938e+00,2.280195951461791992e+00,2.265488624572753906e+00,2.250969886779785156e+00,2.236635923385620117e+00,2.222483396530151367e+00,2.208508968353271484e+00,2.194709062576293945e+00,2.181080579757690430e+00,2.167620182037353516e+00,2.154325008392333984e+00,2.141191959381103516e+00,2.128217935562133789e+00,2.115400314331054688e+00,2.102736234664916992e+00,2.090222835540771484e+00,2.077857255935668945e+00,2.065637350082397461e+00,2.053560256958007812e+00,2.041623592376708984e+00
3.775196790695190430e+00,3.735051393508911133e+00,3.695750951766967773e+00,3.657269001007080078e+00,3.619579792022705078e+00,3.582659721374511719e+00,3.546485424041748047e+00,3.511033535003662109e+00,3.476284027099609375e+00,3.442215681076049805e+00,3.408808469772338867e+00,3.376043558120727539e+00,3.343902349472045898e+00,3.312367439270019531e+00,3.281421661376953125e+00,3.251048803329467773e+00,3.221233129501342773e+00,3.191959381103515625e+00,3.163212776184082031e+00,3.134979486465454102e+00,3.107245683670043945e+00,3.079998016357421875e+00,3.053224325180053711e+00,3.026912212371826172e+00,3.001049518585205078e+00,2.975625276565551758e+00,2.950628042221069336e+00,2.926046848297119141e+00,2.901872396469116211e+00,2.878093957901000977e+00,2.854702234268188477e+00,2.831687450408935547e+00,2.809041023254394531e+00,2.786753654479980469e+00,2.764817237854003906e+00,2.743223428726196289e+00,2.721964597702026367e+00,2.701032400131225586e+00,2.680419921875000000e+00,2.660119533538818359e+00,2.640124559402465820e+00,2.620427608489990234e+00,2.601022481918334961e+00,2.581902742385864258e+00,2.563061952590942383e+00,2.544494152069091797e+00,2.526193380355834961e+00,2.508153915405273438e+00,2.490370512008666992e+00,2.472837448120117188e+00,2.455549478530883789e+00,2.438501596450805664e+00,2.421688795089721680e+00,2.405106067657470703e+00,2.388748884201049805e+00,2.372612953186035156e+00,2.356693506240844727e+00,2.340986251831054688e+00,2.325486898422241211e+00,2.310191392898559570e+00,2.295095920562744141e+00,2.280196428298950195e+00,2.265488862991333008e+00,2.250970363616943359e+00,2.236636400222778320e+00,2.222483873367309570e+00,2.208509206771850586e+00,2.194709300994873047e+00,2.181080818176269531e+00,2.167620658874511719e+00,2.154325485229492188e+00,2.141192436218261719e+00,2.128218412399291992e+00,2.115400791168212891e+00,2.102736473083496094e+00,2.090223073959350586e+00,2.077857732772827148e+00,2.065637826919555664e+00,2.053560733795166016e+00,2.041624069213867188e+00
3.775197982788085938e+00,3.735052585601806641e+00,3.695752143859863281e+00,3.657270193099975586e+00,3.619580984115600586e+00,3.582660436630249023e+00,3.546486139297485352e+00,3.511034727096557617e+00,3.476285219192504883e+00,3.442216634750366211e+00,3.408809423446655273e+00,3.376044511795043945e+00,3.343903064727783203e+00,3.312368154525756836e+00,3.281422615051269531e+00,3.251049757003784180e+00,3.221234083175659180e+00,3.191960334777832031e+00,3.163213729858398438e+00,3.134980201721191406e+00,3.107246160507202148e+00,3.079998970031738281e+00,3.053225278854370117e+00,3.026912927627563477e+00,3.001050233840942383e+00,2.975625753402709961e+00,2.950628519058227539e+00,2.926047801971435547e+00,2.901873111724853516e+00,2.878094673156738281e+00,2.854702949523925781e+00,2.831688165664672852e+00,2.809041500091552734e+00,2.786754131317138672e+00,2.764817953109741211e+00,2.743224143981933594e+00,2.721965074539184570e+00,2.701033115386962891e+00,2.680420637130737305e+00,2.660120010375976562e+00,2.640124797821044922e+00,2.620428085327148438e+00,2.601022958755493164e+00,2.581903219223022461e+00,2.563062429428100586e+00,2.544494628906250000e+00,2.526193857192993164e+00,2.508154630661010742e+00,2.490370988845825195e+00,2.472837924957275391e+00,2.455549955368041992e+00,2.438502073287963867e+00,2.421689033508300781e+00,2.405106544494628906e+00,2.388749599456787109e+00,2.372613430023193359e+00,2.356693983078002930e+00,2.340986728668212891e+00,2.325487375259399414e+00,2.310191869735717773e+00,2.295096397399902344e+00,2.280196905136108398e+00,2.265489578247070312e+00,2.250970840454101562e+00,2.236636877059936523e+00,2.222484350204467773e+00,2.208509922027587891e+00,2.194709777832031250e+00,2.181081533432006836e+00,2.167621135711669922e+00,2.154325962066650391e+00,2.141192913055419922e+00,2.128218889236450195e+00,2.115401268005371094e+00,2.102737188339233398e+00,2.090223789215087891e+00,2.077858448028564453e+00,2.065638303756713867e+00,2.053561449050903320e+00,2.041624784469604492e+00
3.775199174880981445e+00,3.735054016113281250e+00,3.695753335952758789e+00,3.657270908355712891e+00,3.619581937789916992e+00,3.582661628723144531e+00,3.546487092971801758e+00,3.511035680770874023e+00,3.476286172866821289e+00,3.442217588424682617e+00,3.408810138702392578e+00,3.376045227050781250e+00,3.343904018402099609e+00,3.312369108200073242e+00,3.281423568725585938e+00,3.251050710678100586e+00,3.221235036849975586e+00,3.191960811614990234e+00,3.163214206695556641e+00,3.134981155395507812e+00,3.107247114181518555e+00,3.079999685287475586e+00,3.053225994110107422e+00,3.026913881301879883e+00,3.001050949096679688e+00,2.975626468658447266e+00,2.950629234313964844e+00,2.926048517227172852e+00,2.901874065399169922e+00,2.878095388412475586e+00,2.854703426361083984e+00,2.831688642501831055e+00,2.809042215347290039e+00,2.786754846572875977e+00,2.764818668365478516e+00,2.743224859237670898e+00,2.721965789794921875e+00,2.701033592224121094e+00,2.680421113967895508e+00,2.660120725631713867e+00,2.640125751495361328e+00,2.620428800582885742e+00,2.601023674011230469e+00,2.581903934478759766e+00,2.563063144683837891e+00,2.544495344161987305e+00,2.526194810867309570e+00,2.508155345916748047e+00,2.490371942520141602e+00,2.472838640213012695e+00,2.455550909042358398e+00,2.438502788543701172e+00,2.421690225601196289e+00,2.405107498168945312e+00,2.388750553131103516e+00,2.372614383697509766e+00,2.356694936752319336e+00,2.340987682342529297e+00,2.325488328933715820e+00,2.310192823410034180e+00,2.295097351074218750e+00,2.280197858810424805e+00,2.265490293502807617e+00,2.250971794128417969e+00,2.236637830734252930e+00,2.222485303878784180e+00,2.208510637283325195e+00,2.194710731506347656e+00,2.181082248687744141e+00,2.167622089385986328e+00,2.154326915740966797e+00,2.141193866729736328e+00,2.128219842910766602e+00,2.115402221679687500e+00,2.102737903594970703e+00,2.090224504470825195e+00,2.077859163284301758e+00,2.065639257431030273e+00,2.053562164306640625e+00,2.041625499725341797e+00
3.775200605392456055e+00,3.735055208206176758e+00,3.695754051208496094e+00,3.657272100448608398e+00,3.619583129882812500e+00,3.582662820816040039e+00,3.546488285064697266e+00,3.511036872863769531e+00,3.476286888122558594e+00,3.442218303680419922e+00,3.408811092376708984e+00,3.376046180725097656e+00,3.343905210494995117e+00,3.312370061874389648e+00,3.281424522399902344e+00,3.251051664352416992e+00,3.221235990524291992e+00,3.191962242126464844e+00,3.163215637207031250e+00,3.134982347488403320e+00,3.107248306274414062e+00,3.080000877380371094e+00,3.053227186203002930e+00,3.026914834976196289e+00,3.001052141189575195e+00,2.975627899169921875e+00,2.950630664825439453e+00,2.926049709320068359e+00,2.901875257492065430e+00,2.878096818923950195e+00,2.854704856872558594e+00,2.831690073013305664e+00,2.809043407440185547e+00,2.786756277084350586e+00,2.764819860458374023e+00,2.743226289749145508e+00,2.721967220306396484e+00,2.701035022735595703e+00,2.680422544479370117e+00,2.660122156143188477e+00,2.640126943588256836e+00,2.620430231094360352e+00,2.601024866104125977e+00,2.581905126571655273e+00,2.563064336776733398e+00,2.544496536254882812e+00,2.526195764541625977e+00,2.508156538009643555e+00,2.490372896194458008e+00,2.472839832305908203e+00,2.455551862716674805e+00,2.438503980636596680e+00,2.421691179275512695e+00,2.405108451843261719e+00,2.388751506805419922e+00,2.372615337371826172e+00,2.356695890426635742e+00,2.340988636016845703e+00,2.325489282608032227e+00,2.310193777084350586e+00,2.295098304748535156e+00,2.280198812484741211e+00,2.265491247177124023e+00,2.250972509384155273e+00,2.236638784408569336e+00,2.222486019134521484e+00,2.208511590957641602e+00,2.194711685180664062e+00,2.181083202362060547e+00,2.167622804641723633e+00,2.154327630996704102e+00,2.141194581985473633e+00,2.128220558166503906e+00,2.115402936935424805e+00,2.102738857269287109e+00,2.090225219726562500e+00,2.077859878540039062e+00,2.065639972686767578e+00,2.053562879562377930e+00,2.041626214981079102e+00
3.775202512741088867e+00,3.735057115554809570e+00,3.695756435394287109e+00,3.657274246215820312e+00,3.619585037231445312e+00,3.582664966583251953e+00,3.546490192413330078e+00,3.511038780212402344e+00,3.476289272308349609e+00,3.442220687866210938e+00,3.408813238143920898e+00,3.376048326492309570e+00,3.343907117843627930e+00,3.312372207641601562e+00,3.281426429748535156e+00,3.251053571701049805e+00,3.221237897872924805e+00,3.191963911056518555e+00,3.163217306137084961e+00,3.134984016418457031e+00,3.107249975204467773e+00,3.080002546310424805e+00,3.053228855133056641e+00,3.026916503906250000e+00,3.001053810119628906e+00,2.975629329681396484e+00,2.950632095336914062e+00,2.926051378250122070e+00,2.901876688003540039e+00,2.878098249435424805e+00,2.854706287384033203e+00,2.831691503524780273e+00,2.809044837951660156e+00,2.786757707595825195e+00,2.764821290969848633e+00,2.743227481842041016e+00,2.721968412399291992e+00,2.701036453247070312e+00,2.680423736572265625e+00,2.660123348236083984e+00,2.640128135681152344e+00,2.620431423187255859e+00,2.601026296615600586e+00,2.581906318664550781e+00,2.563065528869628906e+00,2.544497728347778320e+00,2.526196956634521484e+00,2.508157730102539062e+00,2.490374088287353516e+00,2.472841024398803711e+00,2.455553054809570312e+00,2.438504934310913086e+00,2.421692132949829102e+00,2.405109643936157227e+00,2.388752460479736328e+00,2.372616529464721680e+00,2.356697082519531250e+00,2.340989589691162109e+00,2.325490236282348633e+00,2.310194730758666992e+00,2.295099258422851562e+00,2.280199766159057617e+00,2.265492200851440430e+00,2.250973463058471680e+00,2.236639499664306641e+00,2.222486972808837891e+00,2.208512306213378906e+00,2.194712400436401367e+00,2.181083917617797852e+00,2.167623758316040039e+00,2.154328584671020508e+00,2.141195297241210938e+00,2.128221511840820312e+00,2.115403652191162109e+00,2.102739572525024414e+00,2.090226173400878906e+00,2.077860593795776367e+00,2.065640687942504883e+00,2.053563594818115234e+00,2.041626930236816406e+00
3.775204896926879883e+00,3.735059499740600586e+00,3.695758819580078125e+00,3.657276630401611328e+00,3.619587421417236328e+00,3.582667112350463867e+00,3.546492576599121094e+00,3.511041164398193359e+00,3.476291418075561523e+00,3.442222833633422852e+00,3.408815383911132812e+00,3.376050233840942383e+00,3.343909263610839844e+00,3.312374114990234375e+00,3.281428337097167969e+00,3.251055479049682617e+00,3.221239805221557617e+00,3.191965818405151367e+00,3.163219213485717773e+00,3.134985923767089844e+00,3.107251882553100586e+00,3.080004453659057617e+00,3.053230524063110352e+00,3.026918172836303711e+00,3.001055479049682617e+00,2.975630998611450195e+00,2.950633764266967773e+00,2.926052808761596680e+00,2.901878118515014648e+00,2.878099679946899414e+00,2.854707717895507812e+00,2.831692934036254883e+00,2.809046268463134766e+00,2.786758899688720703e+00,2.764822721481323242e+00,2.743228912353515625e+00,2.721969842910766602e+00,2.701037645339965820e+00,2.680424928665161133e+00,2.660124540328979492e+00,2.640129327774047852e+00,2.620432615280151367e+00,2.601027488708496094e+00,2.581907510757446289e+00,2.563066720962524414e+00,2.544498920440673828e+00,2.526198148727416992e+00,2.508158922195434570e+00,2.490375280380249023e+00,2.472841978073120117e+00,2.455554008483886719e+00,2.438506126403808594e+00,2.421693325042724609e+00,2.405110597610473633e+00,2.388753414154052734e+00,2.372617483139038086e+00,2.356698036193847656e+00,2.340990543365478516e+00,2.325491189956665039e+00,2.310195684432983398e+00,2.295100212097167969e+00,2.280200481414794922e+00,2.265493154525756836e+00,2.250974416732788086e+00,2.236640453338623047e+00,2.222487926483154297e+00,2.208513259887695312e+00,2.194713354110717773e+00,2.181084871292114258e+00,2.167624473571777344e+00,2.154329299926757812e+00,2.141196250915527344e+00,2.128222227096557617e+00,2.115404605865478516e+00,2.102740287780761719e+00,2.090226888656616211e+00,2.077861547470092773e+00,2.065641403198242188e+00,2.053564310073852539e+00,2.041627645492553711e+00
3.775207519531250000e+00,3.735062122344970703e+00,3.695761203765869141e+00,3.657279014587402344e+00,3.619589805603027344e+00,3.582669496536254883e+00,3.546494722366333008e+00,3.511043310165405273e+00,3.476293563842773438e+00,3.442224979400634766e+00,3.408817529678344727e+00,3.376052379608154297e+00,3.343911170959472656e+00,3.312376022338867188e+00,3.281430244445800781e+00,3.251057386398315430e+00,3.221241474151611328e+00,3.191967725753784180e+00,3.163220882415771484e+00,3.134987592697143555e+00,3.107253551483154297e+00,3.080006122589111328e+00,3.053232192993164062e+00,3.026919841766357422e+00,3.001057147979736328e+00,2.975632667541503906e+00,2.950635194778442383e+00,2.926054477691650391e+00,2.901879787445068359e+00,2.878101110458374023e+00,2.854709386825561523e+00,2.831694364547729492e+00,2.809047698974609375e+00,2.786760330200195312e+00,2.764824151992797852e+00,2.743230342864990234e+00,2.721971035003662109e+00,2.701039075851440430e+00,2.680426359176635742e+00,2.660125970840454102e+00,2.640130758285522461e+00,2.620433807373046875e+00,2.601028680801391602e+00,2.581908702850341797e+00,2.563067913055419922e+00,2.544500112533569336e+00,2.526199340820312500e+00,2.508159875869750977e+00,2.490376234054565430e+00,2.472843170166015625e+00,2.455555200576782227e+00,2.438507080078125000e+00,2.421694278717041016e+00,2.405111551284790039e+00,2.388754606246948242e+00,2.372618436813354492e+00,2.356698989868164062e+00,2.340991497039794922e+00,2.325492143630981445e+00,2.310196638107299805e+00,2.295101165771484375e+00,2.280201435089111328e+00,2.265494108200073242e+00,2.250975370407104492e+00,2.236641407012939453e+00,2.222488880157470703e+00,2.208514213562011719e+00,2.194714307785034180e+00,2.181085824966430664e+00,2.167625427246093750e+00,2.154330253601074219e+00,2.141196966171264648e+00,2.128222942352294922e+00,2.115405321121215820e+00,2.102741241455078125e+00,2.090227603912353516e+00,2.077862262725830078e+00,2.065642118453979492e+00,2.053565263748168945e+00,2.041628360748291016e+00
3.775210142135620117e+00,3.735064506530761719e+00,3.695763587951660156e+00,3.657281398773193359e+00,3.619592189788818359e+00,3.582671880722045898e+00,3.546497106552124023e+00,3.511045455932617188e+00,3.476295709609985352e+00,3.442226886749267578e+00,3.408819675445556641e+00,3.376054525375366211e+00,3.343913316726684570e+00,3.312377929687500000e+00,3.281432390213012695e+00,3.251059293746948242e+00,3.221243381500244141e+00,3.191969394683837891e+00,3.163222789764404297e+00,3.134989261627197266e+00,3.107255220413208008e+00,3.080007791519165039e+00,3.053233861923217773e+00,3.026921510696411133e+00,3.001058816909790039e+00,2.975634098052978516e+00,2.950636863708496094e+00,2.926055908203125000e+00,2.901881217956542969e+00,2.878102779388427734e+00,2.854710817337036133e+00,2.831695795059204102e+00,2.809049129486083984e+00,2.786761760711669922e+00,2.764825344085693359e+00,2.743231534957885742e+00,2.721972465515136719e+00,2.701040267944335938e+00,2.680427551269531250e+00,2.660127162933349609e+00,2.640131950378417969e+00,2.620434999465942383e+00,2.601029872894287109e+00,2.581909894943237305e+00,2.563069105148315430e+00,2.544501304626464844e+00,2.526200294494628906e+00,2.508161067962646484e+00,2.490377426147460938e+00,2.472844123840332031e+00,2.455556154251098633e+00,2.438508272171020508e+00,2.421695470809936523e+00,2.405112743377685547e+00,2.388755559921264648e+00,2.372619390487670898e+00,2.356699943542480469e+00,2.340992450714111328e+00,2.325493097305297852e+00,2.310197591781616211e+00,2.295102119445800781e+00,2.280202388763427734e+00,2.265495061874389648e+00,2.250976324081420898e+00,2.236642360687255859e+00,2.222489595413208008e+00,2.208514928817749023e+00,2.194715023040771484e+00,2.181086540222167969e+00,2.167626142501831055e+00,2.154330968856811523e+00,2.141197919845581055e+00,2.128223896026611328e+00,2.115406036376953125e+00,2.102741956710815430e+00,2.090228557586669922e+00,2.077862977981567383e+00,2.065643072128295898e+00,2.053565979003906250e+00,2.041629076004028320e+00
3.775212526321411133e+00,3.735066890716552734e+00,3.695766210556030273e+00,3.657283782958984375e+00,3.619594573974609375e+00,3.582674026489257812e+00,3.546499252319335938e+00,3.511047601699829102e+00,3.476297855377197266e+00,3.442229032516479492e+00,3.408821582794189453e+00,3.376056432723999023e+00,3.343915224075317383e+00,3.312380075454711914e+00,3.281434297561645508e+00,3.251061201095581055e+00,3.221245288848876953e+00,3.191971302032470703e+00,3.163224458694458008e+00,3.134991168975830078e+00,3.107256889343261719e+00,3.080009460449218750e+00,3.053235530853271484e+00,3.026923179626464844e+00,3.001060247421264648e+00,2.975635766983032227e+00,2.950638294219970703e+00,2.926057338714599609e+00,2.901882648468017578e+00,2.878104209899902344e+00,2.854712247848510742e+00,2.831697225570678711e+00,2.809050559997558594e+00,2.786763191223144531e+00,2.764826774597167969e+00,2.743232965469360352e+00,2.721973657608032227e+00,2.701041460037231445e+00,2.680428981781005859e+00,2.660128355026245117e+00,2.640133142471313477e+00,2.620436191558837891e+00,2.601031064987182617e+00,2.581911087036132812e+00,2.563070297241210938e+00,2.544502258300781250e+00,2.526201486587524414e+00,2.508162260055541992e+00,2.490378618240356445e+00,2.472845315933227539e+00,2.455557346343994141e+00,2.438509225845336914e+00,2.421696424484252930e+00,2.405113697052001953e+00,2.388756513595581055e+00,2.372620582580566406e+00,2.356700897216796875e+00,2.340993404388427734e+00,2.325494050979614258e+00,2.310198545455932617e+00,2.295103073120117188e+00,2.280203342437744141e+00,2.265496015548706055e+00,2.250977039337158203e+00,2.236643075942993164e+00,2.222490549087524414e+00,2.208515882492065430e+00,2.194715976715087891e+00,2.181087493896484375e+00,2.167627096176147461e+00,2.154331684112548828e+00,2.141198635101318359e+00,2.128224611282348633e+00,2.115406990051269531e+00,2.102742671966552734e+00,2.090229272842407227e+00,2.077863693237304688e+00,2.065643787384033203e+00,2.053566694259643555e+00,2.041629791259765625e+00
3.775215148925781250e+00,3.735069513320922852e+00,3.695768594741821289e+00,3.657286167144775391e+00,3.619596958160400391e+00,3.582676410675048828e+00,3.546501636505126953e+00,3.511049747467041016e+00,3.476300001144409180e+00,3.442231178283691406e+00,3.408823728561401367e+00,3.376058578491210938e+00,3.343917131423950195e+00,3.312381982803344727e+00,3.281436204910278320e+00,3.251063108444213867e+00,3.221247196197509766e+00,3.191973209381103516e+00,3.163226366043090820e+00,3.134992837905883789e+00,3.107258796691894531e+00,3.080011129379272461e+00,3.053237199783325195e+00,3.026924848556518555e+00,3.001061916351318359e+00,2.975637435913085938e+00,2.950639963150024414e+00,2.926059007644653320e+00,2.901884317398071289e+00,2.878105640411376953e+00,2.854713678359985352e+00,2.831698656082153320e+00,2.809051990509033203e+00,2.786764621734619141e+00,2.764828205108642578e+00,2.743234157562255859e+00,2.721975088119506836e+00,2.701042890548706055e+00,2.680430173873901367e+00,2.660129547119140625e+00,2.640134334564208984e+00,2.620437383651733398e+00,2.601032257080078125e+00,2.581912279129028320e+00,2.563071489334106445e+00,2.544503450393676758e+00,2.526202678680419922e+00,2.508163213729858398e+00,2.490379571914672852e+00,2.472846508026123047e+00,2.455558300018310547e+00,2.438510417938232422e+00,2.421697378158569336e+00,2.405114650726318359e+00,2.388757467269897461e+00,2.372621536254882812e+00,2.356701850891113281e+00,2.340994358062744141e+00,2.325495004653930664e+00,2.310199499130249023e+00,2.295104026794433594e+00,2.280204296112060547e+00,2.265496730804443359e+00,2.250977993011474609e+00,2.236644029617309570e+00,2.222491502761840820e+00,2.208516836166381836e+00,2.194716691970825195e+00,2.181088209152221680e+00,2.167627811431884766e+00,2.154332637786865234e+00,2.141199588775634766e+00,2.128225564956665039e+00,2.115407705307006836e+00,2.102743625640869141e+00,2.090229988098144531e+00,2.077864646911621094e+00,2.065644502639770508e+00,2.053567647933959961e+00,2.041630744934082031e+00
3.775217771530151367e+00,3.735071897506713867e+00,3.695770978927612305e+00,3.657288551330566406e+00,3.619599103927612305e+00,3.582678556442260742e+00,3.546503782272338867e+00,3.511052131652832031e+00,3.476302146911621094e+00,3.442233324050903320e+00,3.408825874328613281e+00,3.376060485839843750e+00,3.343919277191162109e+00,3.312383890151977539e+00,3.281438112258911133e+00,3.251065015792846680e+00,3.221248865127563477e+00,3.191974878311157227e+00,3.163228034973144531e+00,3.134994506835937500e+00,3.107260465621948242e+00,3.080012798309326172e+00,3.053238868713378906e+00,3.026926517486572266e+00,3.001063585281372070e+00,2.975638866424560547e+00,2.950641393661499023e+00,2.926060438156127930e+00,2.901885747909545898e+00,2.878107070922851562e+00,2.854715108871459961e+00,2.831700086593627930e+00,2.809053421020507812e+00,2.786766052246093750e+00,2.764829397201538086e+00,2.743235588073730469e+00,2.721976518630981445e+00,2.701044082641601562e+00,2.680431365966796875e+00,2.660130977630615234e+00,2.640135765075683594e+00,2.620438814163208008e+00,2.601033449172973633e+00,2.581913471221923828e+00,2.563072681427001953e+00,2.544504642486572266e+00,2.526203870773315430e+00,2.508164405822753906e+00,2.490380764007568359e+00,2.472847461700439453e+00,2.455559492111206055e+00,2.438511371612548828e+00,2.421698570251464844e+00,2.405115842819213867e+00,2.388758659362792969e+00,2.372622489929199219e+00,2.356703042984008789e+00,2.340995550155639648e+00,2.325495958328247070e+00,2.310200452804565430e+00,2.295104980468750000e+00,2.280205249786376953e+00,2.265497684478759766e+00,2.250978946685791016e+00,2.236644983291625977e+00,2.222492218017578125e+00,2.208517551422119141e+00,2.194717645645141602e+00,2.181089162826538086e+00,2.167629003524780273e+00,2.154333591461181641e+00,2.141200542449951172e+00,2.128226518630981445e+00,2.115408658981323242e+00,2.102744340896606445e+00,2.090230941772460938e+00,2.077865362167358398e+00,2.065645456314086914e+00,2.053568363189697266e+00,2.041631460189819336e+00
3.775220155715942383e+00,3.735074520111083984e+00,3.695773363113403320e+00,3.657290935516357422e+00,3.619601488113403320e+00,3.582680940628051758e+00,3.546506166458129883e+00,3.511054277420043945e+00,3.476304292678833008e+00,3.442235469818115234e+00,3.408827781677246094e+00,3.376062631607055664e+00,3.343921184539794922e+00,3.312385797500610352e+00,3.281440019607543945e+00,3.251066923141479492e+00,3.221250772476196289e+00,3.191976785659790039e+00,3.163229942321777344e+00,3.134996414184570312e+00,3.107262134552001953e+00,3.080014467239379883e+00,3.053240537643432617e+00,3.026927947998046875e+00,3.001065254211425781e+00,2.975640535354614258e+00,2.950643062591552734e+00,2.926062107086181641e+00,2.901887178421020508e+00,2.878108501434326172e+00,2.854716539382934570e+00,2.831701517105102539e+00,2.809054851531982422e+00,2.786767244338989258e+00,2.764830827713012695e+00,2.743237018585205078e+00,2.721977710723876953e+00,2.701045513153076172e+00,2.680432796478271484e+00,2.660132169723510742e+00,2.640136957168579102e+00,2.620440006256103516e+00,2.601034641265869141e+00,2.581914663314819336e+00,2.563073635101318359e+00,2.544505834579467773e+00,2.526205062866210938e+00,2.508165597915649414e+00,2.490381717681884766e+00,2.472848653793334961e+00,2.455560445785522461e+00,2.438512325286865234e+00,2.421699523925781250e+00,2.405116796493530273e+00,2.388759613037109375e+00,2.372623443603515625e+00,2.356703996658325195e+00,2.340996503829956055e+00,2.325496912002563477e+00,2.310201644897460938e+00,2.295105934143066406e+00,2.280206441879272461e+00,2.265498876571655273e+00,2.250979900360107422e+00,2.236645936965942383e+00,2.222493410110473633e+00,2.208518743515014648e+00,2.194718599319458008e+00,2.181090116500854492e+00,2.167629718780517578e+00,2.154334306716918945e+00,2.141201257705688477e+00,2.128227233886718750e+00,2.115409374237060547e+00,2.102745294570922852e+00,2.090231657028198242e+00,2.077866315841674805e+00,2.065646171569824219e+00,2.053569078445434570e+00,2.041632175445556641e+00
3.775222778320312500e+00,3.735076904296875000e+00,3.695775985717773438e+00,3.657293319702148438e+00,3.619603872299194336e+00,3.582683324813842773e+00,3.546508312225341797e+00,3.511056423187255859e+00,3.476306438446044922e+00,3.442237615585327148e+00,3.408829927444458008e+00,3.376064538955688477e+00,3.343923330307006836e+00,3.312387943267822266e+00,3.281441926956176758e+00,3.251068830490112305e+00,3.221252679824829102e+00,3.191978454589843750e+00,3.163231611251831055e+00,3.134998083114624023e+00,3.107263803482055664e+00,3.080016136169433594e+00,3.053242206573486328e+00,3.026929616928100586e+00,3.001066684722900391e+00,2.975642204284667969e+00,2.950644493103027344e+00,2.926063537597656250e+00,2.901888847351074219e+00,2.878110170364379883e+00,2.854717969894409180e+00,2.831702947616577148e+00,2.809056282043457031e+00,2.786768674850463867e+00,2.764832258224487305e+00,2.743238210678100586e+00,2.721979141235351562e+00,2.701046705245971680e+00,2.680433988571166992e+00,2.660133361816406250e+00,2.640138149261474609e+00,2.620441198348999023e+00,2.601035833358764648e+00,2.581915855407714844e+00,2.563074827194213867e+00,2.544507026672363281e+00,2.526206016540527344e+00,2.508166790008544922e+00,2.490382909774780273e+00,2.472849607467651367e+00,2.455561637878417969e+00,2.438513755798339844e+00,2.421700716018676758e+00,2.405117988586425781e+00,2.388760805130004883e+00,2.372624635696411133e+00,2.356705188751220703e+00,2.340997457504272461e+00,2.325498104095458984e+00,2.310202598571777344e+00,2.295106887817382812e+00,2.280207157135009766e+00,2.265499830245971680e+00,2.250980854034423828e+00,2.236646890640258789e+00,2.222494125366210938e+00,2.208519458770751953e+00,2.194719552993774414e+00,2.181091070175170898e+00,2.167630672454833984e+00,2.154335260391235352e+00,2.141202211380004883e+00,2.128227949142456055e+00,2.115410327911376953e+00,2.102746009826660156e+00,2.090232372283935547e+00,2.077867031097412109e+00,2.065646886825561523e+00,2.053569793701171875e+00,2.041632890701293945e+00
3.775225400924682617e+00,3.735079526901245117e+00,3.695778369903564453e+00,3.657295703887939453e+00,3.619606256484985352e+00,3.582685470581054688e+00,3.546510457992553711e+00,3.511058568954467773e+00,3.476308584213256836e+00,3.442239761352539062e+00,3.408832073211669922e+00,3.376066684722900391e+00,3.343925237655639648e+00,3.312389850616455078e+00,3.281443834304809570e+00,3.251070737838745117e+00,3.221254587173461914e+00,3.191980361938476562e+00,3.163233518600463867e+00,3.134999990463256836e+00,3.107265472412109375e+00,3.080018043518066406e+00,3.053243875503540039e+00,3.026931285858154297e+00,3.001068353652954102e+00,2.975643634796142578e+00,2.950646162033081055e+00,2.926065206527709961e+00,2.901890277862548828e+00,2.878111600875854492e+00,2.854719400405883789e+00,2.831704378128051758e+00,2.809057712554931641e+00,2.786770105361938477e+00,2.764833688735961914e+00,2.743239641189575195e+00,2.721980333328247070e+00,2.701048135757446289e+00,2.680435180664062500e+00,2.660134792327880859e+00,2.640139341354370117e+00,2.620442390441894531e+00,2.601037025451660156e+00,2.581917285919189453e+00,2.563076257705688477e+00,2.544508457183837891e+00,2.526207447052001953e+00,2.508167982101440430e+00,2.490384340286254883e+00,2.472851037979125977e+00,2.455562829971313477e+00,2.438514709472656250e+00,2.421701908111572266e+00,2.405118942260742188e+00,2.388761758804321289e+00,2.372625589370727539e+00,2.356706142425537109e+00,2.340998649597167969e+00,2.325499057769775391e+00,2.310203552246093750e+00,2.295107841491699219e+00,2.280208110809326172e+00,2.265500545501708984e+00,2.250981807708740234e+00,2.236647844314575195e+00,2.222495079040527344e+00,2.208520412445068359e+00,2.194720268249511719e+00,2.181091785430908203e+00,2.167631387710571289e+00,2.154335975646972656e+00,2.141202926635742188e+00,2.128228902816772461e+00,2.115411043167114258e+00,2.102746725082397461e+00,2.090233325958251953e+00,2.077867746353149414e+00,2.065647602081298828e+00,2.053570508956909180e+00,2.041633844375610352e+00
3.775227785110473633e+00,3.735081911087036133e+00,3.695780754089355469e+00,3.657298088073730469e+00,3.619608640670776367e+00,3.582687854766845703e+00,3.546512842178344727e+00,3.511060953140258789e+00,3.476310968399047852e+00,3.442241907119750977e+00,3.408834218978881836e+00,3.376068592071533203e+00,3.343927145004272461e+00,3.312391757965087891e+00,3.281445741653442383e+00,3.251072645187377930e+00,3.221256494522094727e+00,3.191982269287109375e+00,3.163235187530517578e+00,3.135001659393310547e+00,3.107267379760742188e+00,3.080019712448120117e+00,3.053245544433593750e+00,3.026932954788208008e+00,3.001070022583007812e+00,2.975645303726196289e+00,2.950647592544555664e+00,2.926066637039184570e+00,2.901891708374023438e+00,2.878113031387329102e+00,2.854720830917358398e+00,2.831705808639526367e+00,2.809059143066406250e+00,2.786771535873413086e+00,2.764834880828857422e+00,2.743241310119628906e+00,2.721982002258300781e+00,2.701049566268920898e+00,2.680436849594116211e+00,2.660136222839355469e+00,2.640140771865844727e+00,2.620443820953369141e+00,2.601038455963134766e+00,2.581918478012084961e+00,2.563077449798583984e+00,2.544509410858154297e+00,2.526208639144897461e+00,2.508169174194335938e+00,2.490385293960571289e+00,2.472851991653442383e+00,2.455564022064208984e+00,2.438515901565551758e+00,2.421702861785888672e+00,2.405120134353637695e+00,2.388762950897216797e+00,2.372626781463623047e+00,2.356707096099853516e+00,2.340999603271484375e+00,2.325500011444091797e+00,2.310204505920410156e+00,2.295108795166015625e+00,2.280209064483642578e+00,2.265501499176025391e+00,2.250982761383056641e+00,2.236648559570312500e+00,2.222496032714843750e+00,2.208521366119384766e+00,2.194721221923828125e+00,2.181092739105224609e+00,2.167632341384887695e+00,2.154336929321289062e+00,2.141203641891479492e+00,2.128229618072509766e+00,2.115411758422851562e+00,2.102747678756713867e+00,2.090234041213989258e+00,2.077868461608886719e+00,2.065648317337036133e+00,2.053570985794067383e+00,2.041634321212768555e+00
3.775230407714843750e+00,3.735084533691406250e+00,3.695783138275146484e+00,3.657300472259521484e+00,3.619611024856567383e+00,3.582690238952636719e+00,3.546514987945556641e+00,3.511063098907470703e+00,3.476313114166259766e+00,3.442244052886962891e+00,3.408836126327514648e+00,3.376070737838745117e+00,3.343929290771484375e+00,3.312393665313720703e+00,3.281447649002075195e+00,3.251074314117431641e+00,3.221258163452148438e+00,3.191983938217163086e+00,3.163237094879150391e+00,3.135003328323364258e+00,3.107269048690795898e+00,3.080021381378173828e+00,3.053247213363647461e+00,3.026934623718261719e+00,3.001071691513061523e+00,2.975646972656250000e+00,2.950649499893188477e+00,2.926068305969238281e+00,2.901893615722656250e+00,2.878114700317382812e+00,2.854722738265991211e+00,2.831707477569580078e+00,2.809060573577880859e+00,2.786773204803466797e+00,2.764836549758911133e+00,2.743242502212524414e+00,2.721983194351196289e+00,2.701050996780395508e+00,2.680438041687011719e+00,2.660137414932250977e+00,2.640142202377319336e+00,2.620445013046264648e+00,2.601039648056030273e+00,2.581919670104980469e+00,2.563078641891479492e+00,2.544510602951049805e+00,2.526209831237792969e+00,2.508170127868652344e+00,2.490386486053466797e+00,2.472853183746337891e+00,2.455564975738525391e+00,2.438516855239868164e+00,2.421703815460205078e+00,2.405121088027954102e+00,2.388763904571533203e+00,2.372627496719360352e+00,2.356707811355590820e+00,2.341000318527221680e+00,2.325500726699829102e+00,2.310205221176147461e+00,2.295109510421752930e+00,2.280209779739379883e+00,2.265502214431762695e+00,2.250983476638793945e+00,2.236649274826049805e+00,2.222496747970581055e+00,2.208521842956542969e+00,2.194721937179565430e+00,2.181093215942382812e+00,2.167632818222045898e+00,2.154337406158447266e+00,2.141204357147216797e+00,2.128230333328247070e+00,2.115412473678588867e+00,2.102748155593872070e+00,2.090234518051147461e+00,2.077868938446044922e+00,2.065649032592773438e+00,2.053571939468383789e+00,2.041635036468505859e+00
3.775233030319213867e+00,3.735086917877197266e+00,3.695785760879516602e+00,3.657302856445312500e+00,3.619613170623779297e+00,3.582692384719848633e+00,3.546517372131347656e+00,3.511065244674682617e+00,3.476315259933471680e+00,3.442245960235595703e+00,3.408838272094726562e+00,3.376072645187377930e+00,3.343931198120117188e+00,3.312395811080932617e+00,3.281449556350708008e+00,3.251076221466064453e+00,3.221260070800781250e+00,3.191985845565795898e+00,3.163239002227783203e+00,3.135005474090576172e+00,3.107270956039428711e+00,3.080023288726806641e+00,3.053249120712280273e+00,3.026936531066894531e+00,3.001073360443115234e+00,2.975648641586303711e+00,2.950651168823242188e+00,2.926069974899291992e+00,2.901895046234130859e+00,2.878116130828857422e+00,2.854724168777465820e+00,2.831708669662475586e+00,2.809061765670776367e+00,2.786774396896362305e+00,2.764837741851806641e+00,2.743243694305419922e+00,2.721984386444091797e+00,2.701051950454711914e+00,2.680439233779907227e+00,2.660138368606567383e+00,2.640143156051635742e+00,2.620445966720581055e+00,2.601040601730346680e+00,2.581920623779296875e+00,2.563079595565795898e+00,2.544511556625366211e+00,2.526210546493530273e+00,2.508171081542968750e+00,2.490387439727783203e+00,2.472853899002075195e+00,2.455565929412841797e+00,2.438517570495605469e+00,2.421704769134521484e+00,2.405121803283691406e+00,2.388764619827270508e+00,2.372628450393676758e+00,2.356708765029907227e+00,2.341001272201538086e+00,2.325501680374145508e+00,2.310206174850463867e+00,2.295110464096069336e+00,2.280210733413696289e+00,2.265503168106079102e+00,2.250984191894531250e+00,2.236650228500366211e+00,2.222497463226318359e+00,2.208522796630859375e+00,2.194722652435302734e+00,2.181094169616699219e+00,2.167633771896362305e+00,2.154338359832763672e+00,2.141205072402954102e+00,2.128231048583984375e+00,2.115413188934326172e+00,2.102748870849609375e+00,2.090235471725463867e+00,2.077869892120361328e+00,2.065649747848510742e+00,2.053572654724121094e+00,2.041635751724243164e+00
3.775235652923583984e+00,3.735089540481567383e+00,3.695788145065307617e+00,3.657305240631103516e+00,3.619615554809570312e+00,3.582694768905639648e+00,3.546519517898559570e+00,3.511067390441894531e+00,3.476317167282104492e+00,3.442247867584228516e+00,3.408840417861938477e+00,3.376074790954589844e+00,3.343933343887329102e+00,3.312397718429565430e+00,3.281451702117919922e+00,3.251078367233276367e+00,3.221261978149414062e+00,3.191987752914428711e+00,3.163240671157836914e+00,3.135006904602050781e+00,3.107272624969482422e+00,3.080024719238281250e+00,3.053250551223754883e+00,3.026937961578369141e+00,3.001074790954589844e+00,2.975650072097778320e+00,2.950652360916137695e+00,2.926071166992187500e+00,2.901896238327026367e+00,2.878117561340332031e+00,2.854725360870361328e+00,2.831710100173950195e+00,2.809063196182250977e+00,2.786775588989257812e+00,2.764839172363281250e+00,2.743245124816894531e+00,2.721985578536987305e+00,2.701053380966186523e+00,2.680440425872802734e+00,2.660139799118041992e+00,2.640144348144531250e+00,2.620447158813476562e+00,2.601041793823242188e+00,2.581921815872192383e+00,2.563080787658691406e+00,2.544512748718261719e+00,2.526211738586425781e+00,2.508172273635864258e+00,2.490388393402099609e+00,2.472855091094970703e+00,2.455566883087158203e+00,2.438518762588500977e+00,2.421705722808837891e+00,2.405122995376586914e+00,2.388765573501586914e+00,2.372629404067993164e+00,2.356709718704223633e+00,2.341002225875854492e+00,2.325502634048461914e+00,2.310207128524780273e+00,2.295111417770385742e+00,2.280211687088012695e+00,2.265504121780395508e+00,2.250985145568847656e+00,2.236651182174682617e+00,2.222498416900634766e+00,2.208523750305175781e+00,2.194723606109619141e+00,2.181094884872436523e+00,2.167634487152099609e+00,2.154339075088500977e+00,2.141206026077270508e+00,2.128231763839721680e+00,2.115413904190063477e+00,2.102749824523925781e+00,2.090236186981201172e+00,2.077870607376098633e+00,2.065650463104248047e+00,2.053573369979858398e+00,2.041636466979980469e+00
3.775237798690795898e+00,3.735091686248779297e+00,3.695790767669677734e+00,3.657307863235473633e+00,3.619618177413940430e+00,3.582697153091430664e+00,3.546521902084350586e+00,3.511069774627685547e+00,3.476319551467895508e+00,3.442250490188598633e+00,3.408842563629150391e+00,3.376076936721801758e+00,3.343935251235961914e+00,3.312399625778198242e+00,3.281453609466552734e+00,3.251080274581909180e+00,3.221263885498046875e+00,3.191989660263061523e+00,3.163242340087890625e+00,3.135008811950683594e+00,3.107274293899536133e+00,3.080026388168334961e+00,3.053252220153808594e+00,3.026939630508422852e+00,3.001076459884643555e+00,2.975651741027832031e+00,2.950654029846191406e+00,2.926072835922241211e+00,2.901897907257080078e+00,2.878118991851806641e+00,2.854726791381835938e+00,2.831711530685424805e+00,2.809064626693725586e+00,2.786777019500732422e+00,2.764840364456176758e+00,2.743246316909790039e+00,2.721987009048461914e+00,2.701054573059082031e+00,2.680441617965698242e+00,2.660140991210937500e+00,2.640145540237426758e+00,2.620448589324951172e+00,2.601042985916137695e+00,2.581923007965087891e+00,2.563081979751586914e+00,2.544513940811157227e+00,2.526212930679321289e+00,2.508173465728759766e+00,2.490389585494995117e+00,2.472856283187866211e+00,2.455568075180053711e+00,2.438519716262817383e+00,2.421706914901733398e+00,2.405123949050903320e+00,2.388766765594482422e+00,2.372630357742309570e+00,2.356710910797119141e+00,2.341003179550170898e+00,2.325503826141357422e+00,2.310208082199096680e+00,2.295112371444702148e+00,2.280212640762329102e+00,2.265505075454711914e+00,2.250986099243164062e+00,2.236651897430419922e+00,2.222499370574951172e+00,2.208524465560913086e+00,2.194724559783935547e+00,2.181095838546752930e+00,2.167635440826416016e+00,2.154340028762817383e+00,2.141206741333007812e+00,2.128232717514038086e+00,2.115414857864379883e+00,2.102750539779663086e+00,2.090236902236938477e+00,2.077871322631835938e+00,2.065651178359985352e+00,2.053574085235595703e+00,2.041637182235717773e+00
3.775240898132324219e+00,3.735094547271728516e+00,3.695793151855468750e+00,3.657310247421264648e+00,3.619620323181152344e+00,3.582699537277221680e+00,3.546524286270141602e+00,3.511071920394897461e+00,3.476321697235107422e+00,3.442252635955810547e+00,3.408844709396362305e+00,3.376079082489013672e+00,3.343937397003173828e+00,3.312401771545410156e+00,3.281455516815185547e+00,3.251081943511962891e+00,3.221265792846679688e+00,3.191991329193115234e+00,3.163244247436523438e+00,3.135010480880737305e+00,3.107275962829589844e+00,3.080028057098388672e+00,3.053253889083862305e+00,3.026941061019897461e+00,3.001078128814697266e+00,2.975653171539306641e+00,2.950655460357666016e+00,2.926074266433715820e+00,2.901899337768554688e+00,2.878120422363281250e+00,2.854728221893310547e+00,2.831712961196899414e+00,2.809066057205200195e+00,2.786778450012207031e+00,2.764841794967651367e+00,2.743247747421264648e+00,2.721988201141357422e+00,2.701056003570556641e+00,2.680443048477172852e+00,2.660142183303833008e+00,2.640146732330322266e+00,2.620449781417846680e+00,2.601044178009033203e+00,2.581924200057983398e+00,2.563083171844482422e+00,2.544515132904052734e+00,2.526214122772216797e+00,2.508174419403076172e+00,2.490390539169311523e+00,2.472857236862182617e+00,2.455569028854370117e+00,2.438520908355712891e+00,2.421707868576049805e+00,2.405124902725219727e+00,2.388767719268798828e+00,2.372631549835205078e+00,2.356711864471435547e+00,2.341004133224487305e+00,2.325504779815673828e+00,2.310209035873413086e+00,2.295113325119018555e+00,2.280213594436645508e+00,2.265506029129028320e+00,2.250987052917480469e+00,2.236652851104736328e+00,2.222500085830688477e+00,2.208525419235229492e+00,2.194725275039672852e+00,2.181096792221069336e+00,2.167636156082153320e+00,2.154340744018554688e+00,2.141207695007324219e+00,2.128233432769775391e+00,2.115415573120117188e+00,2.102751255035400391e+00,2.090237617492675781e+00,2.077872037887573242e+00,2.065651893615722656e+00,2.053574800491333008e+00,2.041637897491455078e+00
3.775243282318115234e+00,3.735097169876098633e+00,3.695795536041259766e+00,3.657312631607055664e+00,3.619622707366943359e+00,3.582701683044433594e+00,3.546526432037353516e+00,3.511074304580688477e+00,3.476323843002319336e+00,3.442254543304443359e+00,3.408846616744995117e+00,3.376080989837646484e+00,3.343939304351806641e+00,3.312403678894042969e+00,3.281457424163818359e+00,3.251083850860595703e+00,3.221267700195312500e+00,3.191993236541748047e+00,3.163245916366577148e+00,3.135012149810791016e+00,3.107277631759643555e+00,3.080029964447021484e+00,3.053255558013916016e+00,3.026942729949951172e+00,3.001079559326171875e+00,2.975654840469360352e+00,2.950657129287719727e+00,2.926075935363769531e+00,2.901900768280029297e+00,2.878121852874755859e+00,2.854729652404785156e+00,2.831714391708374023e+00,2.809067487716674805e+00,2.786779880523681641e+00,2.764843225479125977e+00,2.743248939514160156e+00,2.721989631652832031e+00,2.701057195663452148e+00,2.680444240570068359e+00,2.660143613815307617e+00,2.640148162841796875e+00,2.620450973510742188e+00,2.601045608520507812e+00,2.581925392150878906e+00,2.563084363937377930e+00,2.544516324996948242e+00,2.526215076446533203e+00,2.508175611495971680e+00,2.490391731262207031e+00,2.472858428955078125e+00,2.455570220947265625e+00,2.438521862030029297e+00,2.421708822250366211e+00,2.405126094818115234e+00,2.388768672943115234e+00,2.372632503509521484e+00,2.356712818145751953e+00,2.341005086898803711e+00,2.325505733489990234e+00,2.310209989547729492e+00,2.295114278793334961e+00,2.280214548110961914e+00,2.265506744384765625e+00,2.250988006591796875e+00,2.236653804779052734e+00,2.222501039505004883e+00,2.208526372909545898e+00,2.194726228713989258e+00,2.181097507476806641e+00,2.167637109756469727e+00,2.154341697692871094e+00,2.141208410263061523e+00,2.128234386444091797e+00,2.115416526794433594e+00,2.102752208709716797e+00,2.090238571166992188e+00,2.077872991561889648e+00,2.065652847290039062e+00,2.053575515747070312e+00,2.041638612747192383e+00
3.775245904922485352e+00,3.735099554061889648e+00,3.695797920227050781e+00,3.657315015792846680e+00,3.619625091552734375e+00,3.582704067230224609e+00,3.546528577804565430e+00,3.511076450347900391e+00,3.476326227188110352e+00,3.442256689071655273e+00,3.408848762512207031e+00,3.376083135604858398e+00,3.343941211700439453e+00,3.312405586242675781e+00,3.281459331512451172e+00,3.251085758209228516e+00,3.221269369125366211e+00,3.191995143890380859e+00,3.163247823715209961e+00,3.135014057159423828e+00,3.107279539108276367e+00,3.080031633377075195e+00,3.053257226943969727e+00,3.026944398880004883e+00,3.001081228256225586e+00,2.975656270980834961e+00,2.950658559799194336e+00,2.926077365875244141e+00,2.901902437210083008e+00,2.878123521804809570e+00,2.854731082916259766e+00,2.831715822219848633e+00,2.809068918228149414e+00,2.786781311035156250e+00,2.764844417572021484e+00,2.743250370025634766e+00,2.721991062164306641e+00,2.701058626174926758e+00,2.680445432662963867e+00,2.660144805908203125e+00,2.640149354934692383e+00,2.620452165603637695e+00,2.601046800613403320e+00,2.581926584243774414e+00,2.563085556030273438e+00,2.544517278671264648e+00,2.526216268539428711e+00,2.508176803588867188e+00,2.490392923355102539e+00,2.472859382629394531e+00,2.455571174621582031e+00,2.438523054122924805e+00,2.421710014343261719e+00,2.405127048492431641e+00,2.388769865036010742e+00,2.372633457183837891e+00,2.356713771820068359e+00,2.341006040573120117e+00,2.325506687164306641e+00,2.310210943222045898e+00,2.295115232467651367e+00,2.280215501785278320e+00,2.265507698059082031e+00,2.250988721847534180e+00,2.236654758453369141e+00,2.222501993179321289e+00,2.208527088165283203e+00,2.194726943969726562e+00,2.181098222732543945e+00,2.167637825012207031e+00,2.154342412948608398e+00,2.141209125518798828e+00,2.128234863281250000e+00,2.115417003631591797e+00,2.102752685546875000e+00,2.090239048004150391e+00,2.077873706817626953e+00,2.065653562545776367e+00,2.053576231002807617e+00,2.041639566421508789e+00
3.775248527526855469e+00,3.735102176666259766e+00,3.695800542831420898e+00,3.657317399978637695e+00,3.619627475738525391e+00,3.582706451416015625e+00,3.546530961990356445e+00,3.511078596115112305e+00,3.476328372955322266e+00,3.442258834838867188e+00,3.408850908279418945e+00,3.376085042953491211e+00,3.343943357467651367e+00,3.312407493591308594e+00,3.281461238861083984e+00,3.251087665557861328e+00,3.221271276473999023e+00,3.191996812820434570e+00,3.163249492645263672e+00,3.135015726089477539e+00,3.107281208038330078e+00,3.080033302307128906e+00,3.053258895874023438e+00,3.026946067810058594e+00,3.001082897186279297e+00,2.975657939910888672e+00,2.950660228729248047e+00,2.926078796386718750e+00,2.901903867721557617e+00,2.878124952316284180e+00,2.854732513427734375e+00,2.831717252731323242e+00,2.809070348739624023e+00,2.786782503128051758e+00,2.764845848083496094e+00,2.743251800537109375e+00,2.721992254257202148e+00,2.701059818267822266e+00,2.680446863174438477e+00,2.660145998001098633e+00,2.640150547027587891e+00,2.620453357696533203e+00,2.601047992706298828e+00,2.581927776336669922e+00,2.563086509704589844e+00,2.544518232345581055e+00,2.526217222213745117e+00,2.508177757263183594e+00,2.490393877029418945e+00,2.472860336303710938e+00,2.455572128295898438e+00,2.438524007797241211e+00,2.421710968017578125e+00,2.405127763748168945e+00,2.388770341873168945e+00,2.372634172439575195e+00,2.356714487075805664e+00,2.341006755828857422e+00,2.325507164001464844e+00,2.310211420059204102e+00,2.295115709304809570e+00,2.280215740203857422e+00,2.265508174896240234e+00,2.250989198684692383e+00,2.236655235290527344e+00,2.222502470016479492e+00,2.208527565002441406e+00,2.194727420806884766e+00,2.181098937988281250e+00,2.167638063430786133e+00,2.154342651367187500e+00,2.141209602355957031e+00,2.128235340118408203e+00,2.115417480468750000e+00,2.102753162384033203e+00,2.090239524841308594e+00,2.077874183654785156e+00,2.065653800964355469e+00,2.053576707839965820e+00,2.041639804840087891e+00
3.775250911712646484e+00,3.735104560852050781e+00,3.695802927017211914e+00,3.657319784164428711e+00,3.619629859924316406e+00,3.582708597183227539e+00,3.546533107757568359e+00,3.511080741882324219e+00,3.476330518722534180e+00,3.442260980606079102e+00,3.408852815628051758e+00,3.376087188720703125e+00,3.343945264816284180e+00,3.312409639358520508e+00,3.281463146209716797e+00,3.251089572906494141e+00,3.221273183822631836e+00,3.191998720169067383e+00,3.163251399993896484e+00,3.135017395019531250e+00,3.107282876968383789e+00,3.080034971237182617e+00,3.053260564804077148e+00,3.026947736740112305e+00,3.001084327697753906e+00,2.975659370422363281e+00,2.950661420822143555e+00,2.926080226898193359e+00,2.901905059814453125e+00,2.878126144409179688e+00,2.854733705520629883e+00,2.831718444824218750e+00,2.809071302413940430e+00,2.786783456802368164e+00,2.764846801757812500e+00,2.743252515792846680e+00,2.721993207931518555e+00,2.701060771942138672e+00,2.680447578430175781e+00,2.660146951675415039e+00,2.640151262283325195e+00,2.620454072952270508e+00,2.601048469543457031e+00,2.581928491592407227e+00,2.563087224960327148e+00,2.544519186019897461e+00,2.526217937469482422e+00,2.508178472518920898e+00,2.490394353866577148e+00,2.472860813140869141e+00,2.455572605133056641e+00,2.438524484634399414e+00,2.421711444854736328e+00,2.405128479003906250e+00,2.388771057128906250e+00,2.372634887695312500e+00,2.356714963912963867e+00,2.341007232666015625e+00,2.325507640838623047e+00,2.310212135314941406e+00,2.295116186141967773e+00,2.280216455459594727e+00,2.265508890151977539e+00,2.250989913940429688e+00,2.236655473709106445e+00,2.222502708435058594e+00,2.208528041839599609e+00,2.194727897644042969e+00,2.181099176406860352e+00,2.167638778686523438e+00,2.154343366622924805e+00,2.141210079193115234e+00,2.128235816955566406e+00,2.115417957305908203e+00,2.102753639221191406e+00,2.090240001678466797e+00,2.077874660491943359e+00,2.065654516220092773e+00,2.053577184677124023e+00,2.041640281677246094e+00
3.775253534317016602e+00,3.735107183456420898e+00,3.695805311203002930e+00,3.657321929931640625e+00,3.619631767272949219e+00,3.582710504531860352e+00,3.546535015106201172e+00,3.511082649230957031e+00,3.476332187652587891e+00,3.442262887954711914e+00,3.408854722976684570e+00,3.376088380813598633e+00,3.343946695327758789e+00,3.312410831451416016e+00,3.281464338302612305e+00,3.251090764999389648e+00,3.221274375915527344e+00,3.191999912261962891e+00,3.163252592086791992e+00,3.135018348693847656e+00,3.107283830642700195e+00,3.080035686492919922e+00,3.053261280059814453e+00,3.026948451995849609e+00,3.001085281372070312e+00,2.975660324096679688e+00,2.950662374496459961e+00,2.926080942153930664e+00,2.901905775070190430e+00,2.878126859664916992e+00,2.854734420776367188e+00,2.831719160079956055e+00,2.809072256088256836e+00,2.786784410476684570e+00,2.764847755432128906e+00,2.743253231048583984e+00,2.721993923187255859e+00,2.701061248779296875e+00,2.680448293685913086e+00,2.660147666931152344e+00,2.640151977539062500e+00,2.620454788208007812e+00,2.601049423217773438e+00,2.581928968429565430e+00,2.563087701797485352e+00,2.544519662857055664e+00,2.526218652725219727e+00,2.508178949356079102e+00,2.490395069122314453e+00,2.472861766815185547e+00,2.455573320388793945e+00,2.438524961471557617e+00,2.421711921691894531e+00,2.405128955841064453e+00,2.388771533966064453e+00,2.372635364532470703e+00,2.356715679168701172e+00,2.341007947921752930e+00,2.325508356094360352e+00,2.310212612152099609e+00,2.295116662979125977e+00,2.280216932296752930e+00,2.265509366989135742e+00,2.250990390777587891e+00,2.236656188964843750e+00,2.222503423690795898e+00,2.208528518676757812e+00,2.194728374481201172e+00,2.181099653244018555e+00,2.167639255523681641e+00,2.154343843460083008e+00,2.141210556030273438e+00,2.128236293792724609e+00,2.115418434143066406e+00,2.102754116058349609e+00,2.090240240097045898e+00,2.077874898910522461e+00,2.065654754638671875e+00,2.053577661514282227e+00,2.041640758514404297e+00
3.775254964828491211e+00,3.735108375549316406e+00,3.695806503295898438e+00,3.657323360443115234e+00,3.619633197784423828e+00,3.582712173461914062e+00,3.546536207199096680e+00,3.511083841323852539e+00,3.476333379745483398e+00,3.442263841629028320e+00,3.408855676651000977e+00,3.376089811325073242e+00,3.343947887420654297e+00,3.312412023544311523e+00,3.281465530395507812e+00,3.251091718673706055e+00,3.221275329589843750e+00,3.192000865936279297e+00,3.163253545761108398e+00,3.135019540786743164e+00,3.107285022735595703e+00,3.080036878585815430e+00,3.053262233734130859e+00,3.026949405670166016e+00,3.001085996627807617e+00,2.975661039352416992e+00,2.950663328170776367e+00,2.926081895828247070e+00,2.901906967163085938e+00,2.878127813339233398e+00,2.854735374450683594e+00,2.831719875335693359e+00,2.809072971343994141e+00,2.786785125732421875e+00,2.764848470687866211e+00,2.743254184722900391e+00,2.721994638442993164e+00,2.701062202453613281e+00,2.680449008941650391e+00,2.660148143768310547e+00,2.640152692794799805e+00,2.620455503463745117e+00,2.601049900054931641e+00,2.581929683685302734e+00,2.563088655471801758e+00,2.544520378112792969e+00,2.526219129562377930e+00,2.508179664611816406e+00,2.490395545959472656e+00,2.472862243652343750e+00,2.455574035644531250e+00,2.438525676727294922e+00,2.421712636947631836e+00,2.405129671096801758e+00,2.388772249221801758e+00,2.372635841369628906e+00,2.356716156005859375e+00,2.341008424758911133e+00,2.325508832931518555e+00,2.310213088989257812e+00,2.295117378234863281e+00,2.280217647552490234e+00,2.265509843826293945e+00,2.250990867614746094e+00,2.236656665802001953e+00,2.222503900527954102e+00,2.208528995513916016e+00,2.194728851318359375e+00,2.181100130081176758e+00,2.167639732360839844e+00,2.154344081878662109e+00,2.141210794448852539e+00,2.128236770629882812e+00,2.115418910980224609e+00,2.102754354476928711e+00,2.090240716934204102e+00,2.077875375747680664e+00,2.065655231475830078e+00,2.053577899932861328e+00,2.041640996932983398e+00
3.775256633758544922e+00,3.735109567642211914e+00,3.695807695388793945e+00,3.657324552536010742e+00,3.619634389877319336e+00,3.582713127136230469e+00,3.546537637710571289e+00,3.511085271835327148e+00,3.476334810256958008e+00,3.442264795303344727e+00,3.408856630325317383e+00,3.376090764999389648e+00,3.343949079513549805e+00,3.312413215637207031e+00,3.281466722488403320e+00,3.251093149185180664e+00,3.221276521682739258e+00,3.192001819610595703e+00,3.163254261016845703e+00,3.135020494461059570e+00,3.107285737991333008e+00,3.080037832260131836e+00,3.053263425827026367e+00,3.026950359344482422e+00,3.001087188720703125e+00,2.975661993026733398e+00,2.950664043426513672e+00,2.926082611083984375e+00,2.901907682418823242e+00,2.878128528594970703e+00,2.854736328125000000e+00,2.831720829010009766e+00,2.809073925018310547e+00,2.786785840988159180e+00,2.764849185943603516e+00,2.743254899978637695e+00,2.721995353698730469e+00,2.701062917709350586e+00,2.680449724197387695e+00,2.660149097442626953e+00,2.640153408050537109e+00,2.620455980300903320e+00,2.601050615310668945e+00,2.581930398941040039e+00,2.563089132308959961e+00,2.544521093368530273e+00,2.526219844818115234e+00,2.508180379867553711e+00,2.490396499633789062e+00,2.472862720489501953e+00,2.455574512481689453e+00,2.438526153564453125e+00,2.421713113784790039e+00,2.405130147933959961e+00,2.388772726058959961e+00,2.372636556625366211e+00,2.356716871261596680e+00,2.341008901596069336e+00,2.325509309768676758e+00,2.310213565826416016e+00,2.295117855072021484e+00,2.280218124389648438e+00,2.265510320663452148e+00,2.250991344451904297e+00,2.236657142639160156e+00,2.222504377365112305e+00,2.208529472351074219e+00,2.194729328155517578e+00,2.181100606918334961e+00,2.167640209197998047e+00,2.154344797134399414e+00,2.141211509704589844e+00,2.128237247467041016e+00,2.115419149398803711e+00,2.102754831314086914e+00,2.090241193771362305e+00,2.077875852584838867e+00,2.065655708312988281e+00,2.053578376770019531e+00,2.041641473770141602e+00
3.775257825851440430e+00,3.735111236572265625e+00,3.695809364318847656e+00,3.657326221466064453e+00,3.619635581970214844e+00,3.582714319229125977e+00,3.546538829803466797e+00,3.511086463928222656e+00,3.476335763931274414e+00,3.442266225814819336e+00,3.408858060836791992e+00,3.376092195510864258e+00,3.343950033187866211e+00,3.312414169311523438e+00,3.281467676162719727e+00,3.251094102859497070e+00,3.221277475357055664e+00,3.192003011703491211e+00,3.163255453109741211e+00,3.135021686553955078e+00,3.107286691665649414e+00,3.080038547515869141e+00,3.053264141082763672e+00,3.026951313018798828e+00,3.001087903976440430e+00,2.975662946701049805e+00,2.950664997100830078e+00,2.926083803176879883e+00,2.901908397674560547e+00,2.878129243850708008e+00,2.854737043380737305e+00,2.831721544265747070e+00,2.809074640274047852e+00,2.786786794662475586e+00,2.764849901199340820e+00,2.743255853652954102e+00,2.721996068954467773e+00,2.701063394546508789e+00,2.680450439453125000e+00,2.660149574279785156e+00,2.640154123306274414e+00,2.620456933975219727e+00,2.601051330566406250e+00,2.581931114196777344e+00,2.563089847564697266e+00,2.544521570205688477e+00,2.526220560073852539e+00,2.508180856704711914e+00,2.490396976470947266e+00,2.472863435745239258e+00,2.455575227737426758e+00,2.438526868820190430e+00,2.421713590621948242e+00,2.405130624771118164e+00,2.388773441314697266e+00,2.372637033462524414e+00,2.356717348098754883e+00,2.341009616851806641e+00,2.325510025024414062e+00,2.310214281082153320e+00,2.295118331909179688e+00,2.280218601226806641e+00,2.265510797500610352e+00,2.250991821289062500e+00,2.236657619476318359e+00,2.222504854202270508e+00,2.208529949188232422e+00,2.194729804992675781e+00,2.181101083755493164e+00,2.167640447616577148e+00,2.154345035552978516e+00,2.141211748123168945e+00,2.128237724304199219e+00,2.115419864654541016e+00,2.102755308151245117e+00,2.090241670608520508e+00,2.077876329421997070e+00,2.065655946731567383e+00,2.053578853607177734e+00,2.041641950607299805e+00
3.775259017944335938e+00,3.735112428665161133e+00,3.695810556411743164e+00,3.657327413558959961e+00,3.619637250900268555e+00,3.582715988159179688e+00,3.546540260314941406e+00,3.511087417602539062e+00,3.476336956024169922e+00,3.442267417907714844e+00,3.408859252929687500e+00,3.376093149185180664e+00,3.343951225280761719e+00,3.312415361404418945e+00,3.281468868255615234e+00,3.251095056533813477e+00,3.221278429031372070e+00,3.192003965377807617e+00,3.163256406784057617e+00,3.135022401809692383e+00,3.107287883758544922e+00,3.080039739608764648e+00,3.053265333175659180e+00,3.026952028274536133e+00,3.001088857650756836e+00,2.975663661956787109e+00,2.950665950775146484e+00,2.926084518432617188e+00,2.901909351348876953e+00,2.878130435943603516e+00,2.854737997055053711e+00,2.831722497940063477e+00,2.809075355529785156e+00,2.786787509918212891e+00,2.764850616455078125e+00,2.743256330490112305e+00,2.721997022628784180e+00,2.701064348220825195e+00,2.680451393127441406e+00,2.660150289535522461e+00,2.640154838562011719e+00,2.620457410812377930e+00,2.601052045822143555e+00,2.581931829452514648e+00,2.563090562820434570e+00,2.544522285461425781e+00,2.526221275329589844e+00,2.508181333541870117e+00,2.490397453308105469e+00,2.472863912582397461e+00,2.455575704574584961e+00,2.438527345657348633e+00,2.421714305877685547e+00,2.405131340026855469e+00,2.388773918151855469e+00,2.372637510299682617e+00,2.356717824935913086e+00,2.341010093688964844e+00,2.325510501861572266e+00,2.310214757919311523e+00,2.295118808746337891e+00,2.280219078063964844e+00,2.265511512756347656e+00,2.250992298126220703e+00,2.236658096313476562e+00,2.222505331039428711e+00,2.208530426025390625e+00,2.194730281829833984e+00,2.181101560592651367e+00,2.167641162872314453e+00,2.154345750808715820e+00,2.141212224960327148e+00,2.128237962722778320e+00,2.115420103073120117e+00,2.102755784988403320e+00,2.090242147445678711e+00,2.077876806259155273e+00,2.065656661987304688e+00,2.053579330444335938e+00,2.041642189025878906e+00
3.083553314208984375e+00,3.083067178726196289e+00,3.082581520080566406e+00,3.082095623016357422e+00,3.081609964370727539e+00,3.081124544143676758e+00,3.080639123916625977e+00,3.080153942108154297e+00,3.079668998718261719e+00,3.079184055328369141e+00,3.078699350357055664e+00,3.078214883804321289e+00,3.077730417251586914e+00,3.077245950698852539e+00,3.076761960983276367e+00,3.076277971267700195e+00,3.075794219970703125e+00,3.075310468673706055e+00,3.074827194213867188e+00,3.074343681335449219e+00,3.073860406875610352e+00,3.073377609252929688e+00,3.053266048431396484e+00,3.026953220367431641e+00,3.001089811325073242e+00,2.975664854049682617e+00,2.950666666030883789e+00,2.926085233688354492e+00,2.901910066604614258e+00,2.878131151199340820e+00,2.854738712310791016e+00,2.831723451614379883e+00,2.809076309204101562e+00,2.786788463592529297e+00,2.764851331710815430e+00,2.743257045745849609e+00,2.721997499465942383e+00,2.701065063476562500e+00,2.680451869964599609e+00,2.660151243209838867e+00,2.640155553817749023e+00,2.620458364486694336e+00,2.601052522659301758e+00,2.581932306289672852e+00,2.563091039657592773e+00,2.544523000717163086e+00,2.526221752166748047e+00,2.508182287216186523e+00,2.490398168563842773e+00,2.472864866256713867e+00,2.455576181411743164e+00,2.438528060913085938e+00,2.421714782714843750e+00,2.405131816864013672e+00,2.388774633407592773e+00,2.372638225555419922e+00,2.356718301773071289e+00,2.341010808944702148e+00,2.325510978698730469e+00,2.310215234756469727e+00,2.295119285583496094e+00,2.280219554901123047e+00,2.265511989593505859e+00,2.250993013381958008e+00,2.236658811569213867e+00,2.222505807876586914e+00,2.208530902862548828e+00,2.194730758666992188e+00,2.181102037429809570e+00,2.167641639709472656e+00,2.154345989227294922e+00,2.141212701797485352e+00,2.128238677978515625e+00,2.115420579910278320e+00,2.102756261825561523e+00,2.090242624282836914e+00,2.077877044677734375e+00,2.065656900405883789e+00,2.053579807281494141e+00,2.041642904281616211e+00
2.605156660079956055e+00,2.604809761047363281e+00,2.604462862014770508e+00,2.604116201400756836e+00,2.603769302368164062e+00,2.603422880172729492e+00,2.603076219558715820e+00,2.602729797363281250e+00,2.602383613586425781e+00,2.602037429809570312e+00,2.601691246032714844e+00,2.601345300674438477e+00,2.600999116897583008e+00,2.600653171539306641e+00,2.600307464599609375e+00,2.599961996078491211e+00,2.599616289138793945e+00,2.599270582199096680e+00,2.598925352096557617e+00,2.598579883575439453e+00,2.598234653472900391e+00,2.597889661788940430e+00,2.597544670104980469e+00,2.597199678421020508e+00,2.596854925155639648e+00,2.596509933471679688e+00,2.596165180206298828e+00,2.595820903778076172e+00,2.595476388931274414e+00,2.595131874084472656e+00,2.594787597656250000e+00,2.594443321228027344e+00,2.594099283218383789e+00,2.593755245208740234e+00,2.593411207199096680e+00,2.593067407608032227e+00,2.592723608016967773e+00,2.592380046844482422e+00,2.592036247253417969e+00,2.591692686080932617e+00,2.591349601745605469e+00,2.591006278991699219e+00,2.590662956237792969e+00,2.581933259963989258e+00,2.563091993331909180e+00,2.544523477554321289e+00,2.526222467422485352e+00,2.508182764053344727e+00,2.490398883819580078e+00,2.472865343093872070e+00,2.455576896667480469e+00,2.438528776168823242e+00,2.421715497970581055e+00,2.405132293701171875e+00,2.388775110244750977e+00,2.372638702392578125e+00,2.356719017028808594e+00,2.341011285781860352e+00,2.325511693954467773e+00,2.310215950012207031e+00,2.295120000839233398e+00,2.280220031738281250e+00,2.265512228012084961e+00,2.250993251800537109e+00,2.236659049987792969e+00,2.222506284713745117e+00,2.208531618118286133e+00,2.194731235504150391e+00,2.181102752685546875e+00,2.167641878128051758e+00,2.154346466064453125e+00,2.141213178634643555e+00,2.128238916397094727e+00,2.115421056747436523e+00,2.102756738662719727e+00,2.090243101119995117e+00,2.077877759933471680e+00,2.065657377243041992e+00,2.053580045700073242e+00,2.041643142700195312e+00
2.255264759063720703e+00,2.255004644393920898e+00,2.254744768142700195e+00,2.254484653472900391e+00,2.254224777221679688e+00,2.253965139389038086e+00,2.253705263137817383e+00,2.253445625305175781e+00,2.253186225891113281e+00,2.252926588058471680e+00,2.252666950225830078e+00,2.252407789230346680e+00,2.252148151397705078e+00,2.251888990402221680e+00,2.251629590988159180e+00,2.251370429992675781e+00,2.251111268997192383e+00,2.250852108001708984e+00,2.250593185424804688e+00,2.250334262847900391e+00,2.250075340270996094e+00,2.249816656112670898e+00,2.249557733535766602e+00,2.249299049377441406e+00,2.249040365219116211e+00,2.248781681060791016e+00,2.248523235321044922e+00,2.248264789581298828e+00,2.248006343841552734e+00,2.247747898101806641e+00,2.247489690780639648e+00,2.247231483459472656e+00,2.246973276138305664e+00,2.246715307235717773e+00,2.246457099914550781e+00,2.246199131011962891e+00,2.245940923690795898e+00,2.245683193206787109e+00,2.245425224304199219e+00,2.245167493820190430e+00,2.244910001754760742e+00,2.244652271270751953e+00,2.244394540786743164e+00,2.244137048721313477e+00,2.243879556655883789e+00,2.243622064590454102e+00,2.243364810943603516e+00,2.243107557296752930e+00,2.242850303649902344e+00,2.242593288421630859e+00,2.242336034774780273e+00,2.242078781127929688e+00,2.241822004318237305e+00,2.241564989089965820e+00,2.241307973861694336e+00,2.241051435470581055e+00,2.240794420242309570e+00,2.240537881851196289e+00,2.240281105041503906e+00,2.240024566650390625e+00,2.239768028259277344e+00,2.239511489868164062e+00,2.239255189895629883e+00,2.238998651504516602e+00,2.236659526824951172e+00,2.222506761550903320e+00,2.208531856536865234e+00,2.194731712341308594e+00,2.181102991104125977e+00,2.167642593383789062e+00,2.154346942901611328e+00,2.141213655471801758e+00,2.128239393234252930e+00,2.115421533584594727e+00,2.102757215499877930e+00,2.090243339538574219e+00,2.077877998352050781e+00,2.065657854080200195e+00,2.053580522537231445e+00,2.041643619537353516e+00
1.988230466842651367e+00,1.988028287887573242e+00,1.987826228141784668e+00,1.987624168395996094e+00,1.987422108650207520e+00,1.987220406532287598e+00,1.987018465995788574e+00,1.986816644668579102e+00,1.986614704132080078e+00,1.986413002014160156e+00,1.986211180686950684e+00,1.986009716987609863e+00,1.985808014869689941e+00,1.985606312751770020e+00,1.985404729843139648e+00,1.985203146934509277e+00,1.985001683235168457e+00,1.984800219535827637e+00,1.984598994255065918e+00,1.984397530555725098e+00,1.984196186065673828e+00,1.983994841575622559e+00,1.983793616294860840e+00,1.983592391014099121e+00,1.983391404151916504e+00,1.983190178871154785e+00,1.982989072799682617e+00,1.982788085937500000e+00,1.982586979866027832e+00,1.982385993003845215e+00,1.982185244560241699e+00,1.981984376907348633e+00,1.981783509254455566e+00,1.981582641601562500e+00,1.981381893157958984e+00,1.981181144714355469e+00,1.980980396270751953e+00,1.980780005455017090e+00,1.980579376220703125e+00,1.980378746986389160e+00,1.980178236961364746e+00,1.979977726936340332e+00,1.979777216911315918e+00,1.979577064514160156e+00,1.979376673698425293e+00,1.979176282882690430e+00,1.978976011276245117e+00,1.978775739669799805e+00,1.978575468063354492e+00,1.978375554084777832e+00,1.978175401687622070e+00,1.977975249290466309e+00,1.977775216102600098e+00,1.977575182914733887e+00,1.977375268936157227e+00,1.977175474166870117e+00,1.976975560188293457e+00,1.976775765419006348e+00,1.976575970649719238e+00,1.976376175880432129e+00,1.976176381111145020e+00,1.975976705551147461e+00,1.975777268409729004e+00,1.975577592849731445e+00,1.975378036499023438e+00,1.975178480148315430e+00,1.974979043006896973e+00,1.974779605865478516e+00,1.974580407142639160e+00,1.974380970001220703e+00,1.974181652069091797e+00,1.973982334136962891e+00,1.973783135414123535e+00,1.973583936691284180e+00,1.973384976387023926e+00,1.973185777664184570e+00,1.972986698150634766e+00,1.972787618637084961e+00,1.972588658332824707e+00,1.972389698028564453e+00
1.777737617492675781e+00,1.777576088905334473e+00,1.777414679527282715e+00,1.777253150939941406e+00,1.777091622352600098e+00,1.776930093765258789e+00,1.776768684387207031e+00,1.776607275009155273e+00,1.776445984840393066e+00,1.776284575462341309e+00,1.776123285293579102e+00,1.775961995124816895e+00,1.775800704956054688e+00,1.775639414787292480e+00,1.775478243827819824e+00,1.775317192077636719e+00,1.775156021118164062e+00,1.774994850158691406e+00,1.774833798408508301e+00,1.774672746658325195e+00,1.774511694908142090e+00,1.774350762367248535e+00,1.774189829826354980e+00,1.774028897285461426e+00,1.773867964744567871e+00,1.773707032203674316e+00,1.773546099662780762e+00,1.773385524749755859e+00,1.773224711418151855e+00,1.773063898086547852e+00,1.772903084754943848e+00,1.772742390632629395e+00,1.772581696510314941e+00,1.772421240806579590e+00,1.772260546684265137e+00,1.772099971771240234e+00,1.771939277648925781e+00,1.771778821945190430e+00,1.771618247032165527e+00,1.771457791328430176e+00,1.771297454833984375e+00,1.771136999130249023e+00,1.770976662635803223e+00,1.770816206932067871e+00,1.770655870437622070e+00,1.770495533943176270e+00,1.770335435867309570e+00,1.770175218582153320e+00,1.770014882087707520e+00,1.769854784011840820e+00,1.769694566726684570e+00,1.769534349441528320e+00,1.769374489784240723e+00,1.769214391708374023e+00,1.769054293632507324e+00,1.768894314765930176e+00,1.768734216690063477e+00,1.768574237823486328e+00,1.768414378166198730e+00,1.768254637718200684e+00,1.768094658851623535e+00,1.767934799194335938e+00,1.767775058746337891e+00,1.767615199089050293e+00,1.767455458641052246e+00,1.767295837402343750e+00,1.767136216163635254e+00,1.766976475715637207e+00,1.766816854476928711e+00,1.766657233238220215e+00,1.766497611999511719e+00,1.766338229179382324e+00,1.766178727149963379e+00,1.766019105911254883e+00,1.765859723091125488e+00,1.765700221061706543e+00,1.765540838241577148e+00,1.765381455421447754e+00,1.765222311019897461e+00,1.765062928199768066e+00
1.607547640800476074e+00,1.607415556907653809e+00,1.607283353805541992e+00,1.607151269912719727e+00,1.607019186019897461e+00,1.606887340545654297e+00,1.606755256652832031e+00,1.606623291969299316e+00,1.606491208076477051e+00,1.606359243392944336e+00,1.606227278709411621e+00,1.606095552444458008e+00,1.605963587760925293e+00,1.605831742286682129e+00,1.605699896812438965e+00,1.605568051338195801e+00,1.605436205863952637e+00,1.605304360389709473e+00,1.605172753334045410e+00,1.605041027069091797e+00,1.604909300804138184e+00,1.604777574539184570e+00,1.604645848274230957e+00,1.604514241218566895e+00,1.604382753372192383e+00,1.604251146316528320e+00,1.604119539260864258e+00,1.603987932205200195e+00,1.603856325149536133e+00,1.603724837303161621e+00,1.603593468666076660e+00,1.603461980819702148e+00,1.603330492973327637e+00,1.603199005126953125e+00,1.603067517280578613e+00,1.602936148643493652e+00,1.602804780006408691e+00,1.602673530578613281e+00,1.602542161941528320e+00,1.602410912513732910e+00,1.602279543876647949e+00,1.602148294448852539e+00,1.602017045021057129e+00,1.601885914802551270e+00,1.601754784584045410e+00,1.601623535156250000e+00,1.601492404937744141e+00,1.601361155509948730e+00,1.601230025291442871e+00,1.601099133491516113e+00,1.600968003273010254e+00,1.600836992263793945e+00,1.600705862045288086e+00,1.600574851036071777e+00,1.600443840026855469e+00,1.600313067436218262e+00,1.600182056427001953e+00,1.600051164627075195e+00,1.599920153617858887e+00,1.599789261817932129e+00,1.599658489227294922e+00,1.599527597427368164e+00,1.599396944046020508e+00,1.599266052246093750e+00,1.599135279655456543e+00,1.599004507064819336e+00,1.598873853683471680e+00,1.598743081092834473e+00,1.598612546920776367e+00,1.598481893539428711e+00,1.598351240158081055e+00,1.598220705986022949e+00,1.598090171813964844e+00,1.597959756851196289e+00,1.597829222679138184e+00,1.597698807716369629e+00,1.597568392753601074e+00,1.597438097000122070e+00,1.597307682037353516e+00,1.597177386283874512e+00
1.467096447944641113e+00,1.466986417770385742e+00,1.466876506805419922e+00,1.466766476631164551e+00,1.466656446456909180e+00,1.466546416282653809e+00,1.466436386108398438e+00,1.466326475143432617e+00,1.466216683387756348e+00,1.466106653213500977e+00,1.465996742248535156e+00,1.465886831283569336e+00,1.465777039527893066e+00,1.465667128562927246e+00,1.465557336807250977e+00,1.465447545051574707e+00,1.465337753295898438e+00,1.465227961540222168e+00,1.465118169784545898e+00,1.465008378028869629e+00,1.464898586273193359e+00,1.464789032936096191e+00,1.464679360389709473e+00,1.464569568634033203e+00,1.464459896087646484e+00,1.464350223541259766e+00,1.464240550994873047e+00,1.464131116867065430e+00,1.464021444320678711e+00,1.463911890983581543e+00,1.463802218437194824e+00,1.463692665100097656e+00,1.463583111763000488e+00,1.463473677635192871e+00,1.463364243507385254e+00,1.463254690170288086e+00,1.463145136833190918e+00,1.463035702705383301e+00,1.462926268577575684e+00,1.462816834449768066e+00,1.462707519531250000e+00,1.462598085403442383e+00,1.462488770484924316e+00,1.462379336357116699e+00,1.462270021438598633e+00,1.462160706520080566e+00,1.462051510810852051e+00,1.461942195892333984e+00,1.461832880973815918e+00,1.461723566055297852e+00,1.461614370346069336e+00,1.461505055427551270e+00,1.461395978927612305e+00,1.461286783218383789e+00,1.461177587509155273e+00,1.461068391799926758e+00,1.460959196090698242e+00,1.460850119590759277e+00,1.460740923881530762e+00,1.460631966590881348e+00,1.460522890090942383e+00,1.460413932800292969e+00,1.460304975509643555e+00,1.460196018218994141e+00,1.460087180137634277e+00,1.459978222846984863e+00,1.459869384765625000e+00,1.459760427474975586e+00,1.459651589393615723e+00,1.459542751312255859e+00,1.459433913230895996e+00,1.459325194358825684e+00,1.459216356277465820e+00,1.459107637405395508e+00,1.458998799324035645e+00,1.458890080451965332e+00,1.458781361579895020e+00,1.458672642707824707e+00,1.458563923835754395e+00,1.458455324172973633e+00
1.349215745925903320e+00,1.349122643470764160e+00,1.349029541015625000e+00,1.348936557769775391e+00,1.348843455314636230e+00,1.348750591278076172e+00,1.348657488822937012e+00,1.348564505577087402e+00,1.348471522331237793e+00,1.348378539085388184e+00,1.348285555839538574e+00,1.348192691802978516e+00,1.348099708557128906e+00,1.348006844520568848e+00,1.347913861274719238e+00,1.347820997238159180e+00,1.347728133201599121e+00,1.347635149955749512e+00,1.347542405128479004e+00,1.347449541091918945e+00,1.347356796264648438e+00,1.347263932228088379e+00,1.347171068191528320e+00,1.347078323364257812e+00,1.346985578536987305e+00,1.346892833709716797e+00,1.346800088882446289e+00,1.346707344055175781e+00,1.346614599227905273e+00,1.346521854400634766e+00,1.346429228782653809e+00,1.346336483955383301e+00,1.346243858337402344e+00,1.346151113510131836e+00,1.346058487892150879e+00,1.345965862274169922e+00,1.345873236656188965e+00,1.345780730247497559e+00,1.345688104629516602e+00,1.345595479011535645e+00,1.345502853393554688e+00,1.345410346984863281e+00,1.345317721366882324e+00,1.345225334167480469e+00,1.345132708549499512e+00,1.345040202140808105e+00,1.344947695732116699e+00,1.344855189323425293e+00,1.344762682914733887e+00,1.344670295715332031e+00,1.344578027725219727e+00,1.344485640525817871e+00,1.344393253326416016e+00,1.344300866127014160e+00,1.344208598136901855e+00,1.344116330146789551e+00,1.344023942947387695e+00,1.343931674957275391e+00,1.343839526176452637e+00,1.343747258186340332e+00,1.343654870986938477e+00,1.343562722206115723e+00,1.343470454216003418e+00,1.343378305435180664e+00,1.343286156654357910e+00,1.343193888664245605e+00,1.343101620674133301e+00,1.343009591102600098e+00,1.342917442321777344e+00,1.342825293540954590e+00,1.342733144760131836e+00,1.342641115188598633e+00,1.342548966407775879e+00,1.342456817626953125e+00,1.342364788055419922e+00,1.342272758483886719e+00,1.342180728912353516e+00,1.342088699340820312e+00,1.341996669769287109e+00,1.341904759407043457e+00
1.248869419097900391e+00,1.248789668083190918e+00,1.248710036277770996e+00,1.248630285263061523e+00,1.248550534248352051e+00,1.248470902442932129e+00,1.248391151428222656e+00,1.248311400413513184e+00,1.248231887817382812e+00,1.248152136802673340e+00,1.248072504997253418e+00,1.247992873191833496e+00,1.247913241386413574e+00,1.247833609580993652e+00,1.247753977775573730e+00,1.247674465179443359e+00,1.247594833374023438e+00,1.247515201568603516e+00,1.247435688972473145e+00,1.247356057167053223e+00,1.247276544570922852e+00,1.247197031974792480e+00,1.247117519378662109e+00,1.247038006782531738e+00,1.246958494186401367e+00,1.246878981590270996e+00,1.246799468994140625e+00,1.246720075607299805e+00,1.246640563011169434e+00,1.246561050415039062e+00,1.246481657028198242e+00,1.246402144432067871e+00,1.246322751045227051e+00,1.246243357658386230e+00,1.246163964271545410e+00,1.246084570884704590e+00,1.246005177497863770e+00,1.245925784111022949e+00,1.245846390724182129e+00,1.245767116546630859e+00,1.245687842369079590e+00,1.245608568191528320e+00,1.245529294013977051e+00,1.245450019836425781e+00,1.245370864868164062e+00,1.245291590690612793e+00,1.245212316513061523e+00,1.245133042335510254e+00,1.245053887367248535e+00,1.244974732398986816e+00,1.244895577430725098e+00,1.244816422462463379e+00,1.244737148284912109e+00,1.244657993316650391e+00,1.244578838348388672e+00,1.244499802589416504e+00,1.244420647621154785e+00,1.244341611862182617e+00,1.244262456893920898e+00,1.244183301925659180e+00,1.244104266166687012e+00,1.244025230407714844e+00,1.243946075439453125e+00,1.243867039680480957e+00,1.243788123130798340e+00,1.243709087371826172e+00,1.243629932403564453e+00,1.243551015853881836e+00,1.243471980094909668e+00,1.243392944335937500e+00,1.243314027786254883e+00,1.243235111236572266e+00,1.243156075477600098e+00,1.243077039718627930e+00,1.242998123168945312e+00,1.242919206619262695e+00,1.242840290069580078e+00,1.242761492729187012e+00,1.242682576179504395e+00,1.242603659629821777e+00
1.162416219711303711e+00,1.162347197532653809e+00,1.162278056144714355e+00,1.162208914756774902e+00,1.162139892578125000e+00,1.162070870399475098e+00,1.162001848220825195e+00,1.161932826042175293e+00,1.161863803863525391e+00,1.161794781684875488e+00,1.161725759506225586e+00,1.161656737327575684e+00,1.161587715148925781e+00,1.161518812179565430e+00,1.161449790000915527e+00,1.161380767822265625e+00,1.161311864852905273e+00,1.161242842674255371e+00,1.161173939704895020e+00,1.161105036735534668e+00,1.161036133766174316e+00,1.160967111587524414e+00,1.160898208618164062e+00,1.160829305648803711e+00,1.160760521888732910e+00,1.160691618919372559e+00,1.160622715950012207e+00,1.160553812980651855e+00,1.160485029220581055e+00,1.160416245460510254e+00,1.160347461700439453e+00,1.160278558731079102e+00,1.160209774971008301e+00,1.160140991210937500e+00,1.160072326660156250e+00,1.160003542900085449e+00,1.159934878349304199e+00,1.159866094589233398e+00,1.159797310829162598e+00,1.159728646278381348e+00,1.159659862518310547e+00,1.159591197967529297e+00,1.159522533416748047e+00,1.159453868865966797e+00,1.159385204315185547e+00,1.159316420555114746e+00,1.159247756004333496e+00,1.159179091453552246e+00,1.159110546112060547e+00,1.159041881561279297e+00,1.158973217010498047e+00,1.158904671669006348e+00,1.158836007118225098e+00,1.158767342567443848e+00,1.158698797225952148e+00,1.158630251884460449e+00,1.158561587333679199e+00,1.158493041992187500e+00,1.158424496650695801e+00,1.158355951309204102e+00,1.158287405967712402e+00,1.158218860626220703e+00,1.158150315284729004e+00,1.158081889152526855e+00,1.158013343811035156e+00,1.157944798469543457e+00,1.157876253128051758e+00,1.157807826995849609e+00,1.157739281654357910e+00,1.157670855522155762e+00,1.157602429389953613e+00,1.157534003257751465e+00,1.157465457916259766e+00,1.157397031784057617e+00,1.157328605651855469e+00,1.157260179519653320e+00,1.157191753387451172e+00,1.157123327255249023e+00,1.157055020332336426e+00,1.156986474990844727e+00
1.087157487869262695e+00,1.087097048759460449e+00,1.087036609649658203e+00,1.086976170539855957e+00,1.086915850639343262e+00,1.086855411529541016e+00,1.086794972419738770e+00,1.086734533309936523e+00,1.086674213409423828e+00,1.086613893508911133e+00,1.086553454399108887e+00,1.086493134498596191e+00,1.086432814598083496e+00,1.086372375488281250e+00,1.086312055587768555e+00,1.086251735687255859e+00,1.086191415786743164e+00,1.086131095886230469e+00,1.086070895195007324e+00,1.086010575294494629e+00,1.085950374603271484e+00,1.085890173912048340e+00,1.085829854011535645e+00,1.085769653320312500e+00,1.085709333419799805e+00,1.085649132728576660e+00,1.085588932037353516e+00,1.085528731346130371e+00,1.085468530654907227e+00,1.085408449172973633e+00,1.085348248481750488e+00,1.085288047790527344e+00,1.085227847099304199e+00,1.085167646408081055e+00,1.085107564926147461e+00,1.085047364234924316e+00,1.084987282752990723e+00,1.084927082061767578e+00,1.084866881370544434e+00,1.084806799888610840e+00,1.084746718406677246e+00,1.084686636924743652e+00,1.084626436233520508e+00,1.084566354751586914e+00,1.084506273269653320e+00,1.084446191787719727e+00,1.084386110305786133e+00,1.084326028823852539e+00,1.084265947341918945e+00,1.084205985069274902e+00,1.084145903587341309e+00,1.084085822105407715e+00,1.084025740623474121e+00,1.083965778350830078e+00,1.083905696868896484e+00,1.083845734596252441e+00,1.083785772323608398e+00,1.083725690841674805e+00,1.083665609359741211e+00,1.083605647087097168e+00,1.083545684814453125e+00,1.083485722541809082e+00,1.083425760269165039e+00,1.083365797996520996e+00,1.083305835723876953e+00,1.083245873451232910e+00,1.083185911178588867e+00,1.083125948905944824e+00,1.083066105842590332e+00,1.083006143569946289e+00,1.082946181297302246e+00,1.082886338233947754e+00,1.082826375961303711e+00,1.082766532897949219e+00,1.082706570625305176e+00,1.082646727561950684e+00,1.082586884498596191e+00,1.082526922225952148e+00,1.082467079162597656e+00,1.082407236099243164e+00
1.021051168441772461e+00,1.020997881889343262e+00,1.020944595336914062e+00,1.020891308784484863e+00,1.020838022232055664e+00,1.020784735679626465e+00,1.020731449127197266e+00,1.020678281784057617e+00,1.020624995231628418e+00,1.020571827888488770e+00,1.020518541336059570e+00,1.020465373992919922e+00,1.020412206649780273e+00,1.020359039306640625e+00,1.020305871963500977e+00,1.020252585411071777e+00,1.020199418067932129e+00,1.020146250724792480e+00,1.020093083381652832e+00,1.020039916038513184e+00,1.019986748695373535e+00,1.019933700561523438e+00,1.019880533218383789e+00,1.019827365875244141e+00,1.019774198532104492e+00,1.019721031188964844e+00,1.019667983055114746e+00,1.019614815711975098e+00,1.019561767578125000e+00,1.019508719444274902e+00,1.019455552101135254e+00,1.019402384757995605e+00,1.019349336624145508e+00,1.019296288490295410e+00,1.019243240356445312e+00,1.019190192222595215e+00,1.019137144088745117e+00,1.019083976745605469e+00,1.019030928611755371e+00,1.018977880477905273e+00,1.018924832344055176e+00,1.018871784210205078e+00,1.018818855285644531e+00,1.018765807151794434e+00,1.018712759017944336e+00,1.018659710884094238e+00,1.018606662750244141e+00,1.018553733825683594e+00,1.018500685691833496e+00,1.018447756767272949e+00,1.018394708633422852e+00,1.018341660499572754e+00,1.018288731575012207e+00,1.018235802650451660e+00,1.018182873725891113e+00,1.018129825592041016e+00,1.018076896667480469e+00,1.018023967742919922e+00,1.017970919609069824e+00,1.017917990684509277e+00,1.017865180969238281e+00,1.017812252044677734e+00,1.017759323120117188e+00,1.017706394195556641e+00,1.017653465270996094e+00,1.017600536346435547e+00,1.017547607421875000e+00,1.017494797706604004e+00,1.017441868782043457e+00,1.017388939857482910e+00,1.017336130142211914e+00,1.017283201217651367e+00,1.017230272293090820e+00,1.017177462577819824e+00,1.017124652862548828e+00,1.017071723937988281e+00,1.017018914222717285e+00,1.016966104507446289e+00,1.016913175582885742e+00,1.016860365867614746e+00
9.625237584114074707e-01,9.624763727188110352e-01,9.624291062355041504e-01,9.623817205429077148e-01,9.623343348503112793e-01,9.622871279716491699e-01,9.622397422790527344e-01,9.621925354003906250e-01,9.621452093124389648e-01,9.620979428291320801e-01,9.620506167411804199e-01,9.620032906532287598e-01,9.619560837745666504e-01,9.619087576866149902e-01,9.618615508079528809e-01,9.618142247200012207e-01,9.617669582366943359e-01,9.617197513580322266e-01,9.616724252700805664e-01,9.616252779960632324e-01,9.615779519081115723e-01,9.615308046340942383e-01,9.614835381507873535e-01,9.614362716674804688e-01,9.613890647888183594e-01,9.613417983055114746e-01,9.612946510314941406e-01,9.612474441528320312e-01,9.612002968788146973e-01,9.611530303955078125e-01,9.611057639122009277e-01,9.610586762428283691e-01,9.610114097595214844e-01,9.609643220901489258e-01,9.609171152114868164e-01,9.608699679374694824e-01,9.608227610588073730e-01,9.607755541801452637e-01,9.607284665107727051e-01,9.606812596321105957e-01,9.606341719627380371e-01,9.605869650840759277e-01,9.605398774147033691e-01,9.604927301406860352e-01,9.604455232620239258e-01,9.603984951972961426e-01,9.603512883186340332e-01,9.603042602539062500e-01,9.602571129798889160e-01,9.602100253105163574e-01,9.601628780364990234e-01,9.601157307624816895e-01,9.600687026977539062e-01,9.600216150283813477e-01,9.599745869636535645e-01,9.599274396896362305e-01,9.598804116249084473e-01,9.598333239555358887e-01,9.597861766815185547e-01,9.597392082214355469e-01,9.596921205520629883e-01,9.596450924873352051e-01,9.595980048179626465e-01,9.595510363578796387e-01,9.595039486885070801e-01,9.594568610191345215e-01,9.594098925590515137e-01,9.593628048896789551e-01,9.593158960342407227e-01,9.592688083648681641e-01,9.592218399047851562e-01,9.591748118400573730e-01,9.591277837753295898e-01,9.590808153152465820e-01,9.590337872505187988e-01,9.589868783950805664e-01,9.589398503303527832e-01,9.588929414749145508e-01,9.588459134101867676e-01,9.587988853454589844e-01
9.103423357009887695e-01,9.102999567985534668e-01,9.102575778961181641e-01,9.102153182029724121e-01,9.101729393005371094e-01,9.101306796073913574e-01,9.100883007049560547e-01,9.100460410118103027e-01,9.100037217140197754e-01,9.099613428115844727e-01,9.099190831184387207e-01,9.098767638206481934e-01,9.098345041275024414e-01,9.097921848297119141e-01,9.097499847412109375e-01,9.097076654434204102e-01,9.096653461456298828e-01,9.096230864524841309e-01,9.095807671546936035e-01,9.095385670661926270e-01,9.094963073730468750e-01,9.094541072845458984e-01,9.094117879867553711e-01,9.093694686889648438e-01,9.093272686004638672e-01,9.092850089073181152e-01,9.092428088188171387e-01,9.092005491256713867e-01,9.091584086418151855e-01,9.091160893440246582e-01,9.090738296508789062e-01,9.090316891670227051e-01,9.089894294738769531e-01,9.089472889900207520e-01,9.089050292968750000e-01,9.088628888130187988e-01,9.088206291198730469e-01,9.087783694267272949e-01,9.087362289428710938e-01,9.086940288543701172e-01,9.086518883705139160e-01,9.086096882820129395e-01,9.085675477981567383e-01,9.085253477096557617e-01,9.084831476211547852e-01,9.084410071372985840e-01,9.083988070487976074e-01,9.083567261695861816e-01,9.083145260810852051e-01,9.082724452018737793e-01,9.082302451133728027e-01,9.081880450248718262e-01,9.081459641456604004e-01,9.081038236618041992e-01,9.080617427825927734e-01,9.080196022987365723e-01,9.079775214195251465e-01,9.079353809356689453e-01,9.078931808471679688e-01,9.078511595726013184e-01,9.078090190887451172e-01,9.077669382095336914e-01,9.077247977256774902e-01,9.076827764511108398e-01,9.076406359672546387e-01,9.075984954833984375e-01,9.075564742088317871e-01,9.075143337249755859e-01,9.074723720550537109e-01,9.074302315711975098e-01,9.073882102966308594e-01,9.073461294174194336e-01,9.073039889335632324e-01,9.072620272636413574e-01,9.072199463844299316e-01,9.071779251098632812e-01,9.071358442306518555e-01,9.070938825607299805e-01,9.070518016815185547e-01,9.070097208023071289e-01
8.635278344154357910e-01,8.634896874427795410e-01,8.634515404701232910e-01,8.634135127067565918e-01,8.633753657341003418e-01,8.633373379707336426e-01,8.632992506027221680e-01,8.632612228393554688e-01,8.632231354713439941e-01,8.631849884986877441e-01,8.631470203399658203e-01,8.631088733673095703e-01,8.630709052085876465e-01,8.630328178405761719e-01,8.629947900772094727e-01,8.629567027091979980e-01,8.629186153411865234e-01,8.628806471824645996e-01,8.628425598144531250e-01,8.628045916557312012e-01,8.627665042877197266e-01,8.627285361289978027e-01,8.626904487609863281e-01,8.626524209976196289e-01,8.626144528388977051e-01,8.625763654708862305e-01,8.625383973121643066e-01,8.625003695487976074e-01,8.624624013900756836e-01,8.624243736267089844e-01,8.623863458633422852e-01,8.623484373092651367e-01,8.623103499412536621e-01,8.622724413871765137e-01,8.622344136238098145e-01,8.621965050697326660e-01,8.621584773063659668e-01,8.621204495429992676e-01,8.620825409889221191e-01,8.620445132255554199e-01,8.620066046714782715e-01,8.619686365127563477e-01,8.619307279586791992e-01,8.618927001953125000e-01,8.618547320365905762e-01,8.618168234825134277e-01,8.617788553237915039e-01,8.617409467697143555e-01,8.617029786109924316e-01,8.616651296615600586e-01,8.616271615028381348e-01,8.615891933441162109e-01,8.615512847900390625e-01,8.615133166313171387e-01,8.614754676818847656e-01,8.614374995231628418e-01,8.613996505737304688e-01,8.613617420196533203e-01,8.613237738609313965e-01,8.612859249114990234e-01,8.612479567527770996e-01,8.612101674079895020e-01,8.611721992492675781e-01,8.611342906951904297e-01,8.610964417457580566e-01,8.610585331916809082e-01,8.610206842422485352e-01,8.609827756881713867e-01,8.609449863433837891e-01,8.609070777893066406e-01,8.608691692352294922e-01,8.608313798904418945e-01,8.607934713363647461e-01,8.607556819915771484e-01,8.607177734375000000e-01,8.606799840927124023e-01,8.606420755386352539e-01,8.606042265892028809e-01,8.605664372444152832e-01,8.605285286903381348e-01
8.212926983833312988e-01,8.212581872940063477e-01,8.212236762046813965e-01,8.211892843246459961e-01,8.211548328399658203e-01,8.211203813552856445e-01,8.210859298706054688e-01,8.210515379905700684e-01,8.210170865058898926e-01,8.209825754165649414e-01,8.209481835365295410e-01,8.209137320518493652e-01,8.208793401718139648e-01,8.208448886871337891e-01,8.208104968070983887e-01,8.207760453224182129e-01,8.207415938377380371e-01,8.207072615623474121e-01,8.206728100776672363e-01,8.206384181976318359e-01,8.206040263175964355e-01,8.205696344375610352e-01,8.205352425575256348e-01,8.205007910728454590e-01,8.204664587974548340e-01,8.204320073127746582e-01,8.203976750373840332e-01,8.203632831573486328e-01,8.203289508819580078e-01,8.202944993972778320e-01,8.202601075172424316e-01,8.202257752418518066e-01,8.201913833618164062e-01,8.201570510864257812e-01,8.201226592063903809e-01,8.200883269309997559e-01,8.200539350509643555e-01,8.200195431709289551e-01,8.199852705001831055e-01,8.199508786201477051e-01,8.199165463447570801e-01,8.198821544647216797e-01,8.198478221893310547e-01,8.198134899139404297e-01,8.197791576385498047e-01,8.197448849678039551e-01,8.197104930877685547e-01,8.196762204170227051e-01,8.196418285369873047e-01,8.196074962615966797e-01,8.195732235908508301e-01,8.195388913154602051e-01,8.195046186447143555e-01,8.194702863693237305e-01,8.194360136985778809e-01,8.194016814231872559e-01,8.193673491477966309e-01,8.193330764770507812e-01,8.192987442016601562e-01,8.192644715309143066e-01,8.192301988601684570e-01,8.191959261894226074e-01,8.191615939140319824e-01,8.191273212432861328e-01,8.190930485725402832e-01,8.190587759017944336e-01,8.190245032310485840e-01,8.189902305603027344e-01,8.189560174942016602e-01,8.189216852188110352e-01,8.188874125480651855e-01,8.188531994819641113e-01,8.188189268112182617e-01,8.187847137451171875e-01,8.187504410743713379e-01,8.187162280082702637e-01,8.186819553375244141e-01,8.186476826667785645e-01,8.186134696006774902e-01,8.185791969299316406e-01
7.829963564872741699e-01,7.829650044441223145e-01,7.829336524009704590e-01,7.829024195671081543e-01,7.828710675239562988e-01,7.828397750854492188e-01,7.828084230422973633e-01,7.827771902084350586e-01,7.827458381652832031e-01,7.827144861221313477e-01,7.826832532882690430e-01,7.826519012451171875e-01,7.826206684112548828e-01,7.825893759727478027e-01,7.825580835342407227e-01,7.825267910957336426e-01,7.824954986572265625e-01,7.824642062187194824e-01,7.824329137802124023e-01,7.824016809463500977e-01,7.823703885078430176e-01,7.823391556739807129e-01,7.823078632354736328e-01,7.822765707969665527e-01,7.822453379631042480e-01,7.822140455245971680e-01,7.821828126907348633e-01,7.821515202522277832e-01,7.821202278137207031e-01,7.820890545845031738e-01,7.820577621459960938e-01,7.820265293121337891e-01,7.819952964782714844e-01,7.819640636444091797e-01,7.819328308105468750e-01,7.819015383720397949e-01,7.818703651428222656e-01,7.818390727043151855e-01,7.818078994750976562e-01,7.817766666412353516e-01,7.817454338073730469e-01,7.817142009735107422e-01,7.816829681396484375e-01,7.816517949104309082e-01,7.816205620765686035e-01,7.815893888473510742e-01,7.815581560134887695e-01,7.815269827842712402e-01,7.814957499504089355e-01,7.814645171165466309e-01,7.814333438873291016e-01,7.814021110534667969e-01,7.813709378242492676e-01,7.813397049903869629e-01,7.813085913658142090e-01,7.812773585319519043e-01,7.812461256980895996e-01,7.812150120735168457e-01,7.811837792396545410e-01,7.811526656150817871e-01,7.811214327812194824e-01,7.810903191566467285e-01,7.810591459274291992e-01,7.810279130935668945e-01,7.809967994689941406e-01,7.809656262397766113e-01,7.809345126152038574e-01,7.809033393859863281e-01,7.808722257614135742e-01,7.808409929275512695e-01,7.808098196983337402e-01,7.807787060737609863e-01,7.807475328445434570e-01,7.807164788246154785e-01,7.806853055953979492e-01,7.806541919708251953e-01,7.806230187416076660e-01,7.805918455123901367e-01,7.805607914924621582e-01,7.805296182632446289e-01
7.481123805046081543e-01,7.480837702751159668e-01,7.480551600456237793e-01,7.480266094207763672e-01,7.479979991912841797e-01,7.479694485664367676e-01,7.479408383369445801e-01,7.479122877120971680e-01,7.478836774826049805e-01,7.478550672531127930e-01,7.478265166282653809e-01,7.477979660034179688e-01,7.477694153785705566e-01,7.477408051490783691e-01,7.477122545242309570e-01,7.476837038993835449e-01,7.476550936698913574e-01,7.476266026496887207e-01,7.475979924201965332e-01,7.475695013999938965e-01,7.475408911705017090e-01,7.475123405456542969e-01,7.474838495254516602e-01,7.474552392959594727e-01,7.474267482757568359e-01,7.473981976509094238e-01,7.473697066307067871e-01,7.473410964012145996e-01,7.473125457763671875e-01,7.472840547561645508e-01,7.472555041313171387e-01,7.472270131111145020e-01,7.471984624862670898e-01,7.471699714660644531e-01,7.471414208412170410e-01,7.471128702163696289e-01,7.470843791961669922e-01,7.470558881759643555e-01,7.470273971557617188e-01,7.469988465309143066e-01,7.469703555107116699e-01,7.469418644905090332e-01,7.469133138656616211e-01,7.468848228454589844e-01,7.468563318252563477e-01,7.468278408050537109e-01,7.467993497848510742e-01,7.467708587646484375e-01,7.467423677444458008e-01,7.467138767242431641e-01,7.466853857040405273e-01,7.466568946838378906e-01,7.466284632682800293e-01,7.465999126434326172e-01,7.465714812278747559e-01,7.465429902076721191e-01,7.465144991874694824e-01,7.464860677719116211e-01,7.464575767517089844e-01,7.464291453361511230e-01,7.464006543159484863e-01,7.463722229003906250e-01,7.463437318801879883e-01,7.463152408599853516e-01,7.462868094444274902e-01,7.462583184242248535e-01,7.462299466133117676e-01,7.462014555931091309e-01,7.461730241775512695e-01,7.461445927619934082e-01,7.461161017417907715e-01,7.460876703262329102e-01,7.460592389106750488e-01,7.460308074951171875e-01,7.460023760795593262e-01,7.459740042686462402e-01,7.459455132484436035e-01,7.459170818328857422e-01,7.458886504173278809e-01,7.458602190017700195e-01
7.162040472030639648e-01,7.161778807640075684e-01,7.161516547203063965e-01,7.161254882812500000e-01,7.160992622375488281e-01,7.160730957984924316e-01,7.160468697547912598e-01,7.160206437110900879e-01,7.159944772720336914e-01,7.159683108329772949e-01,7.159421443939208984e-01,7.159159183502197266e-01,7.158897519111633301e-01,7.158635854721069336e-01,7.158373594284057617e-01,7.158111929893493652e-01,7.157850265502929688e-01,7.157588601112365723e-01,7.157326936721801758e-01,7.157065272331237793e-01,7.156803607940673828e-01,7.156541347503662109e-01,7.156280279159545898e-01,7.156018018722534180e-01,7.155756950378417969e-01,7.155495285987854004e-01,7.155233621597290039e-01,7.154971957206726074e-01,7.154710292816162109e-01,7.154449224472045898e-01,7.154187560081481934e-01,7.153926491737365723e-01,7.153664231300354004e-01,7.153403162956237793e-01,7.153141498565673828e-01,7.152879834175109863e-01,7.152619361877441406e-01,7.152357697486877441e-01,7.152096629142761230e-01,7.151834964752197266e-01,7.151573896408081055e-01,7.151312232017517090e-01,7.151050567626953125e-01,7.150790095329284668e-01,7.150528430938720703e-01,7.150267362594604492e-01,7.150006294250488281e-01,7.149745225906372070e-01,7.149484157562255859e-01,7.149222493171691895e-01,7.148962020874023438e-01,7.148700356483459473e-01,7.148439884185791016e-01,7.148178219795227051e-01,7.147917747497558594e-01,7.147656083106994629e-01,7.147395014762878418e-01,7.147134542465209961e-01,7.146873474121093750e-01,7.146612405776977539e-01,7.146351337432861328e-01,7.146090865135192871e-01,7.145829796791076660e-01,7.145568728446960449e-01,7.145308256149291992e-01,7.145047187805175781e-01,7.144786715507507324e-01,7.144525647163391113e-01,7.144265174865722656e-01,7.144004106521606445e-01,7.143743038177490234e-01,7.143482565879821777e-01,7.143221497535705566e-01,7.142961621284484863e-01,7.142700552940368652e-01,7.142439484596252441e-01,7.142179608345031738e-01,7.141918540000915527e-01,7.141658067703247070e-01,7.141397595405578613e-01
6.869063377380371094e-01,6.868822574615478516e-01,6.868581175804138184e-01,6.868340969085693359e-01,6.868099570274353027e-01,6.867858767509460449e-01,6.867617368698120117e-01,6.867376565933227539e-01,6.867135763168334961e-01,6.866894364356994629e-01,6.866654157638549805e-01,6.866412758827209473e-01,6.866172552108764648e-01,6.865931153297424316e-01,6.865690350532531738e-01,6.865449547767639160e-01,6.865208745002746582e-01,6.864968538284301758e-01,6.864727139472961426e-01,6.864486932754516602e-01,6.864245533943176270e-01,6.864004731178283691e-01,6.863764524459838867e-01,6.863523721694946289e-01,6.863282918930053711e-01,6.863042116165161133e-01,6.862801909446716309e-01,6.862561106681823730e-01,6.862320303916931152e-01,6.862080097198486328e-01,6.861839294433593750e-01,6.861599087715148926e-01,6.861358284950256348e-01,6.861118078231811523e-01,6.860877275466918945e-01,6.860636472702026367e-01,6.860396265983581543e-01,6.860156059265136719e-01,6.859915852546691895e-01,6.859675049781799316e-01,6.859434843063354492e-01,6.859194636344909668e-01,6.858953833580017090e-01,6.858713626861572266e-01,6.858473420143127441e-01,6.858233213424682617e-01,6.857992410659790039e-01,6.857752799987792969e-01,6.857511997222900391e-01,6.857271790504455566e-01,6.857031583786010742e-01,6.856791377067565918e-01,6.856551170349121094e-01,6.856310963630676270e-01,6.856070756912231445e-01,6.855830550193786621e-01,6.855590343475341797e-01,6.855350732803344727e-01,6.855110526084899902e-01,6.854870319366455078e-01,6.854630112648010254e-01,6.854389905929565430e-01,6.854150295257568359e-01,6.853910088539123535e-01,6.853670477867126465e-01,6.853430271148681641e-01,6.853190660476684570e-01,6.852950453758239746e-01,6.852710247039794922e-01,6.852470636367797852e-01,6.852230429649353027e-01,6.851990818977355957e-01,6.851750612258911133e-01,6.851511001586914062e-01,6.851271390914916992e-01,6.851031184196472168e-01,6.850791573524475098e-01,6.850551962852478027e-01,6.850312352180480957e-01,6.850072145462036133e-01
6.599113941192626953e-01,6.598891615867614746e-01,6.598669290542602539e-01,6.598446965217590332e-01,6.598224043846130371e-01,6.598002314567565918e-01,6.597779393196105957e-01,6.597557067871093750e-01,6.597334742546081543e-01,6.597112417221069336e-01,6.596890091896057129e-01,6.596667766571044922e-01,6.596445441246032715e-01,6.596223115921020508e-01,6.596000790596008301e-01,6.595778465270996094e-01,6.595556139945983887e-01,6.595334410667419434e-01,6.595111489295959473e-01,6.594889760017395020e-01,6.594667434692382812e-01,6.594445109367370605e-01,6.594223380088806152e-01,6.594001054763793945e-01,6.593778729438781738e-01,6.593556404113769531e-01,6.593334674835205078e-01,6.593112349510192871e-01,6.592890024185180664e-01,6.592668294906616211e-01,6.592445969581604004e-01,6.592224240303039551e-01,6.592002511024475098e-01,6.591780781745910645e-01,6.591558456420898438e-01,6.591336131095886230e-01,6.591114401817321777e-01,6.590892076492309570e-01,6.590670943260192871e-01,6.590448617935180664e-01,6.590226292610168457e-01,6.590004563331604004e-01,6.589782834053039551e-01,6.589561104774475098e-01,6.589339375495910645e-01,6.589117646217346191e-01,6.588895320892333984e-01,6.588673591613769531e-01,6.588451862335205078e-01,6.588230133056640625e-01,6.588008403778076172e-01,6.587786674499511719e-01,6.587565541267395020e-01,6.587343215942382812e-01,6.587121486663818359e-01,6.586900353431701660e-01,6.586678028106689453e-01,6.586456894874572754e-01,6.586235165596008301e-01,6.586013436317443848e-01,6.585791707038879395e-01,6.585569977760314941e-01,6.585348844528198242e-01,6.585127115249633789e-01,6.584905982017517090e-01,6.584684252738952637e-01,6.584462523460388184e-01,6.584240794181823730e-01,6.584019660949707031e-01,6.583797931671142578e-01,6.583576798439025879e-01,6.583355665206909180e-01,6.583133935928344727e-01,6.582912802696228027e-01,6.582691073417663574e-01,6.582469344139099121e-01,6.582248210906982422e-01,6.582027077674865723e-01,6.581805944442749023e-01,6.581584215164184570e-01
6.349579691886901855e-01,6.349374055862426758e-01,6.349167823791503906e-01,6.348962187767028809e-01,6.348755955696105957e-01,6.348550319671630859e-01,6.348344087600708008e-01,6.348137855529785156e-01,6.347932219505310059e-01,6.347726583480834961e-01,6.347520947456359863e-01,6.347314715385437012e-01,6.347109079360961914e-01,6.346903443336486816e-01,6.346697211265563965e-01,6.346491575241088867e-01,6.346285939216613770e-01,6.346080303192138672e-01,6.345874071121215820e-01,6.345668435096740723e-01,6.345462799072265625e-01,6.345257163047790527e-01,6.345051527023315430e-01,6.344845890998840332e-01,6.344640254974365234e-01,6.344434618949890137e-01,6.344228386878967285e-01,6.344023346900939941e-01,6.343817114830017090e-01,6.343612074851989746e-01,6.343406438827514648e-01,6.343200802803039551e-01,6.342995166778564453e-01,6.342789530754089355e-01,6.342583894729614258e-01,6.342378258705139160e-01,6.342173218727111816e-01,6.341967582702636719e-01,6.341762542724609375e-01,6.341556906700134277e-01,6.341351270675659180e-01,6.341145634651184082e-01,6.340939998626708984e-01,6.340734958648681641e-01,6.340529322624206543e-01,6.340324282646179199e-01,6.340118646621704102e-01,6.339913010597229004e-01,6.339707970619201660e-01,6.339502930641174316e-01,6.339297294616699219e-01,6.339092254638671875e-01,6.338887214660644531e-01,6.338681578636169434e-01,6.338475942611694336e-01,6.338270902633666992e-01,6.338065862655639648e-01,6.337860822677612305e-01,6.337655186653137207e-01,6.337450146675109863e-01,6.337245106697082520e-01,6.337039470672607422e-01,6.336835026741027832e-01,6.336629390716552734e-01,6.336424350738525391e-01,6.336219310760498047e-01,6.336014270782470703e-01,6.335809230804443359e-01,6.335603594779968262e-01,6.335399150848388672e-01,6.335193514823913574e-01,6.334989070892333984e-01,6.334783434867858887e-01,6.334578990936279297e-01,6.334373950958251953e-01,6.334168314933776855e-01,6.333963871002197266e-01,6.333758831024169922e-01,6.333553791046142578e-01,6.333348751068115234e-01
6.118229627609252930e-01,6.118038296699523926e-01,6.117846965789794922e-01,6.117656230926513672e-01,6.117464900016784668e-01,6.117272973060607910e-01,6.117082238197326660e-01,6.116890907287597656e-01,6.116700172424316406e-01,6.116508841514587402e-01,6.116318106651306152e-01,6.116126775741577148e-01,6.115935444831848145e-01,6.115744113922119141e-01,6.115553379058837891e-01,6.115362048149108887e-01,6.115171313285827637e-01,6.114979982376098633e-01,6.114789247512817383e-01,6.114597916603088379e-01,6.114407181739807129e-01,6.114215850830078125e-01,6.114025115966796875e-01,6.113833785057067871e-01,6.113643050193786621e-01,6.113452315330505371e-01,6.113260984420776367e-01,6.113070249557495117e-01,6.112879514694213867e-01,6.112688779830932617e-01,6.112497448921203613e-01,6.112306714057922363e-01,6.112115979194641113e-01,6.111924648284912109e-01,6.111733913421630859e-01,6.111543178558349609e-01,6.111352443695068359e-01,6.111161708831787109e-01,6.110970973968505859e-01,6.110780239105224609e-01,6.110588908195495605e-01,6.110398769378662109e-01,6.110207438468933105e-01,6.110017299652099609e-01,6.109825968742370605e-01,6.109635829925537109e-01,6.109445095062255859e-01,6.109253764152526855e-01,6.109063625335693359e-01,6.108872890472412109e-01,6.108682155609130859e-01,6.108491420745849609e-01,6.108301281929016113e-01,6.108110547065734863e-01,6.107919812202453613e-01,6.107729077339172363e-01,6.107538342475891113e-01,6.107348203659057617e-01,6.107157468795776367e-01,6.106967329978942871e-01,6.106776595115661621e-01,6.106585860252380371e-01,6.106395125389099121e-01,6.106204390525817871e-01,6.106014251708984375e-01,6.105823516845703125e-01,6.105633378028869629e-01,6.105442643165588379e-01,6.105252504348754883e-01,6.105062365531921387e-01,6.104871630668640137e-01,6.104681491851806641e-01,6.104490756988525391e-01,6.104300618171691895e-01,6.104109883308410645e-01,6.103919744491577148e-01,6.103729605674743652e-01,6.103538870811462402e-01,6.103348731994628906e-01,6.103158593177795410e-01
5.903145074844360352e-01,5.902966856956481934e-01,5.902788639068603516e-01,5.902611017227172852e-01,5.902432799339294434e-01,5.902254581451416016e-01,5.902076959609985352e-01,5.901898741722106934e-01,5.901721119880676270e-01,5.901542901992797852e-01,5.901365280151367188e-01,5.901187062263488770e-01,5.901009440422058105e-01,5.900831818580627441e-01,5.900653600692749023e-01,5.900475978851318359e-01,5.900297760963439941e-01,5.900120139122009277e-01,5.899941921234130859e-01,5.899764299392700195e-01,5.899586677551269531e-01,5.899408459663391113e-01,5.899230837821960449e-01,5.899053215980529785e-01,5.898875594139099121e-01,5.898697376251220703e-01,5.898519754409790039e-01,5.898342132568359375e-01,5.898164510726928711e-01,5.897986888885498047e-01,5.897809267044067383e-01,5.897631645202636719e-01,5.897453427314758301e-01,5.897275805473327637e-01,5.897098183631896973e-01,5.896920561790466309e-01,5.896742939949035645e-01,5.896565318107604980e-01,5.896387696266174316e-01,5.896210074424743652e-01,5.896032452583312988e-01,5.895854830741882324e-01,5.895677208900451660e-01,5.895499587059020996e-01,5.895321965217590332e-01,5.895144939422607422e-01,5.894967317581176758e-01,5.894789099693298340e-01,5.894612073898315430e-01,5.894434452056884766e-01,5.894257426261901855e-01,5.894079208374023438e-01,5.893902182579040527e-01,5.893724560737609863e-01,5.893546938896179199e-01,5.893369913101196289e-01,5.893192291259765625e-01,5.893014669418334961e-01,5.892837047576904297e-01,5.892660021781921387e-01,5.892482399940490723e-01,5.892304778099060059e-01,5.892127752304077148e-01,5.891950130462646484e-01,5.891773104667663574e-01,5.891595482826232910e-01,5.891418457031250000e-01,5.891240835189819336e-01,5.891063809394836426e-01,5.890886783599853516e-01,5.890709161758422852e-01,5.890532135963439941e-01,5.890354514122009277e-01,5.890176892280578613e-01,5.889999866485595703e-01,5.889822840690612793e-01,5.889645814895629883e-01,5.889468193054199219e-01,5.889291167259216309e-01,5.889114141464233398e-01
5.702669620513916016e-01,5.702503323554992676e-01,5.702337622642517090e-01,5.702171325683593750e-01,5.702005028724670410e-01,5.701838731765747070e-01,5.701673030853271484e-01,5.701506733894348145e-01,5.701341032981872559e-01,5.701174736022949219e-01,5.701009035110473633e-01,5.700842738151550293e-01,5.700676441192626953e-01,5.700510740280151367e-01,5.700344443321228027e-01,5.700178742408752441e-01,5.700012445449829102e-01,5.699846744537353516e-01,5.699680447578430176e-01,5.699514150619506836e-01,5.699348449707031250e-01,5.699182748794555664e-01,5.699017047882080078e-01,5.698850750923156738e-01,5.698685050010681152e-01,5.698518753051757812e-01,5.698353052139282227e-01,5.698187351226806641e-01,5.698021054267883301e-01,5.697855353355407715e-01,5.697689652442932129e-01,5.697523951530456543e-01,5.697357654571533203e-01,5.697191953659057617e-01,5.697026252746582031e-01,5.696860551834106445e-01,5.696694850921630859e-01,5.696528553962707520e-01,5.696363449096679688e-01,5.696197152137756348e-01,5.696031451225280762e-01,5.695865750312805176e-01,5.695700049400329590e-01,5.695534348487854004e-01,5.695368647575378418e-01,5.695202946662902832e-01,5.695037245750427246e-01,5.694870948791503906e-01,5.694705843925476074e-01,5.694540143013000488e-01,5.694374442100524902e-01,5.694208741188049316e-01,5.694043040275573730e-01,5.693877339363098145e-01,5.693711638450622559e-01,5.693545937538146973e-01,5.693380236625671387e-01,5.693215131759643555e-01,5.693049430847167969e-01,5.692883729934692383e-01,5.692718029022216797e-01,5.692552328109741211e-01,5.692387223243713379e-01,5.692221522331237793e-01,5.692055821418762207e-01,5.691890120506286621e-01,5.691724419593811035e-01,5.691559314727783203e-01,5.691393613815307617e-01,5.691228508949279785e-01,5.691062808036804199e-01,5.690897703170776367e-01,5.690732002258300781e-01,5.690566301345825195e-01,5.690401196479797363e-01,5.690235495567321777e-01,5.690070390701293945e-01,5.689904689788818359e-01,5.689739584922790527e-01,5.689573884010314941e-01
