3.775331020355224609e+00,3.735180616378784180e+00,3.695875406265258789e+00,3.657389163970947266e+00,3.619695901870727539e+00,3.582771539688110352e+00,3.546593189239501953e+00,3.511137962341308594e+00,3.476384639739990234e+00,3.442312240600585938e+00,3.408901929855346680e+00,3.376133441925048828e+00,3.343989133834838867e+00,3.312451124191284180e+00,3.281502485275268555e+00,3.251126527786254883e+00,3.221308231353759766e+00,3.192031621932983398e+00,3.163282155990600586e+00,3.135046482086181641e+00,3.107310056686401367e+00,3.080060243606567383e+00,3.053284168243408203e+00,3.026969671249389648e+00,3.001104831695556641e+00,2.975678205490112305e+00,2.950678825378417969e+00,2.926096200942993164e+00,2.901919603347778320e+00,2.878139257431030273e+00,2.854745626449584961e+00,2.831729173660278320e+00,2.809080600738525391e+00,2.786791801452636719e+00,2.764853954315185547e+00,2.743258476257324219e+00,2.721997737884521484e+00,2.701064348220825195e+00,2.680450201034545898e+00,2.660148382186889648e+00,2.640152215957641602e+00,2.620453834533691406e+00,2.601047277450561523e+00,2.581926584243774414e+00,2.563084363937377930e+00,2.544515371322631836e+00,2.526213407516479492e+00,2.508172988891601562e+00,2.490388393402099609e+00,2.472854137420654297e+00,2.455565214157104492e+00,2.438516139984130859e+00,2.421702384948730469e+00,2.405118942260742188e+00,2.388760805130004883e+00,2.372623920440673828e+00,2.356703519821166992e+00,2.340995311737060547e+00,2.325495243072509766e+00,2.310198783874511719e+00,2.295102596282958984e+00,2.280202150344848633e+00,2.265494108200073242e+00,2.250974416732788086e+00,2.236639976501464844e+00,2.222486734390258789e+00,2.208511352539062500e+00,2.194710731506347656e+00,2.181081771850585938e+00,2.167620658874511719e+00,2.154325008392333984e+00,2.141191244125366211e+00,2.128216743469238281e+00,2.115398406982421875e+00,2.102733850479125977e+00,2.090219736099243164e+00,2.077853441238403320e+00,2.065633058547973633e+00,2.053555488586425781e+00,2.041618108749389648e+00
3.775331735610961914e+00,3.735181570053100586e+00,3.695876598358154297e+00,3.657390117645263672e+00,3.619696617126464844e+00,3.582772493362426758e+00,3.546593904495239258e+00,3.511138677597045898e+00,3.476385593414306641e+00,3.442313432693481445e+00,3.408902645111083984e+00,3.376134157180786133e+00,3.343990087509155273e+00,3.312451839447021484e+00,3.281503200531005859e+00,3.251127481460571289e+00,3.221308946609497070e+00,3.192032337188720703e+00,3.163283109664916992e+00,3.135047197341918945e+00,3.107310771942138672e+00,3.080060958862304688e+00,3.053284883499145508e+00,3.026970386505126953e+00,3.001105308532714844e+00,2.975678920745849609e+00,2.950679540634155273e+00,2.926096677780151367e+00,2.901920080184936523e+00,2.878139972686767578e+00,2.854746103286743164e+00,2.831729650497436523e+00,2.809081315994262695e+00,2.786792278289794922e+00,2.764854431152343750e+00,2.743259191513061523e+00,2.721998453140258789e+00,2.701064825057983398e+00,2.680450677871704102e+00,2.660149097442626953e+00,2.640152454376220703e+00,2.620454311370849609e+00,2.601047992706298828e+00,2.581926822662353516e+00,2.563084840774536133e+00,2.544515848159790039e+00,2.526213884353637695e+00,2.508173465728759766e+00,2.490388631820678711e+00,2.472854614257812500e+00,2.455565690994262695e+00,2.438516616821289062e+00,2.421702861785888672e+00,2.405119180679321289e+00,2.388761281967163086e+00,2.372624158859252930e+00,2.356703996658325195e+00,2.340995788574218750e+00,2.325495481491088867e+00,2.310199260711669922e+00,2.295102834701538086e+00,2.280202627182006836e+00,2.265494585037231445e+00,2.250974893569946289e+00,2.236640214920043945e+00,2.222486972808837891e+00,2.208511829376220703e+00,2.194711208343505859e+00,2.181082010269165039e+00,2.167621135711669922e+00,2.154325246810913086e+00,2.141191482543945312e+00,2.128216981887817383e+00,2.115398645401000977e+00,2.102734088897705078e+00,2.090219974517822266e+00,2.077853918075561523e+00,2.065633296966552734e+00,2.053555727005004883e+00,2.041618585586547852e+00
3.775332927703857422e+00,3.735182762145996094e+00,3.695877552032470703e+00,3.657390832901000977e+00,3.619697809219360352e+00,3.582773447036743164e+00,3.546594858169555664e+00,3.511139869689941406e+00,3.476386308670043945e+00,3.442314147949218750e+00,3.408903598785400391e+00,3.376135110855102539e+00,3.343990802764892578e+00,3.312452554702758789e+00,3.281504154205322266e+00,3.251128196716308594e+00,3.221309423446655273e+00,3.192033052444458008e+00,3.163283824920654297e+00,3.135047912597656250e+00,3.107311248779296875e+00,3.080061674118041992e+00,3.053285598754882812e+00,3.026970863342285156e+00,3.001106262207031250e+00,2.975679636001586914e+00,2.950680017471313477e+00,2.926097393035888672e+00,2.901920795440673828e+00,2.878140449523925781e+00,2.854746580123901367e+00,2.831730365753173828e+00,2.809081792831420898e+00,2.786792755126953125e+00,2.764855146408081055e+00,2.743259668350219727e+00,2.721998929977416992e+00,2.701065540313720703e+00,2.680451393127441406e+00,2.660149574279785156e+00,2.640152931213378906e+00,2.620455026626586914e+00,2.601048469543457031e+00,2.581927299499511719e+00,2.563085317611694336e+00,2.544516324996948242e+00,2.526214361190795898e+00,2.508173942565917969e+00,2.490389347076416016e+00,2.472855091094970703e+00,2.455565929412841797e+00,2.438517093658447266e+00,2.421703338623046875e+00,2.405119657516479492e+00,2.388761758804321289e+00,2.372624635696411133e+00,2.356704235076904297e+00,2.340996026992797852e+00,2.325495958328247070e+00,2.310199499130249023e+00,2.295103311538696289e+00,2.280203104019165039e+00,2.265494823455810547e+00,2.250975370407104492e+00,2.236640691757202148e+00,2.222487449645996094e+00,2.208512067794799805e+00,2.194711446762084961e+00,2.181082487106323242e+00,2.167621374130249023e+00,2.154325485229492188e+00,2.141191959381103516e+00,2.128217458724975586e+00,2.115399122238159180e+00,2.102734327316284180e+00,2.090220451354980469e+00,2.077854156494140625e+00,2.065633535385131836e+00,2.053556203842163086e+00,2.041618824005126953e+00
3.775333881378173828e+00,3.735183715820312500e+00,3.695878744125366211e+00,3.657392024993896484e+00,3.619698524475097656e+00,3.582774162292480469e+00,3.546595811843872070e+00,3.511140584945678711e+00,3.476387023925781250e+00,3.442315101623535156e+00,3.408904314041137695e+00,3.376135826110839844e+00,3.343991518020629883e+00,3.312453508377075195e+00,3.281504631042480469e+00,3.251128911972045898e+00,3.221310377120971680e+00,3.192033767700195312e+00,3.163284301757812500e+00,3.135048627853393555e+00,3.107312202453613281e+00,3.080062389373779297e+00,3.053286075592041016e+00,3.026971578598022461e+00,3.001106739044189453e+00,2.975680112838745117e+00,2.950680971145629883e+00,2.926098108291625977e+00,2.901921510696411133e+00,2.878141164779663086e+00,2.854747295379638672e+00,2.831730842590332031e+00,2.809082269668579102e+00,2.786793470382690430e+00,2.764855384826660156e+00,2.743260145187377930e+00,2.721999645233154297e+00,2.701066017150878906e+00,2.680451869964599609e+00,2.660150051116943359e+00,2.640153646469116211e+00,2.620455265045166016e+00,2.601048707962036133e+00,2.581927776336669922e+00,2.563085794448852539e+00,2.544516801834106445e+00,2.526214838027954102e+00,2.508174419403076172e+00,2.490389585494995117e+00,2.472855329513549805e+00,2.455566406250000000e+00,2.438517570495605469e+00,2.421703577041625977e+00,2.405120134353637695e+00,2.388761997222900391e+00,2.372625112533569336e+00,2.356704711914062500e+00,2.340996503829956055e+00,2.325496196746826172e+00,2.310199975967407227e+00,2.295103788375854492e+00,2.280203342437744141e+00,2.265495061874389648e+00,2.250975608825683594e+00,2.236640930175781250e+00,2.222487688064575195e+00,2.208512544631958008e+00,2.194711923599243164e+00,2.181082725524902344e+00,2.167621612548828125e+00,2.154325962066650391e+00,2.141192197799682617e+00,2.128217697143554688e+00,2.115399360656738281e+00,2.102734565734863281e+00,2.090220689773559570e+00,2.077854394912719727e+00,2.065634012222290039e+00,2.053556442260742188e+00,2.041619062423706055e+00
3.775334835052490234e+00,3.735184907913208008e+00,3.695879459381103516e+00,3.657392740249633789e+00,3.619699478149414062e+00,3.582775354385375977e+00,3.546596527099609375e+00,3.511141300201416016e+00,3.476388216018676758e+00,3.442315816879272461e+00,3.408905029296875000e+00,3.376136779785156250e+00,3.343992471694946289e+00,3.312454223632812500e+00,3.281505346298217773e+00,3.251129865646362305e+00,3.221311092376708984e+00,3.192034482955932617e+00,3.163285255432128906e+00,3.135049343109130859e+00,3.107312679290771484e+00,3.080063104629516602e+00,3.053286790847778320e+00,3.026972293853759766e+00,3.001107215881347656e+00,2.975680828094482422e+00,2.950681447982788086e+00,2.926098585128784180e+00,2.901922225952148438e+00,2.878141641616821289e+00,2.854747772216796875e+00,2.831731557846069336e+00,2.809082984924316406e+00,2.786793947219848633e+00,2.764855861663818359e+00,2.743260622024536133e+00,2.722000122070312500e+00,2.701066493988037109e+00,2.680452346801757812e+00,2.660150527954101562e+00,2.640153884887695312e+00,2.620455741882324219e+00,2.601049423217773438e+00,2.581928253173828125e+00,2.563086032867431641e+00,2.544517278671264648e+00,2.526215314865112305e+00,2.508174896240234375e+00,2.490390300750732422e+00,2.472856044769287109e+00,2.455566883087158203e+00,2.438517808914184570e+00,2.421704053878784180e+00,2.405120372772216797e+00,2.388762474060058594e+00,2.372625589370727539e+00,2.356705188751220703e+00,2.340996742248535156e+00,2.325496673583984375e+00,2.310200452804565430e+00,2.295104026794433594e+00,2.280203580856323242e+00,2.265495538711547852e+00,2.250976085662841797e+00,2.236641407012939453e+00,2.222488164901733398e+00,2.208512783050537109e+00,2.194712162017822266e+00,2.181082963943481445e+00,2.167622089385986328e+00,2.154326200485229492e+00,2.141192436218261719e+00,2.128217935562133789e+00,2.115399599075317383e+00,2.102734804153442383e+00,2.090220928192138672e+00,2.077854871749877930e+00,2.065634250640869141e+00,2.053556680679321289e+00,2.041619539260864258e+00
3.775336027145385742e+00,3.735185623168945312e+00,3.695880413055419922e+00,3.657394170761108398e+00,3.619700670242309570e+00,3.582776069641113281e+00,3.546597480773925781e+00,3.511142253875732422e+00,3.476388931274414062e+00,3.442316532135009766e+00,3.408905982971191406e+00,3.376137495040893555e+00,3.343993186950683594e+00,3.312455177307128906e+00,3.281506299972534180e+00,3.251130342483520508e+00,3.221311807632446289e+00,3.192035198211669922e+00,3.163285970687866211e+00,3.135049819946289062e+00,3.107313632965087891e+00,3.080063581466674805e+00,3.053287506103515625e+00,3.026973009109497070e+00,3.001108169555664062e+00,2.975681304931640625e+00,2.950681924819946289e+00,2.926099300384521484e+00,2.901922702789306641e+00,2.878142118453979492e+00,2.854748725891113281e+00,2.831732034683227539e+00,2.809083461761474609e+00,2.786794424057006836e+00,2.764856576919555664e+00,2.743261098861694336e+00,2.722000598907470703e+00,2.701066970825195312e+00,2.680452823638916016e+00,2.660151004791259766e+00,2.640154600143432617e+00,2.620456457138061523e+00,2.601049900054931641e+00,2.581928730010986328e+00,2.563086748123168945e+00,2.544517755508422852e+00,2.526215553283691406e+00,2.508175373077392578e+00,2.490390539169311523e+00,2.472856283187866211e+00,2.455567359924316406e+00,2.438518285751342773e+00,2.421704530715942383e+00,2.405120849609375000e+00,2.388762950897216797e+00,2.372625827789306641e+00,2.356705427169799805e+00,2.340997219085693359e+00,2.325497150421142578e+00,2.310200691223144531e+00,2.295104503631591797e+00,2.280204057693481445e+00,2.265495777130126953e+00,2.250976324081420898e+00,2.236641645431518555e+00,2.222488403320312500e+00,2.208513021469116211e+00,2.194712638854980469e+00,2.181083440780639648e+00,2.167622327804565430e+00,2.154326438903808594e+00,2.141192913055419922e+00,2.128218173980712891e+00,2.115400075912475586e+00,2.102735280990600586e+00,2.090221166610717773e+00,2.077855110168457031e+00,2.065634489059448242e+00,2.053556919097900391e+00,2.041619777679443359e+00
3.775336980819702148e+00,3.735186576843261719e+00,3.695881605148315430e+00,3.657394886016845703e+00,3.619701385498046875e+00,3.582777261734008789e+00,3.546598434448242188e+00,3.511142969131469727e+00,3.476389646530151367e+00,3.442317724227905273e+00,3.408906698226928711e+00,3.376138210296630859e+00,3.343994140625000000e+00,3.312455892562866211e+00,3.281507015228271484e+00,3.251131296157836914e+00,3.221312522888183594e+00,3.192035913467407227e+00,3.163286447525024414e+00,3.135050773620605469e+00,3.107314109802246094e+00,3.080064296722412109e+00,3.053288221359252930e+00,3.026973485946655273e+00,3.001108646392822266e+00,2.975682020187377930e+00,2.950682640075683594e+00,2.926099777221679688e+00,2.901923179626464844e+00,2.878142833709716797e+00,2.854749202728271484e+00,2.831732511520385742e+00,2.809084177017211914e+00,2.786795139312744141e+00,2.764857053756713867e+00,2.743261575698852539e+00,2.722001075744628906e+00,2.701067447662353516e+00,2.680453300476074219e+00,2.660151720046997070e+00,2.640155076980590820e+00,2.620456695556640625e+00,2.601050376892089844e+00,2.581929206848144531e+00,2.563086986541748047e+00,2.544517993927001953e+00,2.526216268539428711e+00,2.508175611495971680e+00,2.490391016006469727e+00,2.472856760025024414e+00,2.455567836761474609e+00,2.438518762588500977e+00,2.421705007553100586e+00,2.405121326446533203e+00,2.388763189315795898e+00,2.372626304626464844e+00,2.356705904006958008e+00,2.340997695922851562e+00,2.325497388839721680e+00,2.310201168060302734e+00,2.295104742050170898e+00,2.280204296112060547e+00,2.265496253967285156e+00,2.250976800918579102e+00,2.236642122268676758e+00,2.222488641738891602e+00,2.208513498306274414e+00,2.194712877273559570e+00,2.181083679199218750e+00,2.167622804641723633e+00,2.154326915740966797e+00,2.141193151473999023e+00,2.128218650817871094e+00,2.115400314331054688e+00,2.102735519409179688e+00,2.090221405029296875e+00,2.077855348587036133e+00,2.065634727478027344e+00,2.053557157516479492e+00,2.041620016098022461e+00
3.775337696075439453e+00,3.735187768936157227e+00,3.695882320404052734e+00,3.657395601272583008e+00,3.619702577590942383e+00,3.582777976989746094e+00,3.546599149703979492e+00,3.511144161224365234e+00,3.476390600204467773e+00,3.442318439483642578e+00,3.408907413482666016e+00,3.376139163970947266e+00,3.343994855880737305e+00,3.312456369400024414e+00,3.281507968902587891e+00,3.251132011413574219e+00,3.221313238143920898e+00,3.192036867141723633e+00,3.163287401199340820e+00,3.135051488876342773e+00,3.107314825057983398e+00,3.080065011978149414e+00,3.053288936614990234e+00,3.026974201202392578e+00,3.001109361648559570e+00,2.975682735443115234e+00,2.950683116912841797e+00,2.926100254058837891e+00,2.901923894882202148e+00,2.878143310546875000e+00,2.854749679565429688e+00,2.831733226776123047e+00,2.809084653854370117e+00,2.786795616149902344e+00,2.764857769012451172e+00,2.743262290954589844e+00,2.722001552581787109e+00,2.701067924499511719e+00,2.680454015731811523e+00,2.660151958465576172e+00,2.640155315399169922e+00,2.620457410812377930e+00,2.601050853729248047e+00,2.581929683685302734e+00,2.563087701797485352e+00,2.544518709182739258e+00,2.526216506958007812e+00,2.508176088333129883e+00,2.490391492843627930e+00,2.472857236862182617e+00,2.455568075180053711e+00,2.438519239425659180e+00,2.421705484390258789e+00,2.405121564865112305e+00,2.388763666152954102e+00,2.372626781463623047e+00,2.356706380844116211e+00,2.340997934341430664e+00,2.325497865676879883e+00,2.310201406478881836e+00,2.295105218887329102e+00,2.280204057693481445e+00,2.265496015548706055e+00,2.250976562500000000e+00,2.236641883850097656e+00,2.222488641738891602e+00,2.208513259887695312e+00,2.194712877273559570e+00,2.181083679199218750e+00,2.167622804641723633e+00,2.154326915740966797e+00,2.141193151473999023e+00,2.128218650817871094e+00,2.115400314331054688e+00,2.102735519409179688e+00,2.090221643447875977e+00,2.077855587005615234e+00,2.065634965896606445e+00,2.053557395935058594e+00,2.041620254516601562e+00
3.775338888168334961e+00,3.735188722610473633e+00,3.695883274078369141e+00,3.657396793365478516e+00,3.619703292846679688e+00,3.582778692245483398e+00,3.546600341796875000e+00,3.511144876480102539e+00,3.476391315460205078e+00,3.442319393157958984e+00,3.408908367156982422e+00,3.376139879226684570e+00,3.343995332717895508e+00,3.312457323074340820e+00,3.281508684158325195e+00,3.251132726669311523e+00,3.221314191818237305e+00,3.192037343978881836e+00,3.163287878036499023e+00,3.135051965713500977e+00,3.107315540313720703e+00,3.080065727233886719e+00,3.053289413452148438e+00,3.026974916458129883e+00,3.001109838485717773e+00,2.975683212280273438e+00,2.950684070587158203e+00,2.926100969314575195e+00,2.901924371719360352e+00,2.878143787384033203e+00,2.854750394821166992e+00,2.831733703613281250e+00,2.809085130691528320e+00,2.786796331405639648e+00,2.764858245849609375e+00,2.743262767791748047e+00,2.722002267837524414e+00,2.701068639755249023e+00,2.680454015731811523e+00,2.660151958465576172e+00,2.640155315399169922e+00,2.620457410812377930e+00,2.601050853729248047e+00,2.581929922103881836e+00,2.563087701797485352e+00,2.544518470764160156e+00,2.526216745376586914e+00,2.508176326751708984e+00,2.490391731262207031e+00,2.472857236862182617e+00,2.455568313598632812e+00,2.438519239425659180e+00,2.421705484390258789e+00,2.405122041702270508e+00,2.388763904571533203e+00,2.372627019882202148e+00,2.356706619262695312e+00,2.340998172760009766e+00,2.325498104095458984e+00,2.310201644897460938e+00,2.295105457305908203e+00,2.280205011367797852e+00,2.265496730804443359e+00,2.250977516174316406e+00,2.236642599105834961e+00,2.222489595413208008e+00,2.208514213562011719e+00,2.194713592529296875e+00,2.181084394454956055e+00,2.167623519897460938e+00,2.154327630996704102e+00,2.141193866729736328e+00,2.128219366073608398e+00,2.115401029586791992e+00,2.102736234664916992e+00,2.090222358703613281e+00,2.077856302261352539e+00,2.065635919570922852e+00,2.053558349609375000e+00,2.041620969772338867e+00
3.775339841842651367e+00,3.735189914703369141e+00,3.695884466171264648e+00,3.657397747039794922e+00,3.619704008102416992e+00,3.582779884338378906e+00,3.546601057052612305e+00,3.511145591735839844e+00,3.476392507553100586e+00,3.442320108413696289e+00,3.408909082412719727e+00,3.376140594482421875e+00,3.343996524810791016e+00,3.312458038330078125e+00,3.281509160995483398e+00,3.251132965087890625e+00,3.221314191818237305e+00,3.192037582397460938e+00,3.163288354873657227e+00,3.135052204132080078e+00,3.107316017150878906e+00,3.080065965652465820e+00,3.053289890289306641e+00,3.026975393295288086e+00,3.001110315322875977e+00,2.975683689117431641e+00,2.950684309005737305e+00,2.926101684570312500e+00,2.901924848556518555e+00,2.878144502639770508e+00,2.854750871658325195e+00,2.831734180450439453e+00,2.809085845947265625e+00,2.786796808242797852e+00,2.764858961105346680e+00,2.743263483047485352e+00,2.722002744674682617e+00,2.701069116592407227e+00,2.680454969406127930e+00,2.660153388977050781e+00,2.640156745910644531e+00,2.620458364486694336e+00,2.601052045822143555e+00,2.581930875778198242e+00,2.563088893890380859e+00,2.544519662857055664e+00,2.526217699050903320e+00,2.508177280426025391e+00,2.490392446517944336e+00,2.472858428955078125e+00,2.455569267272949219e+00,2.438520431518554688e+00,2.421706438064575195e+00,2.405122756958007812e+00,2.388764858245849609e+00,2.372627735137939453e+00,2.356707572937011719e+00,2.340999126434326172e+00,2.325499057769775391e+00,2.310202598571777344e+00,2.295106172561645508e+00,2.280205965042114258e+00,2.265497684478759766e+00,2.250978231430053711e+00,2.236643552780151367e+00,2.222490310668945312e+00,2.208514928817749023e+00,2.194714307785034180e+00,2.181085348129272461e+00,2.167624235153198242e+00,2.154328346252441406e+00,2.141194820404052734e+00,2.128220081329345703e+00,2.115401744842529297e+00,2.102736949920654297e+00,2.090223073959350586e+00,2.077857017517089844e+00,2.065636396408081055e+00,2.053559064865112305e+00,2.041621685028076172e+00
3.775340795516967773e+00,3.735190868377685547e+00,3.695885419845581055e+00,3.657398700714111328e+00,3.619705438613891602e+00,3.582780838012695312e+00,3.546602487564086914e+00,3.511146783828735352e+00,3.476393222808837891e+00,3.442321300506591797e+00,3.408910274505615234e+00,3.376142024993896484e+00,3.343997478485107422e+00,3.312459230422973633e+00,3.281510591506958008e+00,3.251134634017944336e+00,3.221316099166870117e+00,3.192039251327514648e+00,3.163290023803710938e+00,3.135054111480712891e+00,3.107317447662353516e+00,3.080067634582519531e+00,3.053291320800781250e+00,3.026976823806762695e+00,3.001111745834350586e+00,2.975685119628906250e+00,2.950685739517211914e+00,2.926102876663208008e+00,2.901926517486572266e+00,2.878145933151245117e+00,2.854752302169799805e+00,2.831735610961914062e+00,2.809087038040161133e+00,2.786798238754272461e+00,2.764860153198242188e+00,2.743264675140380859e+00,2.722003936767578125e+00,2.701070308685302734e+00,2.680456161499023438e+00,2.660154342651367188e+00,2.640157938003540039e+00,2.620459556579589844e+00,2.601052999496459961e+00,2.581932067871093750e+00,2.563089847564697266e+00,2.544520854949951172e+00,2.526218891143798828e+00,2.508178472518920898e+00,2.490393638610839844e+00,2.472859382629394531e+00,2.455570459365844727e+00,2.438521385192871094e+00,2.421707630157470703e+00,2.405123949050903320e+00,2.388765811920166016e+00,2.372628927230834961e+00,2.356708288192749023e+00,2.341000080108642578e+00,2.325500011444091797e+00,2.310203552246093750e+00,2.295107126235961914e+00,2.280206680297851562e+00,2.265498638153076172e+00,2.250979185104370117e+00,2.236644506454467773e+00,2.222491025924682617e+00,2.208515882492065430e+00,2.194715261459350586e+00,2.181086063385009766e+00,2.167625188827514648e+00,2.154329061508178711e+00,2.141195297241210938e+00,2.128220796585083008e+00,2.115402460098266602e+00,2.102737903594970703e+00,2.090223789215087891e+00,2.077857732772827148e+00,2.065637350082397461e+00,2.053559541702270508e+00,2.041622400283813477e+00
3.775343418121337891e+00,3.735193014144897461e+00,3.695887804031372070e+00,3.657401084899902344e+00,3.619707345962524414e+00,3.582782983779907227e+00,3.546604156494140625e+00,3.511149168014526367e+00,3.476395368576049805e+00,3.442322969436645508e+00,3.408912420272827148e+00,3.376143693923950195e+00,3.343999624252319336e+00,3.312461137771606445e+00,3.281512498855590820e+00,3.251136541366577148e+00,3.221317529678344727e+00,3.192041158676147461e+00,3.163291692733764648e+00,3.135055780410766602e+00,3.107319116592407227e+00,3.080069065093994141e+00,3.053292989730834961e+00,3.026978254318237305e+00,3.001113414764404297e+00,2.975686788558959961e+00,2.950687408447265625e+00,2.926104307174682617e+00,2.901927709579467773e+00,2.878147363662719727e+00,2.854753494262695312e+00,2.831737041473388672e+00,2.809088468551635742e+00,2.786799192428588867e+00,2.764861345291137695e+00,2.743265867233276367e+00,2.722005367279052734e+00,2.701071500778198242e+00,2.680457353591918945e+00,2.660155534744262695e+00,2.640158891677856445e+00,2.620460748672485352e+00,2.601054191589355469e+00,2.581933259963989258e+00,2.563091039657592773e+00,2.544521808624267578e+00,2.526220083236694336e+00,2.508179426193237305e+00,2.490394830703735352e+00,2.472860336303710938e+00,2.455571174621582031e+00,2.438522338867187500e+00,2.421708583831787109e+00,2.405124902725219727e+00,2.388766765594482422e+00,2.372629880905151367e+00,2.356709480285644531e+00,2.341001033782958984e+00,2.325500965118408203e+00,2.310204505920410156e+00,2.295108079910278320e+00,2.280207633972167969e+00,2.265499353408813477e+00,2.250979900360107422e+00,2.236645221710205078e+00,2.222491979598999023e+00,2.208516597747802734e+00,2.194715976715087891e+00,2.181086778640747070e+00,2.167625904083251953e+00,2.154330015182495117e+00,2.141196250915527344e+00,2.128221750259399414e+00,2.115403413772583008e+00,2.102738618850708008e+00,2.090224504470825195e+00,2.077858448028564453e+00,2.065638065338134766e+00,2.053560256958007812e+00,2.041623115539550781e+00
3.775345563888549805e+00,3.735195398330688477e+00,3.695889949798583984e+00,3.657403469085693359e+00,3.619709730148315430e+00,3.582784891128540039e+00,3.546606540679931641e+00,3.511150836944580078e+00,3.476397752761840820e+00,3.442325115203857422e+00,3.408914566040039062e+00,3.376145839691162109e+00,3.344001293182373047e+00,3.312463045120239258e+00,3.281514167785644531e+00,3.251138448715209961e+00,3.221319437026977539e+00,3.192042589187622070e+00,3.163293361663818359e+00,3.135057210922241211e+00,3.107320785522460938e+00,3.080070734024047852e+00,3.053294658660888672e+00,3.026979923248291016e+00,3.001114845275878906e+00,2.975688219070434570e+00,2.950688600540161133e+00,2.926105976104736328e+00,2.901929140090942383e+00,2.878148555755615234e+00,2.854754924774169922e+00,2.831738233566284180e+00,2.809089899063110352e+00,2.786800622940063477e+00,2.764862537384033203e+00,2.743267297744750977e+00,2.722006320953369141e+00,2.701072931289672852e+00,2.680458545684814453e+00,2.660156965255737305e+00,2.640160083770751953e+00,2.620461940765380859e+00,2.601055383682250977e+00,2.581934213638305664e+00,2.563092231750488281e+00,2.544523000717163086e+00,2.526221036911010742e+00,2.508180618286132812e+00,2.490395784378051758e+00,2.472861528396606445e+00,2.455572366714477539e+00,2.438523530960083008e+00,2.421709537506103516e+00,2.405125617980957031e+00,2.388767719268798828e+00,2.372630596160888672e+00,2.356710433959960938e+00,2.341001987457275391e+00,2.325501680374145508e+00,2.310205459594726562e+00,2.295109033584594727e+00,2.280208587646484375e+00,2.265500307083129883e+00,2.250980854034423828e+00,2.236646175384521484e+00,2.222492694854736328e+00,2.208517551422119141e+00,2.194716691970825195e+00,2.181087732315063477e+00,2.167626619338989258e+00,2.154330730438232422e+00,2.141196966171264648e+00,2.128222465515136719e+00,2.115404129028320312e+00,2.102739334106445312e+00,2.090225219726562500e+00,2.077859163284301758e+00,2.065638542175292969e+00,2.053561210632324219e+00,2.041623830795288086e+00
3.775348186492919922e+00,3.735197544097900391e+00,3.695892333984375000e+00,3.657405376434326172e+00,3.619712114334106445e+00,3.582787275314331055e+00,3.546608686447143555e+00,3.511152982711791992e+00,3.476399421691894531e+00,3.442327260971069336e+00,3.408916234970092773e+00,3.376147747039794922e+00,3.344003200531005859e+00,3.312464714050292969e+00,3.281516075134277344e+00,3.251139879226684570e+00,3.221321344375610352e+00,3.192044496536254883e+00,3.163295269012451172e+00,3.135059118270874023e+00,3.107322216033935547e+00,3.080072402954101562e+00,3.053296089172363281e+00,3.026981592178344727e+00,3.001116514205932617e+00,2.975689649581909180e+00,2.950690269470214844e+00,2.926107168197631836e+00,2.901930809020996094e+00,2.878149986267089844e+00,2.854756116867065430e+00,2.831739664077758789e+00,2.809091091156005859e+00,2.786802053451538086e+00,2.764863967895507812e+00,2.743268489837646484e+00,2.722007751464843750e+00,2.701073884963989258e+00,2.680459976196289062e+00,2.660157918930053711e+00,2.640161514282226562e+00,2.620463132858276367e+00,2.601056337356567383e+00,2.581935405731201172e+00,2.563093185424804688e+00,2.544524192810058594e+00,2.526221990585327148e+00,2.508181571960449219e+00,2.490396738052368164e+00,2.472862482070922852e+00,2.455573558807373047e+00,2.438524246215820312e+00,2.421710491180419922e+00,2.405126810073852539e+00,2.388768672943115234e+00,2.372631788253784180e+00,2.356711149215698242e+00,2.341002941131591797e+00,2.325502634048461914e+00,2.310206174850463867e+00,2.295109987258911133e+00,2.280209541320800781e+00,2.265501260757446289e+00,2.250981569290161133e+00,2.236647129058837891e+00,2.222493648529052734e+00,2.208518266677856445e+00,2.194717645645141602e+00,2.181088447570800781e+00,2.167627573013305664e+00,2.154331445693969727e+00,2.141197681427001953e+00,2.128223180770874023e+00,2.115404844284057617e+00,2.102740049362182617e+00,2.090225934982299805e+00,2.077860116958618164e+00,2.065639495849609375e+00,2.053561687469482422e+00,2.041624546051025391e+00
3.775350570678710938e+00,3.735199928283691406e+00,3.695894718170166016e+00,3.657407760620117188e+00,3.619714021682739258e+00,3.582789659500122070e+00,3.546610593795776367e+00,3.511155366897583008e+00,3.476401567459106445e+00,3.442329168319702148e+00,3.408918380737304688e+00,3.376149415969848633e+00,3.344005107879638672e+00,3.312466621398925781e+00,3.281517982482910156e+00,3.251141786575317383e+00,3.221322774887084961e+00,3.192046403884887695e+00,3.163296699523925781e+00,3.135060787200927734e+00,3.107323884963989258e+00,3.080073833465576172e+00,3.053297758102416992e+00,3.026983022689819336e+00,3.001117944717407227e+00,2.975691080093383789e+00,2.950691461563110352e+00,2.926108598709106445e+00,2.901932001113891602e+00,2.878151655197143555e+00,2.854757547378540039e+00,2.831741094589233398e+00,2.809092521667480469e+00,2.786803245544433594e+00,2.764865398406982422e+00,2.743269681930541992e+00,2.722009181976318359e+00,2.701075315475463867e+00,2.680460929870605469e+00,2.660159111022949219e+00,2.640162467956542969e+00,2.620464324951171875e+00,2.601057529449462891e+00,2.581936597824096680e+00,2.563094377517700195e+00,2.544525146484375000e+00,2.526223182678222656e+00,2.508182525634765625e+00,2.490397930145263672e+00,2.472863435745239258e+00,2.455574274063110352e+00,2.438525438308715820e+00,2.421711444854736328e+00,2.405127763748168945e+00,2.388769626617431641e+00,2.372632503509521484e+00,2.356712102890014648e+00,2.341003656387329102e+00,2.325503587722778320e+00,2.310207128524780273e+00,2.295110940933227539e+00,2.280210256576538086e+00,2.265501976013183594e+00,2.250982522964477539e+00,2.236647844314575195e+00,2.222494602203369141e+00,2.208519220352172852e+00,2.194718360900878906e+00,2.181089162826538086e+00,2.167628288269042969e+00,2.154332399368286133e+00,2.141198635101318359e+00,2.128223896026611328e+00,2.115405559539794922e+00,2.102740764617919922e+00,2.090226650238037109e+00,2.077860593795776367e+00,2.065640211105346680e+00,2.053562402725219727e+00,2.041625261306762695e+00
3.775352716445922852e+00,3.735202550888061523e+00,3.695896863937377930e+00,3.657410144805908203e+00,3.619716405868530273e+00,3.582791566848754883e+00,3.546612977981567383e+00,3.511157035827636719e+00,3.476403713226318359e+00,3.442331075668334961e+00,3.408920288085937500e+00,3.376151561737060547e+00,3.344006776809692383e+00,3.312468528747558594e+00,3.281519651412963867e+00,3.251143693923950195e+00,3.221324682235717773e+00,3.192047834396362305e+00,3.163298368453979492e+00,3.135062217712402344e+00,3.107325792312622070e+00,3.080075502395629883e+00,3.053299188613891602e+00,3.026984453201293945e+00,3.001119375228881836e+00,2.975692749023437500e+00,2.950693130493164062e+00,2.926110267639160156e+00,2.901933431625366211e+00,2.878152847290039062e+00,2.854758977890014648e+00,2.831742286682128906e+00,2.809093952178955078e+00,2.786804676055908203e+00,2.764866352081298828e+00,2.743271112442016602e+00,2.722010135650634766e+00,2.701076507568359375e+00,2.680462360382080078e+00,2.660160541534423828e+00,2.640163660049438477e+00,2.620465278625488281e+00,2.601058721542358398e+00,2.581937551498413086e+00,2.563095569610595703e+00,2.544526338577270508e+00,2.526224136352539062e+00,2.508183717727661133e+00,2.490398883819580078e+00,2.472864627838134766e+00,2.455575466156005859e+00,2.438526153564453125e+00,2.421712398529052734e+00,2.405128717422485352e+00,2.388770580291748047e+00,2.372633457183837891e+00,2.356713294982910156e+00,2.341004848480224609e+00,2.325504541397094727e+00,2.310208082199096680e+00,2.295111656188964844e+00,2.280211210250854492e+00,2.265502929687500000e+00,2.250983238220214844e+00,2.236648559570312500e+00,2.222495317459106445e+00,2.208519935607910156e+00,2.194719314575195312e+00,2.181090116500854492e+00,2.167629003524780273e+00,2.154333114624023438e+00,2.141199350357055664e+00,2.128224611282348633e+00,2.115406274795532227e+00,2.102741479873657227e+00,2.090227365493774414e+00,2.077861547470092773e+00,2.065640687942504883e+00,2.053563356399536133e+00,2.041625976562500000e+00
3.775355339050292969e+00,3.735204696655273438e+00,3.695899248123168945e+00,3.657412052154541016e+00,3.619718790054321289e+00,3.582793712615966797e+00,3.546615123748779297e+00,3.511159420013427734e+00,3.476405620574951172e+00,3.442333221435546875e+00,3.408922195434570312e+00,3.376153707504272461e+00,3.344008922576904297e+00,3.312470197677612305e+00,3.281521558761596680e+00,3.251145362854003906e+00,3.221326589584350586e+00,3.192049741744995117e+00,3.163300037384033203e+00,3.135064125061035156e+00,3.107327222824096680e+00,3.080077409744262695e+00,3.053300857543945312e+00,3.026986122131347656e+00,3.001121044158935547e+00,2.975694179534912109e+00,2.950694561004638672e+00,2.926111459732055664e+00,2.901934862136840820e+00,2.878154277801513672e+00,2.854760169982910156e+00,2.831743717193603516e+00,2.809094905853271484e+00,2.786806106567382812e+00,2.764867782592773438e+00,2.743272304534912109e+00,2.722011566162109375e+00,2.701077699661254883e+00,2.680463552474975586e+00,2.660161495208740234e+00,2.640164852142333984e+00,2.620466470718383789e+00,2.601059913635253906e+00,2.581938743591308594e+00,2.563096523284912109e+00,2.544527530670166016e+00,2.526225328445434570e+00,2.508184671401977539e+00,2.490399837493896484e+00,2.472865581512451172e+00,2.455576419830322266e+00,2.438527345657348633e+00,2.421713590621948242e+00,2.405129671096801758e+00,2.388771533966064453e+00,2.372634649276733398e+00,2.356714010238647461e+00,2.341005802154541016e+00,2.325505495071411133e+00,2.310208797454833984e+00,2.295112609863281250e+00,2.280212163925170898e+00,2.265503883361816406e+00,2.250984191894531250e+00,2.236649513244628906e+00,2.222496032714843750e+00,2.208520650863647461e+00,2.194720029830932617e+00,2.181090831756591797e+00,2.167629957199096680e+00,2.154333829879760742e+00,2.141200065612792969e+00,2.128225564956665039e+00,2.115406990051269531e+00,2.102742433547973633e+00,2.090228080749511719e+00,2.077862024307250977e+00,2.065641641616821289e+00,2.053563833236694336e+00,2.041626691818237305e+00
3.775357961654663086e+00,3.735207080841064453e+00,3.695901155471801758e+00,3.657414436340332031e+00,3.619720697402954102e+00,3.582796096801757812e+00,3.546617031097412109e+00,3.511161565780639648e+00,3.476407766342163086e+00,3.442335128784179688e+00,3.408924102783203125e+00,3.376155376434326172e+00,3.344010829925537109e+00,3.312472343444824219e+00,3.281522989273071289e+00,3.251147270202636719e+00,3.221328258514404297e+00,3.192051410675048828e+00,3.163301706314086914e+00,3.135065793991088867e+00,3.107328891754150391e+00,3.080078840255737305e+00,3.053302526473999023e+00,3.026987552642822266e+00,3.001122474670410156e+00,2.975695610046386719e+00,2.950695991516113281e+00,2.926113128662109375e+00,2.901936292648315430e+00,2.878155708312988281e+00,2.854761838912963867e+00,2.831745147705078125e+00,2.809096336364746094e+00,2.786807060241699219e+00,2.764869213104248047e+00,2.743273496627807617e+00,2.722012758255004883e+00,2.701078891754150391e+00,2.680464744567871094e+00,2.660162687301635742e+00,2.640166044235229492e+00,2.620467662811279297e+00,2.601061105728149414e+00,2.581939697265625000e+00,2.563097715377807617e+00,2.544528484344482422e+00,2.526226520538330078e+00,2.508185863494873047e+00,2.490401029586791992e+00,2.472866535186767578e+00,2.455577373504638672e+00,2.438528299331665039e+00,2.421714305877685547e+00,2.405130624771118164e+00,2.388772487640380859e+00,2.372635364532470703e+00,2.356714963912963867e+00,2.341006517410278320e+00,2.325506448745727539e+00,2.310209751129150391e+00,2.295113563537597656e+00,2.280212879180908203e+00,2.265504598617553711e+00,2.250985145568847656e+00,2.236650228500366211e+00,2.222496986389160156e+00,2.208521604537963867e+00,2.194720745086669922e+00,2.181091785430908203e+00,2.167630672454833984e+00,2.154334783554077148e+00,2.141200780868530273e+00,2.128226041793823242e+00,2.115407943725585938e+00,2.102742910385131836e+00,2.090229034423828125e+00,2.077862977981567383e+00,2.065642356872558594e+00,2.053564548492431641e+00,2.041627168655395508e+00
3.775360107421875000e+00,3.735209703445434570e+00,3.695903778076171875e+00,3.657417058944702148e+00,3.619723081588745117e+00,3.582798004150390625e+00,3.546619176864624023e+00,3.511163473129272461e+00,3.476409912109375000e+00,3.442337274551391602e+00,3.408926010131835938e+00,3.376157283782958984e+00,3.344012498855590820e+00,3.312474250793457031e+00,3.281525135040283203e+00,3.251149177551269531e+00,3.221329927444458008e+00,3.192053079605102539e+00,3.163303613662719727e+00,3.135067224502563477e+00,3.107330560684204102e+00,3.080080509185791016e+00,3.053303956985473633e+00,3.026989221572875977e+00,3.001123905181884766e+00,2.975697278976440430e+00,2.950697422027587891e+00,2.926114559173583984e+00,2.901937723159790039e+00,2.878156900405883789e+00,2.854763269424438477e+00,2.831746339797973633e+00,2.809097766876220703e+00,2.786808490753173828e+00,2.764870405197143555e+00,2.743274927139282227e+00,2.722013950347900391e+00,2.701080322265625000e+00,2.680465936660766602e+00,2.660163879394531250e+00,2.640167236328125000e+00,2.620468854904174805e+00,2.601062297821044922e+00,2.581940889358520508e+00,2.563098907470703125e+00,2.544529676437377930e+00,2.526227474212646484e+00,2.508186817169189453e+00,2.490401983261108398e+00,2.472867727279663086e+00,2.455578565597534180e+00,2.438529253005981445e+00,2.421715497970581055e+00,2.405131578445434570e+00,2.388773679733276367e+00,2.372636318206787109e+00,2.356715917587280273e+00,2.341007471084594727e+00,2.325507164001464844e+00,2.310210704803466797e+00,2.295114278793334961e+00,2.280213832855224609e+00,2.265505552291870117e+00,2.250985860824584961e+00,2.236651182174682617e+00,2.222497701644897461e+00,2.208522558212280273e+00,2.194721698760986328e+00,2.181092500686645508e+00,2.167631387710571289e+00,2.154335498809814453e+00,2.141201734542846680e+00,2.128226995468139648e+00,2.115408658981323242e+00,2.102743864059448242e+00,2.090229511260986328e+00,2.077863693237304688e+00,2.065643072128295898e+00,2.053565502166748047e+00,2.041628122329711914e+00
3.775362491607666016e+00,3.735211610794067383e+00,3.695906162261962891e+00,3.657418966293334961e+00,3.619725227355957031e+00,3.582800388336181641e+00,3.546621084213256836e+00,3.511165618896484375e+00,3.476411581039428711e+00,3.442339181900024414e+00,3.408927917480468750e+00,3.376159429550170898e+00,3.344014644622802734e+00,3.312475919723510742e+00,3.281527042388916016e+00,3.251150608062744141e+00,3.221331834793090820e+00,3.192054748535156250e+00,3.163305044174194336e+00,3.135068893432617188e+00,3.107331991195678711e+00,3.080082178115844727e+00,3.053305625915527344e+00,3.026990890502929688e+00,3.001125574111938477e+00,2.975698471069335938e+00,2.950699090957641602e+00,2.926115751266479492e+00,2.901939153671264648e+00,2.878158569335937500e+00,2.854764461517333984e+00,2.831747770309448242e+00,2.809098958969116211e+00,2.786809921264648438e+00,2.764871597290039062e+00,2.743275880813598633e+00,2.722015380859375000e+00,2.701081275939941406e+00,2.680467128753662109e+00,2.660165071487426758e+00,2.640168428421020508e+00,2.620470046997070312e+00,2.601063251495361328e+00,2.581942081451416016e+00,2.563099861145019531e+00,2.544530630111694336e+00,2.526228666305541992e+00,2.508187770843505859e+00,2.490403175354003906e+00,2.472868680953979492e+00,2.455579519271850586e+00,2.438530445098876953e+00,2.421716451644897461e+00,2.405132532119750977e+00,2.388774394989013672e+00,2.372637510299682617e+00,2.356716871261596680e+00,2.341008424758911133e+00,2.325508117675781250e+00,2.310211658477783203e+00,2.295115232467651367e+00,2.280214786529541016e+00,2.265506505966186523e+00,2.250986814498901367e+00,2.236651897430419922e+00,2.222498655319213867e+00,2.208523273468017578e+00,2.194722414016723633e+00,2.181093215942382812e+00,2.167632341384887695e+00,2.154336214065551758e+00,2.141202449798583984e+00,2.128227710723876953e+00,2.115409374237060547e+00,2.102744579315185547e+00,2.090230464935302734e+00,2.077864170074462891e+00,2.065643787384033203e+00,2.053565979003906250e+00,2.041628837585449219e+00
3.775365114212036133e+00,3.735214233398437500e+00,3.695908069610595703e+00,3.657421350479125977e+00,3.619727373123168945e+00,3.582802534103393555e+00,3.546623468399047852e+00,3.511167764663696289e+00,3.476413965225219727e+00,3.442341089248657227e+00,3.408930063247680664e+00,3.376161098480224609e+00,3.344016551971435547e+00,3.312477827072143555e+00,3.281528472900390625e+00,3.251152515411376953e+00,3.221333503723144531e+00,3.192056655883789062e+00,3.163306713104248047e+00,3.135070562362670898e+00,3.107333660125732422e+00,3.080083608627319336e+00,3.053307294845581055e+00,3.026992321014404297e+00,3.001127243041992188e+00,2.975700139999389648e+00,2.950700283050537109e+00,2.926117420196533203e+00,2.901940584182739258e+00,2.878159999847412109e+00,2.854765892028808594e+00,2.831748962402343750e+00,2.809100389480590820e+00,2.786811113357543945e+00,2.764873027801513672e+00,2.743277311325073242e+00,2.722016572952270508e+00,2.701082706451416016e+00,2.680468320846557617e+00,2.660166263580322266e+00,2.640169620513916016e+00,2.620471239089965820e+00,2.601064443588256836e+00,2.581943035125732422e+00,2.563101053237915039e+00,2.544531583786010742e+00,2.526229619979858398e+00,2.508188962936401367e+00,2.490404129028320312e+00,2.472869634628295898e+00,2.455580472946166992e+00,2.438531398773193359e+00,2.421717405319213867e+00,2.405133724212646484e+00,2.388775348663330078e+00,2.372638225555419922e+00,2.356717824935913086e+00,2.341009378433227539e+00,2.325509071350097656e+00,2.310212612152099609e+00,2.295115947723388672e+00,2.280215740203857422e+00,2.265507221221923828e+00,2.250987768173217773e+00,2.236652851104736328e+00,2.222499608993530273e+00,2.208523988723754883e+00,2.194723129272460938e+00,2.181094169616699219e+00,2.167633056640625000e+00,2.154337167739868164e+00,2.141203165054321289e+00,2.128228425979614258e+00,2.115410089492797852e+00,2.102745294570922852e+00,2.090231180191040039e+00,2.077865123748779297e+00,2.065644502639770508e+00,2.053566455841064453e+00,2.041629076004028320e+00
3.775367259979248047e+00,3.735216617584228516e+00,3.695910692214965820e+00,3.657423734664916992e+00,3.619729518890380859e+00,3.582804441452026367e+00,3.546625614166259766e+00,3.511169672012329102e+00,3.476416110992431641e+00,3.442343235015869141e+00,3.408931732177734375e+00,3.376163005828857422e+00,3.344018220901489258e+00,3.312479734420776367e+00,3.281530380249023438e+00,3.251154184341430664e+00,3.221335172653198242e+00,3.192058086395263672e+00,3.163308620452880859e+00,3.135072231292724609e+00,3.107335567474365234e+00,3.080085277557373047e+00,3.053308486938476562e+00,3.026993751525878906e+00,3.001128435134887695e+00,2.975701808929443359e+00,2.950701951980590820e+00,2.926118612289428711e+00,2.901942014694213867e+00,2.878161191940307617e+00,2.854767322540283203e+00,2.831750392913818359e+00,2.809101819992065430e+00,2.786812543869018555e+00,2.764874219894409180e+00,2.743278741836547852e+00,2.722017765045166016e+00,2.701083898544311523e+00,2.680469512939453125e+00,2.660167455673217773e+00,2.640170812606811523e+00,2.620472192764282227e+00,2.601065635681152344e+00,2.581944227218627930e+00,2.563102245330810547e+00,2.544532775878906250e+00,2.526230573654174805e+00,2.508190155029296875e+00,2.490405082702636719e+00,2.472870826721191406e+00,2.455581426620483398e+00,2.438532352447509766e+00,2.421718358993530273e+00,2.405134439468383789e+00,2.388776540756225586e+00,2.372639179229736328e+00,2.356718540191650391e+00,2.341010093688964844e+00,2.325509786605834961e+00,2.310213327407836914e+00,2.295116662979125977e+00,2.280216217041015625e+00,2.265507936477661133e+00,2.250988245010375977e+00,2.236653566360473633e+00,2.222500085830688477e+00,2.208524703979492188e+00,2.194723844528198242e+00,2.181094646453857422e+00,2.167633533477783203e+00,2.154337406158447266e+00,2.141203880310058594e+00,2.128228902816772461e+00,2.115410804748535156e+00,2.102745771408081055e+00,2.090231657028198242e+00,2.077865600585937500e+00,2.065644979476928711e+00,2.053567409515380859e+00,2.041629791259765625e+00
3.775369882583618164e+00,3.735218763351440430e+00,3.695913076400756836e+00,3.657425642013549805e+00,3.619731903076171875e+00,3.582806825637817383e+00,3.546627521514892578e+00,3.511171817779541016e+00,3.476417779922485352e+00,3.442345380783081055e+00,3.408933877944946289e+00,3.376164913177490234e+00,3.344020128250122070e+00,3.312481403350830078e+00,3.281532287597656250e+00,3.251156091690063477e+00,3.221337080001831055e+00,3.192059993743896484e+00,3.163310050964355469e+00,3.135073900222778320e+00,3.107336997985839844e+00,3.080086946487426758e+00,3.053310155868530273e+00,3.026995182037353516e+00,3.001130104064941406e+00,2.975703001022338867e+00,2.950703382492065430e+00,2.926120281219482422e+00,2.901943445205688477e+00,2.878162622451782227e+00,2.854768514633178711e+00,2.831751823425292969e+00,2.809103012084960938e+00,2.786813974380493164e+00,2.764875411987304688e+00,2.743279695510864258e+00,2.722018957138061523e+00,2.701084852218627930e+00,2.680470705032348633e+00,2.660168409347534180e+00,2.640171766281127930e+00,2.620473384857177734e+00,2.601066350936889648e+00,2.581945180892944336e+00,2.563102960586547852e+00,2.544533729553222656e+00,2.526231527328491211e+00,2.508190870285034180e+00,2.490406036376953125e+00,2.472871541976928711e+00,2.455582380294799805e+00,2.438533067703247070e+00,2.421719074249267578e+00,2.405135393142700195e+00,2.388777017593383789e+00,2.372640132904052734e+00,2.356719493865966797e+00,2.341011047363281250e+00,2.325510740280151367e+00,2.310214042663574219e+00,2.295117616653442383e+00,2.280217170715332031e+00,2.265508890151977539e+00,2.250989198684692383e+00,2.236654281616210938e+00,2.222500801086425781e+00,2.208525419235229492e+00,2.194724798202514648e+00,2.181095361709594727e+00,2.167634487152099609e+00,2.154338359832763672e+00,2.141204357147216797e+00,2.128229856491088867e+00,2.115411281585693359e+00,2.102746486663818359e+00,2.090232372283935547e+00,2.077866315841674805e+00,2.065645694732666016e+00,2.053567886352539062e+00,2.041630744934082031e+00
3.775372266769409180e+00,3.735221147537231445e+00,3.695914983749389648e+00,3.657428026199340820e+00,3.619733810424804688e+00,3.582809209823608398e+00,3.546629667282104492e+00,3.511173725128173828e+00,3.476419925689697266e+00,3.442347049713134766e+00,3.408936023712158203e+00,3.376166820526123047e+00,3.344022274017333984e+00,3.312483310699462891e+00,3.281533956527709961e+00,3.251157999038696289e+00,3.221338510513305664e+00,3.192061424255371094e+00,3.163311719894409180e+00,3.135075092315673828e+00,3.107338428497314453e+00,3.080088138580322266e+00,3.053311586380004883e+00,3.026996612548828125e+00,3.001131534576416016e+00,2.975704431533813477e+00,2.950704574584960938e+00,2.926121473312377930e+00,2.901944398880004883e+00,2.878163814544677734e+00,2.854769706726074219e+00,2.831752777099609375e+00,2.809104204177856445e+00,2.786814689636230469e+00,2.764876604080200195e+00,2.743280887603759766e+00,2.722019910812377930e+00,2.701086044311523438e+00,2.680471658706665039e+00,2.660169601440429688e+00,2.640172719955444336e+00,2.620474576950073242e+00,2.601067781448364258e+00,2.581946372985839844e+00,2.563104152679443359e+00,2.544534683227539062e+00,2.526232719421386719e+00,2.508191823959350586e+00,2.490406990051269531e+00,2.472872495651245117e+00,2.455583333969116211e+00,2.438534259796142578e+00,2.421720027923583984e+00,2.405136346817016602e+00,2.388778209686279297e+00,2.372640848159790039e+00,2.356720447540283203e+00,2.341011762619018555e+00,2.325511693954467773e+00,2.310214996337890625e+00,2.295118331909179688e+00,2.280218124389648438e+00,2.265509605407714844e+00,2.250989913940429688e+00,2.236655235290527344e+00,2.222501754760742188e+00,2.208526372909545898e+00,2.194725513458251953e+00,2.181096315383911133e+00,2.167635202407836914e+00,2.154339075088500977e+00,2.141205310821533203e+00,2.128230571746826172e+00,2.115412235260009766e+00,2.102747201919555664e+00,2.090233087539672852e+00,2.077867031097412109e+00,2.065646171569824219e+00,2.053568601608276367e+00,2.041631221771240234e+00
3.775374174118041992e+00,3.735223531723022461e+00,3.695917367935180664e+00,3.657429933547973633e+00,3.619735956192016602e+00,3.582810878753662109e+00,3.546631813049316406e+00,3.511175632476806641e+00,3.476421833038330078e+00,3.442348957061767578e+00,3.408937454223632812e+00,3.376168727874755859e+00,3.344023704528808594e+00,3.312484979629516602e+00,3.281535625457763672e+00,3.251159191131591797e+00,3.221340179443359375e+00,3.192063093185424805e+00,3.163313388824462891e+00,3.135076999664306641e+00,3.107340097427368164e+00,3.080089807510375977e+00,3.053313016891479492e+00,3.026998281478881836e+00,3.001132726669311523e+00,2.975706100463867188e+00,2.950706005096435547e+00,2.926122665405273438e+00,2.901946067810058594e+00,2.878165245056152344e+00,2.854771137237548828e+00,2.831754207611083984e+00,2.809105396270751953e+00,2.786816120147705078e+00,2.764877796173095703e+00,2.743282318115234375e+00,2.722021102905273438e+00,2.701087474822998047e+00,2.680472850799560547e+00,2.660170793533325195e+00,2.640174150466918945e+00,2.620475530624389648e+00,2.601068973541259766e+00,2.581947565078735352e+00,2.563105106353759766e+00,2.544535875320434570e+00,2.526233673095703125e+00,2.508193016052246094e+00,2.490407943725585938e+00,2.472873687744140625e+00,2.455584287643432617e+00,2.438534975051879883e+00,2.421721220016479492e+00,2.405137300491333008e+00,2.388779163360595703e+00,2.372641801834106445e+00,2.356721162796020508e+00,2.341012716293334961e+00,2.325512409210205078e+00,2.310215950012207031e+00,2.295119285583496094e+00,2.280218839645385742e+00,2.265510559082031250e+00,2.250990867614746094e+00,2.236655950546264648e+00,2.222502470016479492e+00,2.208527088165283203e+00,2.194726228713989258e+00,2.181097030639648438e+00,2.167635917663574219e+00,2.154339790344238281e+00,2.141206026077270508e+00,2.128231287002563477e+00,2.115412712097167969e+00,2.102747917175292969e+00,2.090233802795410156e+00,2.077867746353149414e+00,2.065647125244140625e+00,2.053569316864013672e+00,2.041631937026977539e+00
3.775376796722412109e+00,3.735225677490234375e+00,3.695919752120971680e+00,3.657432317733764648e+00,3.619738340377807617e+00,3.582813024520874023e+00,3.546633720397949219e+00,3.511177778244018555e+00,3.476423740386962891e+00,3.442351102828979492e+00,3.408939599990844727e+00,3.376170396804809570e+00,3.344025611877441406e+00,3.312486648559570312e+00,3.281537532806396484e+00,3.251161098480224609e+00,3.221342086791992188e+00,3.192064762115478516e+00,3.163314819335937500e+00,3.135078668594360352e+00,3.107341527938842773e+00,3.080091476440429688e+00,3.053314685821533203e+00,3.026999711990356445e+00,3.001134395599365234e+00,2.975707292556762695e+00,2.950707674026489258e+00,2.926124334335327148e+00,2.901947259902954102e+00,2.878166675567626953e+00,2.854772329330444336e+00,2.831755638122558594e+00,2.809106826782226562e+00,2.786817550659179688e+00,2.764879226684570312e+00,2.743283271789550781e+00,2.722022533416748047e+00,2.701088428497314453e+00,2.680474281311035156e+00,2.660171985626220703e+00,2.640175104141235352e+00,2.620476722717285156e+00,2.601069927215576172e+00,2.581948757171630859e+00,2.563106298446655273e+00,2.544537067413330078e+00,2.526234865188598633e+00,2.508193969726562500e+00,2.490409135818481445e+00,2.472874641418457031e+00,2.455585479736328125e+00,2.438536167144775391e+00,2.421721935272216797e+00,2.405138254165649414e+00,2.388779878616333008e+00,2.372642993927001953e+00,2.356722116470336914e+00,2.341013669967651367e+00,2.325513362884521484e+00,2.310216903686523438e+00,2.295120239257812500e+00,2.280219793319702148e+00,2.265511512756347656e+00,2.250991582870483398e+00,2.236656665802001953e+00,2.222503423690795898e+00,2.208527803421020508e+00,2.194727182388305664e+00,2.181097745895385742e+00,2.167636632919311523e+00,2.154340744018554688e+00,2.141206741333007812e+00,2.128232240676879883e+00,2.115413665771484375e+00,2.102748870849609375e+00,2.090234518051147461e+00,2.077868461608886719e+00,2.065647840499877930e+00,2.053570032119750977e+00,2.041632652282714844e+00
3.775379419326782227e+00,3.735228061676025391e+00,3.695921659469604492e+00,3.657434701919555664e+00,3.619740247726440430e+00,3.582815408706665039e+00,3.546635866165161133e+00,3.511179685592651367e+00,3.476425886154174805e+00,3.442352771759033203e+00,3.408941507339477539e+00,3.376172304153442383e+00,3.344027519226074219e+00,3.312488555908203125e+00,3.281539201736450195e+00,3.251163005828857422e+00,3.221343755722045898e+00,3.192066669464111328e+00,3.163316726684570312e+00,3.135080099105834961e+00,3.107343435287475586e+00,3.080092906951904297e+00,3.053316354751586914e+00,3.027001142501831055e+00,3.001135826110839844e+00,2.975708961486816406e+00,2.950708866119384766e+00,2.926125764846801758e+00,2.901948690414428711e+00,2.878168106079101562e+00,2.854773998260498047e+00,2.831756830215454102e+00,2.809108257293701172e+00,2.786818742752075195e+00,2.764880418777465820e+00,2.743284702301025391e+00,2.722023725509643555e+00,2.701089859008789062e+00,2.680475234985351562e+00,2.660173177719116211e+00,2.640176296234130859e+00,2.620477914810180664e+00,2.601071119308471680e+00,2.581949710845947266e+00,2.563107490539550781e+00,2.544538021087646484e+00,2.526235818862915039e+00,2.508195161819458008e+00,2.490410089492797852e+00,2.472875595092773438e+00,2.455586433410644531e+00,2.438537120819091797e+00,2.421723127365112305e+00,2.405139207839965820e+00,2.388781070709228516e+00,2.372643709182739258e+00,2.356723308563232422e+00,2.341014623641967773e+00,2.325514316558837891e+00,2.310217857360839844e+00,2.295121192932128906e+00,2.280220746994018555e+00,2.265512228012084961e+00,2.250992536544799805e+00,2.236657619476318359e+00,2.222504138946533203e+00,2.208528757095336914e+00,2.194727897644042969e+00,2.181098699569702148e+00,2.167637586593627930e+00,2.154341459274291992e+00,2.141207695007324219e+00,2.128232717514038086e+00,2.115414381027221680e+00,2.102749347686767578e+00,2.090235471725463867e+00,2.077869176864624023e+00,2.065648555755615234e+00,2.053570747375488281e+00,2.041633367538452148e+00
3.775381326675415039e+00,3.735230684280395508e+00,3.695924282073974609e+00,3.657436609268188477e+00,3.619742631912231445e+00,3.582817316055297852e+00,3.546638250350952148e+00,3.511181831359863281e+00,3.476428031921386719e+00,3.442354917526245117e+00,3.408943414688110352e+00,3.376174449920654297e+00,3.344029188156127930e+00,3.312490701675415039e+00,3.281541109085083008e+00,3.251164674758911133e+00,3.221345424652099609e+00,3.192068099975585938e+00,3.163318395614624023e+00,3.135082006454467773e+00,3.107344865798950195e+00,3.080094575881958008e+00,3.053317785263061523e+00,3.027002811431884766e+00,3.001137495040893555e+00,2.975710391998291016e+00,2.950710535049438477e+00,2.926127195358276367e+00,2.901950359344482422e+00,2.878169298171997070e+00,2.854775428771972656e+00,2.831758260726928711e+00,2.809109449386596680e+00,2.786820173263549805e+00,2.764881610870361328e+00,2.743286132812500000e+00,2.722024917602539062e+00,2.701091051101684570e+00,2.680476665496826172e+00,2.660174369812011719e+00,2.640177488327026367e+00,2.620479106903076172e+00,2.601072311401367188e+00,2.581950902938842773e+00,2.563108444213867188e+00,2.544539213180541992e+00,2.526236772537231445e+00,2.508196353912353516e+00,2.490411281585693359e+00,2.472876548767089844e+00,2.455587387084960938e+00,2.438538074493408203e+00,2.421724081039428711e+00,2.405140161514282227e+00,2.388782024383544922e+00,2.372644662857055664e+00,2.356724023818969727e+00,2.341015577316284180e+00,2.325515270233154297e+00,2.310218811035156250e+00,2.295122146606445312e+00,2.280221939086914062e+00,2.265513420104980469e+00,2.250993728637695312e+00,2.236658811569213867e+00,2.222505331039428711e+00,2.208529949188232422e+00,2.194729089736938477e+00,2.181099653244018555e+00,2.167638540267944336e+00,2.154342412948608398e+00,2.141208410263061523e+00,2.128233909606933594e+00,2.115415334701538086e+00,2.102750301361083984e+00,2.090236186981201172e+00,2.077870130538940430e+00,2.065649271011352539e+00,2.053571701049804688e+00,2.041634321212768555e+00
3.775383949279785156e+00,3.735232591629028320e+00,3.695926666259765625e+00,3.657438993453979492e+00,3.619745016098022461e+00,3.582819461822509766e+00,3.546639919281005859e+00,3.511183977127075195e+00,3.476429939270019531e+00,3.442357063293457031e+00,3.408945322036743164e+00,3.376176118850708008e+00,3.344031333923339844e+00,3.312492370605468750e+00,3.281543016433715820e+00,3.251166582107543945e+00,3.221347093582153320e+00,3.192070007324218750e+00,3.163320064544677734e+00,3.135083675384521484e+00,3.107346534729003906e+00,3.080096244812011719e+00,3.053319454193115234e+00,3.027004241943359375e+00,3.001138925552368164e+00,2.975711822509765625e+00,2.950711965560913086e+00,2.926128625869750977e+00,2.901951551437377930e+00,2.878170728683471680e+00,2.854776620864868164e+00,2.831759691238403320e+00,2.809110879898071289e+00,2.786821603775024414e+00,2.764883041381835938e+00,2.743287086486816406e+00,2.722026348114013672e+00,2.701092243194580078e+00,2.680477857589721680e+00,2.660175561904907227e+00,2.640179157257080078e+00,2.620480537414550781e+00,2.601073741912841797e+00,2.581952333450317383e+00,2.563109874725341797e+00,2.544540643692016602e+00,2.526238203048706055e+00,2.508197546005249023e+00,2.490412473678588867e+00,2.472877979278564453e+00,2.455588579177856445e+00,2.438539266586303711e+00,2.421725273132324219e+00,2.405141353607177734e+00,2.388782978057861328e+00,2.372645854949951172e+00,2.356725215911865234e+00,2.341016530990600586e+00,2.325516223907470703e+00,2.310219526290893555e+00,2.295122861862182617e+00,2.280222415924072266e+00,2.265513896942138672e+00,2.250994205474853516e+00,2.236659288406372070e+00,2.222505807876586914e+00,2.208530187606811523e+00,2.194729566574096680e+00,2.181100130081176758e+00,2.167639017105102539e+00,2.154342889785766602e+00,2.141209125518798828e+00,2.128234148025512695e+00,2.115415811538696289e+00,2.102750778198242188e+00,2.090236663818359375e+00,2.077870368957519531e+00,2.065649747848510742e+00,2.053572177886962891e+00,2.041634559631347656e+00
3.775386571884155273e+00,3.735235214233398438e+00,3.695928573608398438e+00,3.657441377639770508e+00,3.619746923446655273e+00,3.582821846008300781e+00,3.546642303466796875e+00,3.511185884475708008e+00,3.476432085037231445e+00,3.442358732223510742e+00,3.408947467803955078e+00,3.376178264617919922e+00,3.344033002853393555e+00,3.312494277954101562e+00,3.281544685363769531e+00,3.251168251037597656e+00,3.221349000930786133e+00,3.192071914672851562e+00,3.163321733474731445e+00,3.135085105895996094e+00,3.107348442077636719e+00,3.080098152160644531e+00,3.053321361541748047e+00,3.027006149291992188e+00,3.001140594482421875e+00,2.975713729858398438e+00,2.950713634490966797e+00,2.926130056381225586e+00,2.901953220367431641e+00,2.878172397613525391e+00,2.854778051376342773e+00,2.831761121749877930e+00,2.809112310409545898e+00,2.786822557449340820e+00,2.764884471893310547e+00,2.743288516998291016e+00,2.722027301788330078e+00,2.701093435287475586e+00,2.680479049682617188e+00,2.660176753997802734e+00,2.640179634094238281e+00,2.620481252670288086e+00,2.601074457168579102e+00,2.581952810287475586e+00,2.563110589981079102e+00,2.544541120529174805e+00,2.526238918304443359e+00,2.508198261260986328e+00,2.490413188934326172e+00,2.472878456115722656e+00,2.455589294433593750e+00,2.438539981842041016e+00,2.421725749969482422e+00,2.405141830444335938e+00,2.388783693313598633e+00,2.372646331787109375e+00,2.356725692749023438e+00,2.341017246246337891e+00,2.325516700744628906e+00,2.310220003128051758e+00,2.295123577117919922e+00,2.280222892761230469e+00,2.265514373779296875e+00,2.250994920730590820e+00,2.236659765243530273e+00,2.222506284713745117e+00,2.208530902862548828e+00,2.194730043411254883e+00,2.181100606918334961e+00,2.167639493942260742e+00,2.154343366622924805e+00,2.141209363937377930e+00,2.128234624862670898e+00,2.115416288375854492e+00,2.102751255035400391e+00,2.090237140655517578e+00,2.077871084213256836e+00,2.065650224685668945e+00,2.053572416305541992e+00,2.041635036468505859e+00
3.775388956069946289e+00,3.735237836837768555e+00,3.695931434631347656e+00,3.657443761825561523e+00,3.619749546051025391e+00,3.582823991775512695e+00,3.546644449234008789e+00,3.511188268661499023e+00,3.476433992385864258e+00,3.442360877990722656e+00,3.408949136734008789e+00,3.376180171966552734e+00,3.344034910202026367e+00,3.312495708465576172e+00,3.281546592712402344e+00,3.251169919967651367e+00,3.221350431442260742e+00,3.192073345184326172e+00,3.163323163986206055e+00,3.135086536407470703e+00,3.107349634170532227e+00,3.080099105834960938e+00,3.053322076797485352e+00,3.027007341384887695e+00,3.001141548156738281e+00,2.975714445114135742e+00,2.950714349746704102e+00,2.926131248474121094e+00,2.901953935623168945e+00,2.878173112869262695e+00,2.854779005050659180e+00,2.831761837005615234e+00,2.809112787246704102e+00,2.786823511123657227e+00,2.764885187149047852e+00,2.743289232254028320e+00,2.722028255462646484e+00,2.701094150543212891e+00,2.680479526519775391e+00,2.660177469253540039e+00,2.640180587768554688e+00,2.620481967926025391e+00,2.601074934005737305e+00,2.581953763961791992e+00,2.563111066818237305e+00,2.544541835784912109e+00,2.526239633560180664e+00,2.508198738098144531e+00,2.490413665771484375e+00,2.472879171371459961e+00,2.455589771270751953e+00,2.438540458679199219e+00,2.421726465225219727e+00,2.405142545700073242e+00,2.388784170150756836e+00,2.372647047042846680e+00,2.356726169586181641e+00,2.341017723083496094e+00,2.325517177581787109e+00,2.310220718383789062e+00,2.295124053955078125e+00,2.280223369598388672e+00,2.265515089035034180e+00,2.250995159149169922e+00,2.236660242080688477e+00,2.222506999969482422e+00,2.208531379699707031e+00,2.194730520248413086e+00,2.181101083755493164e+00,2.167639970779418945e+00,2.154343843460083008e+00,2.141210079193115234e+00,2.128235101699829102e+00,2.115416765213012695e+00,2.102751731872558594e+00,2.090237617492675781e+00,2.077871322631835938e+00,2.065650701522827148e+00,2.053572893142700195e+00,2.041635513305664062e+00
3.775390625000000000e+00,3.735239028930664062e+00,3.695932626724243164e+00,3.657445192337036133e+00,3.619750738143920898e+00,3.582825183868408203e+00,3.546645879745483398e+00,3.511189460754394531e+00,3.476435184478759766e+00,3.442362308502197266e+00,3.408950567245483398e+00,3.376181125640869141e+00,3.344035863876342773e+00,3.312497138977050781e+00,3.281547546386718750e+00,3.251170873641967773e+00,3.221351623535156250e+00,3.192074298858642578e+00,3.163324117660522461e+00,3.135087728500366211e+00,3.107350587844848633e+00,3.080099821090698242e+00,3.053323268890380859e+00,3.027008056640625000e+00,3.001142501831054688e+00,2.975715398788452148e+00,2.950715303421020508e+00,2.926131963729858398e+00,2.901954889297485352e+00,2.878174066543579102e+00,2.854779720306396484e+00,2.831762552261352539e+00,2.809113740921020508e+00,2.786824226379394531e+00,2.764885663986206055e+00,2.743290185928344727e+00,2.722028970718383789e+00,2.701094865798950195e+00,2.680480480194091797e+00,2.660178184509277344e+00,2.640181064605712891e+00,2.620482683181762695e+00,2.601075887680053711e+00,2.581954240798950195e+00,2.563111782073974609e+00,2.544542551040649414e+00,2.526240110397338867e+00,2.508199214935302734e+00,2.490414381027221680e+00,2.472879648208618164e+00,2.455590248107910156e+00,2.438541173934936523e+00,2.421726942062377930e+00,2.405143022537231445e+00,2.388784885406494141e+00,2.372647523880004883e+00,2.356726646423339844e+00,2.341018199920654297e+00,2.325517892837524414e+00,2.310221195220947266e+00,2.295124530792236328e+00,2.280224084854125977e+00,2.265515565872192383e+00,2.250995635986328125e+00,2.236660957336425781e+00,2.222507238388061523e+00,2.208531856536865234e+00,2.194730997085571289e+00,2.181101560592651367e+00,2.167640447616577148e+00,2.154344320297241211e+00,2.141210317611694336e+00,2.128235578536987305e+00,2.115417242050170898e+00,2.102752208709716797e+00,2.090237855911254883e+00,2.077871799468994141e+00,2.065651178359985352e+00,2.053573369979858398e+00,2.041635751724243164e+00
3.775391817092895508e+00,3.735240459442138672e+00,3.695934295654296875e+00,3.657446384429931641e+00,3.619751930236816406e+00,3.582826614379882812e+00,3.546647071838378906e+00,3.511190652847290039e+00,3.476436614990234375e+00,3.442363262176513672e+00,3.408951520919799805e+00,3.376182556152343750e+00,3.344037294387817383e+00,3.312498092651367188e+00,3.281548500061035156e+00,3.251172065734863281e+00,3.221352577209472656e+00,3.192075252532958984e+00,3.163325309753417969e+00,3.135088682174682617e+00,3.107351303100585938e+00,3.080101013183593750e+00,3.053324222564697266e+00,3.027008771896362305e+00,3.001143455505371094e+00,2.975716352462768555e+00,2.950716257095336914e+00,2.926132917404174805e+00,2.901955842971801758e+00,2.878174781799316406e+00,2.854780435562133789e+00,2.831763505935668945e+00,2.809114456176757812e+00,2.786824941635131836e+00,2.764886617660522461e+00,2.743290662765502930e+00,2.722029685974121094e+00,2.701095819473266602e+00,2.680481195449829102e+00,2.660178661346435547e+00,2.640182018280029297e+00,2.620483398437500000e+00,2.601076364517211914e+00,2.581954956054687500e+00,2.563112497329711914e+00,2.544543027877807617e+00,2.526240825653076172e+00,2.508200168609619141e+00,2.490414857864379883e+00,2.472880363464355469e+00,2.455590963363647461e+00,2.438541650772094727e+00,2.421727418899536133e+00,2.405143737792968750e+00,2.388785362243652344e+00,2.372648000717163086e+00,2.356727361679077148e+00,2.341018676757812500e+00,2.325518369674682617e+00,2.310221910476684570e+00,2.295125007629394531e+00,2.280224561691284180e+00,2.265516042709350586e+00,2.250996351242065430e+00,2.236661434173583984e+00,2.222507715225219727e+00,2.208532333374023438e+00,2.194731473922729492e+00,2.181102037429809570e+00,2.167640924453735352e+00,2.154344797134399414e+00,2.141210794448852539e+00,2.128236055374145508e+00,2.115417480468750000e+00,2.102752685546875000e+00,2.090238571166992188e+00,2.077872276306152344e+00,2.065651416778564453e+00,2.053573608398437500e+00,2.041636228561401367e+00
3.775393247604370117e+00,3.735242128372192383e+00,3.695935487747192383e+00,3.657447576522827148e+00,3.619753360748291016e+00,3.582827806472778320e+00,3.546648025512695312e+00,3.511192083358764648e+00,3.476437568664550781e+00,3.442364454269409180e+00,3.408952951431274414e+00,3.376183509826660156e+00,3.344038248062133789e+00,3.312499284744262695e+00,3.281549692153930664e+00,3.251173019409179688e+00,3.221353530883789062e+00,3.192076444625854492e+00,3.163326263427734375e+00,3.135089397430419922e+00,3.107352495193481445e+00,3.080101966857910156e+00,3.053324937820434570e+00,3.027009963989257812e+00,3.001144409179687500e+00,2.975717067718505859e+00,2.950717210769653320e+00,2.926133632659912109e+00,2.901956558227539062e+00,2.878175735473632812e+00,2.854781389236450195e+00,2.831764221191406250e+00,2.809115171432495117e+00,2.786825895309448242e+00,2.764887332916259766e+00,2.743291378021240234e+00,2.722030401229858398e+00,2.701096296310424805e+00,2.680481672286987305e+00,2.660179615020751953e+00,2.640182733535766602e+00,2.620483875274658203e+00,2.601077079772949219e+00,2.581955671310424805e+00,2.563112974166870117e+00,2.544543743133544922e+00,2.526241540908813477e+00,2.508200645446777344e+00,2.490415573120117188e+00,2.472881078720092773e+00,2.455591678619384766e+00,2.438542127609252930e+00,2.421728134155273438e+00,2.405144214630126953e+00,2.388785839080810547e+00,2.372648715972900391e+00,2.356727838516235352e+00,2.341019392013549805e+00,2.325518846511840820e+00,2.310222387313842773e+00,2.295125484466552734e+00,2.280225038528442383e+00,2.265516519546508789e+00,2.250996828079223633e+00,2.236661672592163086e+00,2.222508430480957031e+00,2.208532810211181641e+00,2.194731950759887695e+00,2.181102514266967773e+00,2.167641401290893555e+00,2.154345273971557617e+00,2.141211271286010742e+00,2.128236532211303711e+00,2.115417957305908203e+00,2.102753162384033203e+00,2.090238809585571289e+00,2.077872753143310547e+00,2.065651893615722656e+00,2.053574085235595703e+00,2.041636705398559570e+00
3.775394916534423828e+00,3.735243320465087891e+00,3.695936679840087891e+00,3.657449245452880859e+00,3.619754552841186523e+00,3.582828998565673828e+00,3.546649694442749023e+00,3.511193037033081055e+00,3.476438760757446289e+00,3.442365884780883789e+00,3.408953905105590820e+00,3.376184463500976562e+00,3.344039440155029297e+00,3.312500238418579102e+00,3.281550645828247070e+00,3.251174211502075195e+00,3.221354722976684570e+00,3.192077159881591797e+00,3.163326978683471680e+00,3.135090589523315430e+00,3.107353448867797852e+00,3.080102682113647461e+00,3.053326129913330078e+00,3.027010679244995117e+00,3.001145124435424805e+00,2.975718021392822266e+00,2.950717926025390625e+00,2.926134586334228516e+00,2.901957511901855469e+00,2.878176450729370117e+00,2.854782104492187500e+00,2.831765174865722656e+00,2.809116125106811523e+00,2.786826610565185547e+00,2.764888048171997070e+00,2.743292331695556641e+00,2.722031116485595703e+00,2.701097011566162109e+00,2.680482625961303711e+00,2.660180330276489258e+00,2.640183210372924805e+00,2.620484828948974609e+00,2.601077795028686523e+00,2.581956148147583008e+00,2.563113927841186523e+00,2.544544458389282227e+00,2.526242017745971680e+00,2.508201360702514648e+00,2.490416288375854492e+00,2.472881555557250977e+00,2.455592155456542969e+00,2.438542842864990234e+00,2.421728849411010742e+00,2.405144691467285156e+00,2.388786554336547852e+00,2.372649192810058594e+00,2.356728315353393555e+00,2.341019868850708008e+00,2.325519323348999023e+00,2.310222864151000977e+00,2.295126199722290039e+00,2.280225515365600586e+00,2.265516996383666992e+00,2.250997304916381836e+00,2.236662387847900391e+00,2.222508907318115234e+00,2.208533287048339844e+00,2.194732427597045898e+00,2.181102991104125977e+00,2.167641878128051758e+00,2.154345750808715820e+00,2.141211748123168945e+00,2.128237009048461914e+00,2.115418434143066406e+00,2.102753639221191406e+00,2.090239286422729492e+00,2.077873229980468750e+00,2.065652370452880859e+00,2.053574562072753906e+00,2.041637182235717773e+00
3.084092617034912109e+00,3.083602905273437500e+00,3.083113431930541992e+00,3.082624197006225586e+00,3.082134962081909180e+00,3.081646203994750977e+00,3.081157207489013672e+00,3.080668687820434570e+00,3.080179929733276367e+00,3.079691648483276367e+00,3.079203367233276367e+00,3.078715324401855469e+00,3.078227281570434570e+00,3.077739477157592773e+00,3.077251911163330078e+00,3.076764345169067383e+00,3.076277256011962891e+00,3.075789928436279297e+00,3.075303077697753906e+00,3.074816226959228516e+00,3.074329614639282227e+00,3.073843002319335938e+00,3.053326845169067383e+00,3.027011632919311523e+00,3.001146316528320312e+00,2.975718975067138672e+00,2.950718879699707031e+00,2.926135540008544922e+00,2.901958227157592773e+00,2.878177165985107422e+00,2.854783058166503906e+00,2.831765890121459961e+00,2.809116840362548828e+00,2.786827564239501953e+00,2.764889001846313477e+00,2.743293046951293945e+00,2.722031831741333008e+00,2.701097965240478516e+00,2.680483341217041016e+00,2.660180807113647461e+00,2.640184164047241211e+00,2.620485305786132812e+00,2.601078510284423828e+00,2.581957101821899414e+00,2.563114404678344727e+00,2.544544935226440430e+00,2.526242733001708984e+00,2.508201837539672852e+00,2.490416765213012695e+00,2.472882270812988281e+00,2.455592870712280273e+00,2.438543558120727539e+00,2.421729326248168945e+00,2.405145406723022461e+00,2.388787031173706055e+00,2.372649669647216797e+00,2.356729030609130859e+00,2.341020345687866211e+00,2.325519800186157227e+00,2.310223340988159180e+00,2.295126676559448242e+00,2.280225992202758789e+00,2.265517711639404297e+00,2.250997781753540039e+00,2.236662864685058594e+00,2.222509384155273438e+00,2.208533763885498047e+00,2.194732904434204102e+00,2.181103467941284180e+00,2.167642354965209961e+00,2.154346227645874023e+00,2.141212224960327148e+00,2.128237485885620117e+00,2.115418910980224609e+00,2.102753877639770508e+00,2.090239763259887695e+00,2.077873468399047852e+00,2.065652847290039062e+00,2.053575038909912109e+00,2.041637659072875977e+00
2.605540037155151367e+00,2.605190753936767578e+00,2.604841232299804688e+00,2.604491949081420898e+00,2.604142904281616211e+00,2.603793621063232422e+00,2.603444814682006836e+00,2.603095769882202148e+00,2.602746963500976562e+00,2.602398157119750977e+00,2.602049589157104492e+00,2.601701021194458008e+00,2.601352453231811523e+00,2.601004123687744141e+00,2.600655794143676758e+00,2.600307941436767578e+00,2.599959611892700195e+00,2.599611759185791016e+00,2.599263906478881836e+00,2.598916053771972656e+00,2.598568201065063477e+00,2.598220825195312500e+00,2.597873210906982422e+00,2.597525596618652344e+00,2.597178459167480469e+00,2.596831083297729492e+00,2.596484184265136719e+00,2.596137046813964844e+00,2.595790147781372070e+00,2.595443248748779297e+00,2.595096588134765625e+00,2.594749689102172852e+00,2.594403266906738281e+00,2.594056606292724609e+00,2.593710184097290039e+00,2.593364000320434570e+00,2.593017578125000000e+00,2.592671632766723633e+00,2.592325448989868164e+00,2.591979742050170898e+00,2.591633796691894531e+00,2.591288089752197266e+00,2.590942382812500000e+00,2.581957578659057617e+00,2.563115119934082031e+00,2.544545888900756836e+00,2.526243448257446289e+00,2.508202552795410156e+00,2.490417480468750000e+00,2.472882747650146484e+00,2.455593347549438477e+00,2.438544273376464844e+00,2.421730041503906250e+00,2.405145883560180664e+00,2.388787508010864258e+00,2.372650384902954102e+00,2.356729507446289062e+00,2.341020822525024414e+00,2.325520515441894531e+00,2.310223817825317383e+00,2.295127153396606445e+00,2.280226707458496094e+00,2.265518188476562500e+00,2.250998258590698242e+00,2.236663341522216797e+00,2.222509860992431641e+00,2.208534240722656250e+00,2.194733381271362305e+00,2.181103944778442383e+00,2.167642831802368164e+00,2.154346704483032227e+00,2.141212701797485352e+00,2.128237962722778320e+00,2.115419387817382812e+00,2.102754354476928711e+00,2.090240240097045898e+00,2.077873945236206055e+00,2.065653324127197266e+00,2.053575515747070312e+00,2.041637897491455078e+00
2.255550861358642578e+00,2.255288839340209961e+00,2.255027055740356445e+00,2.254765272140502930e+00,2.254503488540649414e+00,2.254241943359375000e+00,2.253980398178100586e+00,2.253718852996826172e+00,2.253457307815551758e+00,2.253196001052856445e+00,2.252934455871582031e+00,2.252673387527465820e+00,2.252412080764770508e+00,2.252150774002075195e+00,2.251889705657958984e+00,2.251628637313842773e+00,2.251367807388305664e+00,2.251106739044189453e+00,2.250845909118652344e+00,2.250585079193115234e+00,2.250324487686157227e+00,2.250063657760620117e+00,2.249803066253662109e+00,2.249542474746704102e+00,2.249281883239746094e+00,2.249021530151367188e+00,2.248761177062988281e+00,2.248500823974609375e+00,2.248240470886230469e+00,2.247980356216430664e+00,2.247720241546630859e+00,2.247460126876831055e+00,2.247200250625610352e+00,2.246940374374389648e+00,2.246680259704589844e+00,2.246420383453369141e+00,2.246160745620727539e+00,2.245900869369506836e+00,2.245641231536865234e+00,2.245381593704223633e+00,2.245122194290161133e+00,2.244862556457519531e+00,2.244603157043457031e+00,2.244343757629394531e+00,2.244084358215332031e+00,2.243825197219848633e+00,2.243566036224365234e+00,2.243307113647460938e+00,2.243047952651977539e+00,2.242789030075073242e+00,2.242529869079589844e+00,2.242271184921264648e+00,2.242012262344360352e+00,2.241753578186035156e+00,2.241494894027709961e+00,2.241235971450805664e+00,2.240977525711059570e+00,2.240718841552734375e+00,2.240460634231567383e+00,2.240202188491821289e+00,2.239943742752075195e+00,2.239685535430908203e+00,2.239427328109741211e+00,2.239169120788574219e+00,2.236663818359375000e+00,2.222510337829589844e+00,2.208534717559814453e+00,2.194733858108520508e+00,2.181104421615600586e+00,2.167643308639526367e+00,2.154347181320190430e+00,2.141213178634643555e+00,2.128238201141357422e+00,2.115419864654541016e+00,2.102754831314086914e+00,2.090240478515625000e+00,2.077874422073364258e+00,2.065653562545776367e+00,2.053575754165649414e+00,2.041638374328613281e+00
1.988451957702636719e+00,1.988248348236083984e+00,1.988044857978820801e+00,1.987841367721557617e+00,1.987638115882873535e+00,1.987434625625610352e+00,1.987231254577636719e+00,1.987027883529663086e+00,1.986824870109558105e+00,1.986621618270874023e+00,1.986418366432189941e+00,1.986215114593505859e+00,1.986011981964111328e+00,1.985809206962585449e+00,1.985606074333190918e+00,1.985403060913085938e+00,1.985200166702270508e+00,1.984997391700744629e+00,1.984794616699218750e+00,1.984591722488403320e+00,1.984388828277587891e+00,1.984186291694641113e+00,1.983983635902404785e+00,1.983780860900878906e+00,1.983578324317932129e+00,1.983375668525695801e+00,1.983173370361328125e+00,1.982970833778381348e+00,1.982768297195434570e+00,1.982565879821777344e+00,1.982363700866699219e+00,1.982161402702331543e+00,1.981959104537963867e+00,1.981756806373596191e+00,1.981554627418518066e+00,1.981352686882019043e+00,1.981150507926940918e+00,1.980948328971862793e+00,1.980746269226074219e+00,1.980544567108154297e+00,1.980342507362365723e+00,1.980140566825866699e+00,1.979938626289367676e+00,1.979737043380737305e+00,1.979535222053527832e+00,1.979333400726318359e+00,1.979131698608398438e+00,1.978929996490478516e+00,1.978728532791137695e+00,1.978526949882507324e+00,1.978325366973876953e+00,1.978123903274536133e+00,1.977922558784484863e+00,1.977721095085144043e+00,1.977519750595092773e+00,1.977318286895751953e+00,1.977117061614990234e+00,1.976915955543518066e+00,1.976714730262756348e+00,1.976513504981994629e+00,1.976312398910522461e+00,1.976111412048339844e+00,1.975910305976867676e+00,1.975709319114685059e+00,1.975508332252502441e+00,1.975307583808898926e+00,1.975106716156005859e+00,1.974905848503112793e+00,1.974704980850219727e+00,1.974504113197326660e+00,1.974303603172302246e+00,1.974102854728698730e+00,1.973902225494384766e+00,1.973701596260070801e+00,1.973501205444335938e+00,1.973300695419311523e+00,1.973100185394287109e+00,1.972899675369262695e+00,1.972699284553527832e+00,1.972499132156372070e+00
1.777914166450500488e+00,1.777751445770263672e+00,1.777588605880737305e+00,1.777426004409790039e+00,1.777263283729553223e+00,1.777100801467895508e+00,1.776938199996948242e+00,1.776775598526000977e+00,1.776612997055053711e+00,1.776450753211975098e+00,1.776288151741027832e+00,1.776125788688659668e+00,1.775963306427001953e+00,1.775800824165344238e+00,1.775638699531555176e+00,1.775476336479187012e+00,1.775313973426818848e+00,1.775151729583740234e+00,1.774989604949951172e+00,1.774827361106872559e+00,1.774665236473083496e+00,1.774502992630004883e+00,1.774341106414794922e+00,1.774178981781005859e+00,1.774016857147216797e+00,1.773854851722717285e+00,1.773692727088928223e+00,1.773530960083007812e+00,1.773368954658508301e+00,1.773207068443298340e+00,1.773045182228088379e+00,1.772883415222167969e+00,1.772721529006958008e+00,1.772559762001037598e+00,1.772397994995117188e+00,1.772236227989196777e+00,1.772074699401855469e+00,1.771912932395935059e+00,1.771751284599304199e+00,1.771589636802673340e+00,1.771428227424621582e+00,1.771266579627990723e+00,1.771105051040649414e+00,1.770943522453308105e+00,1.770781993865966797e+00,1.770620703697204590e+00,1.770459294319152832e+00,1.770297884941101074e+00,1.770136475563049316e+00,1.769975304603576660e+00,1.769814014434814453e+00,1.769652724266052246e+00,1.769491434097290039e+00,1.769330382347106934e+00,1.769169211387634277e+00,1.769008040428161621e+00,1.768846869468688965e+00,1.768685817718505859e+00,1.768524885177612305e+00,1.768363833427429199e+00,1.768202781677246094e+00,1.768041849136352539e+00,1.767881035804748535e+00,1.767720103263854980e+00,1.767559170722961426e+00,1.767398238182067871e+00,1.767237424850463867e+00,1.767076849937438965e+00,1.766916036605834961e+00,1.766755223274230957e+00,1.766594529151916504e+00,1.766433954238891602e+00,1.766273379325866699e+00,1.766112685203552246e+00,1.765952110290527344e+00,1.765791654586791992e+00,1.765631079673767090e+00,1.765470623970031738e+00,1.765310168266296387e+00,1.765149593353271484e+00
1.607691287994384766e+00,1.607558250427246094e+00,1.607425212860107422e+00,1.607292175292968750e+00,1.607159137725830078e+00,1.607026100158691406e+00,1.606893301010131836e+00,1.606760382652282715e+00,1.606627345085144043e+00,1.606494426727294922e+00,1.606361746788024902e+00,1.606228828430175781e+00,1.606096029281616211e+00,1.605963230133056641e+00,1.605830311775207520e+00,1.605697751045227051e+00,1.605564951896667480e+00,1.605432271957397461e+00,1.605299472808837891e+00,1.605166912078857422e+00,1.605034232139587402e+00,1.604901671409606934e+00,1.604768991470336914e+00,1.604636430740356445e+00,1.604503989219665527e+00,1.604371428489685059e+00,1.604238867759704590e+00,1.604106307029724121e+00,1.603973984718322754e+00,1.603841423988342285e+00,1.603708982467651367e+00,1.603576540946960449e+00,1.603444337844848633e+00,1.603311896324157715e+00,1.603179574012756348e+00,1.603047251701354980e+00,1.602914810180664062e+00,1.602782726287841797e+00,1.602650403976440430e+00,1.602518200874328613e+00,1.602385878562927246e+00,1.602253913879394531e+00,1.602121710777282715e+00,1.601989507675170898e+00,1.601857304573059082e+00,1.601725220680236816e+00,1.601593255996704102e+00,1.601461172103881836e+00,1.601329088211059570e+00,1.601197123527526855e+00,1.601065158843994141e+00,1.600933194160461426e+00,1.600801229476928711e+00,1.600669264793395996e+00,1.600537538528442383e+00,1.600405573844909668e+00,1.600273728370666504e+00,1.600141763687133789e+00,1.600009918212890625e+00,1.599878191947937012e+00,1.599746465682983398e+00,1.599614620208740234e+00,1.599482893943786621e+00,1.599351286888122559e+00,1.599219560623168945e+00,1.599087953567504883e+00,1.598956227302551270e+00,1.598824620246887207e+00,1.598693132400512695e+00,1.598561525344848633e+00,1.598429322242736816e+00,1.598296642303466797e+00,1.598163962364196777e+00,1.598031282424926758e+00,1.597898721694946289e+00,1.597766041755676270e+00,1.597633481025695801e+00,1.597501039505004883e+00,1.597368359565734863e+00,1.597235918045043945e+00
1.467215657234191895e+00,1.467104792594909668e+00,1.466993927955627441e+00,1.466883301734924316e+00,1.466772437095642090e+00,1.466661691665649414e+00,1.466550946235656738e+00,1.466440320014953613e+00,1.466329574584960938e+00,1.466218829154968262e+00,1.466108083724975586e+00,1.465997576713562012e+00,1.465886831283569336e+00,1.465776205062866211e+00,1.465665578842163086e+00,1.465554952621459961e+00,1.465444445610046387e+00,1.465333938598632812e+00,1.465223312377929688e+00,1.465112805366516113e+00,1.465002417564392090e+00,1.464891910552978516e+00,1.464781403541564941e+00,1.464670896530151367e+00,1.464560389518737793e+00,1.464450120925903320e+00,1.464339613914489746e+00,1.464229226112365723e+00,1.464118838310241699e+00,1.464008569717407227e+00,1.463898181915283203e+00,1.463787794113159180e+00,1.463677525520324707e+00,1.463567256927490234e+00,1.463456988334655762e+00,1.463346719741821289e+00,1.463236451148986816e+00,1.463126182556152344e+00,1.463016033172607422e+00,1.462905883789062500e+00,1.462795615196228027e+00,1.462685465812683105e+00,1.462575435638427734e+00,1.462465286254882812e+00,1.462355136871337891e+00,1.462244987487792969e+00,1.462134957313537598e+00,1.462024927139282227e+00,1.461914896965026855e+00,1.461804866790771484e+00,1.461694836616516113e+00,1.461584925651550293e+00,1.461474895477294922e+00,1.461364984512329102e+00,1.461254954338073730e+00,1.461145043373107910e+00,1.461035251617431641e+00,1.460925221443176270e+00,1.460815429687500000e+00,1.460705280303955078e+00,1.460594415664672852e+00,1.460483670234680176e+00,1.460372924804687500e+00,1.460262179374694824e+00,1.460151433944702148e+00,1.460040688514709473e+00,1.459929943084716797e+00,1.459819316864013672e+00,1.459708571434020996e+00,1.459597945213317871e+00,1.459487318992614746e+00,1.459376692771911621e+00,1.459266185760498047e+00,1.459155440330505371e+00,1.459044933319091797e+00,1.458934426307678223e+00,1.458823800086975098e+00,1.458713293075561523e+00,1.458602905273437500e+00,1.458492279052734375e+00
1.349316120147705078e+00,1.349222421646118164e+00,1.349128603935241699e+00,1.349034905433654785e+00,1.348941326141357422e+00,1.348847627639770508e+00,1.348753929138183594e+00,1.348660230636596680e+00,1.348566651344299316e+00,1.348473072052001953e+00,1.348379373550415039e+00,1.348285794258117676e+00,1.348192095756530762e+00,1.348098635673522949e+00,1.348005056381225586e+00,1.347911477088928223e+00,1.347817897796630859e+00,1.347724556922912598e+00,1.347630977630615234e+00,1.347537517547607422e+00,1.347443938255310059e+00,1.347350597381591797e+00,1.347257137298583984e+00,1.347163677215576172e+00,1.347070217132568359e+00,1.346976757049560547e+00,1.346883416175842285e+00,1.346790075302124023e+00,1.346696615219116211e+00,1.346603274345397949e+00,1.346509933471679688e+00,1.346416592597961426e+00,1.346323251724243164e+00,1.346229910850524902e+00,1.346136569976806641e+00,1.346043348312377930e+00,1.345950126647949219e+00,1.345856785774230957e+00,1.345763564109802246e+00,1.345670342445373535e+00,1.345577120780944824e+00,1.345483899116516113e+00,1.345390677452087402e+00,1.345297574996948242e+00,1.345204353332519531e+00,1.345111131668090820e+00,1.345018029212951660e+00,1.344924807548522949e+00,1.344831824302673340e+00,1.344737768173217773e+00,1.344643950462341309e+00,1.344550013542175293e+00,1.344456076622009277e+00,1.344362258911132812e+00,1.344268441200256348e+00,1.344174504280090332e+00,1.344080686569213867e+00,1.343986988067626953e+00,1.343893051147460938e+00,1.343799352645874023e+00,1.343705534934997559e+00,1.343611717224121094e+00,1.343518018722534180e+00,1.343424201011657715e+00,1.343330502510070801e+00,1.343236804008483887e+00,1.343143105506896973e+00,1.343049407005310059e+00,1.342955827713012695e+00,1.342862010002136230e+00,1.342768430709838867e+00,1.342674851417541504e+00,1.342581152915954590e+00,1.342487573623657227e+00,1.342393994331359863e+00,1.342300295829772949e+00,1.342206835746765137e+00,1.342113256454467773e+00,1.342019677162170410e+00,1.341926217079162598e+00
1.248955130577087402e+00,1.248874783515930176e+00,1.248794555664062500e+00,1.248714208602905273e+00,1.248633980751037598e+00,1.248553752899169922e+00,1.248473405838012695e+00,1.248393177986145020e+00,1.248312950134277344e+00,1.248232841491699219e+00,1.248152613639831543e+00,1.248072385787963867e+00,1.247992157936096191e+00,1.247911930084228516e+00,1.247831821441650391e+00,1.247751593589782715e+00,1.247671484947204590e+00,1.247591257095336914e+00,1.247511267662048340e+00,1.247431159019470215e+00,1.247350931167602539e+00,1.247270822525024414e+00,1.247190833091735840e+00,1.247110724449157715e+00,1.247030615806579590e+00,1.246950507164001465e+00,1.246870517730712891e+00,1.246790528297424316e+00,1.246710419654846191e+00,1.246630430221557617e+00,1.246550440788269043e+00,1.246470451354980469e+00,1.246390461921691895e+00,1.246310472488403320e+00,1.246230483055114746e+00,1.246150493621826172e+00,1.246070623397827148e+00,1.245990633964538574e+00,1.245910286903381348e+00,1.245829582214355469e+00,1.245748996734619141e+00,1.245668411254882812e+00,1.245587825775146484e+00,1.245507240295410156e+00,1.245426774024963379e+00,1.245346188545227051e+00,1.245265603065490723e+00,1.245185017585754395e+00,1.245104551315307617e+00,1.245024085044860840e+00,1.244943499565124512e+00,1.244863033294677734e+00,1.244782567024230957e+00,1.244702100753784180e+00,1.244621634483337402e+00,1.244541168212890625e+00,1.244460701942443848e+00,1.244380354881286621e+00,1.244299888610839844e+00,1.244219422340393066e+00,1.244139075279235840e+00,1.244058728218078613e+00,1.243978381156921387e+00,1.243898034095764160e+00,1.243817687034606934e+00,1.243737220764160156e+00,1.243656992912292480e+00,1.243576645851135254e+00,1.243496298789978027e+00,1.243416070938110352e+00,1.243335723876953125e+00,1.243255376815795898e+00,1.243175148963928223e+00,1.243094921112060547e+00,1.243014693260192871e+00,1.242934465408325195e+00,1.242854237556457520e+00,1.242774009704589844e+00,1.242693781852722168e+00,1.242613673210144043e+00
1.162490129470825195e+00,1.162420630455017090e+00,1.162351012229919434e+00,1.162281394004821777e+00,1.162211894989013672e+00,1.162142276763916016e+00,1.162072896957397461e+00,1.162003278732299805e+00,1.161933779716491699e+00,1.161864280700683594e+00,1.161794781684875488e+00,1.161725282669067383e+00,1.161655783653259277e+00,1.161586284637451172e+00,1.161516785621643066e+00,1.161447405815124512e+00,1.161378026008605957e+00,1.161308526992797852e+00,1.161239027976989746e+00,1.161169767379760742e+00,1.161100268363952637e+00,1.161030888557434082e+00,1.160961389541625977e+00,1.160892009735107422e+00,1.160822749137878418e+00,1.160753369331359863e+00,1.160683989524841309e+00,1.160614371299743652e+00,1.160544395446777344e+00,1.160474419593811035e+00,1.160404443740844727e+00,1.160334587097167969e+00,1.160264611244201660e+00,1.160194754600524902e+00,1.160124778747558594e+00,1.160054922103881836e+00,1.159985065460205078e+00,1.159915089607238770e+00,1.159845232963562012e+00,1.159775376319885254e+00,1.159705519676208496e+00,1.159635663032531738e+00,1.159565925598144531e+00,1.159495949745178223e+00,1.159426212310791016e+00,1.159356355667114258e+00,1.159286499023437500e+00,1.159216761589050293e+00,1.159147024154663086e+00,1.159077167510986328e+00,1.159007430076599121e+00,1.158937692642211914e+00,1.158867955207824707e+00,1.158798217773437500e+00,1.158728480339050293e+00,1.158658742904663086e+00,1.158589005470275879e+00,1.158519268035888672e+00,1.158449530601501465e+00,1.158379912376403809e+00,1.158310294151306152e+00,1.158240556716918945e+00,1.158170938491821289e+00,1.158101201057434082e+00,1.158031582832336426e+00,1.157961964607238770e+00,1.157892346382141113e+00,1.157822608947753906e+00,1.157753109931945801e+00,1.157683491706848145e+00,1.157613873481750488e+00,1.157544255256652832e+00,1.157474637031555176e+00,1.157405018806457520e+00,1.157335519790649414e+00,1.157265901565551758e+00,1.157196402549743652e+00,1.157126903533935547e+00,1.157057285308837891e+00,1.156987786293029785e+00
1.087221860885620117e+00,1.087160944938659668e+00,1.087100148200988770e+00,1.087039351463317871e+00,1.086978435516357422e+00,1.086917638778686523e+00,1.086856842041015625e+00,1.086796045303344727e+00,1.086735248565673828e+00,1.086674451828002930e+00,1.086613535881042480e+00,1.086552858352661133e+00,1.086492061614990234e+00,1.086431264877319336e+00,1.086370468139648438e+00,1.086309671401977539e+00,1.086248874664306641e+00,1.086187601089477539e+00,1.086126327514648438e+00,1.086065053939819336e+00,1.086003899574279785e+00,1.085942625999450684e+00,1.085881352424621582e+00,1.085820078849792480e+00,1.085758805274963379e+00,1.085697650909423828e+00,1.085636496543884277e+00,1.085575222969055176e+00,1.085514068603515625e+00,1.085452914237976074e+00,1.085391640663146973e+00,1.085330486297607422e+00,1.085269331932067871e+00,1.085208058357238770e+00,1.085147023200988770e+00,1.085085868835449219e+00,1.085024595260620117e+00,1.084963560104370117e+00,1.084902405738830566e+00,1.084841251373291016e+00,1.084780216217041016e+00,1.084719061851501465e+00,1.084657907485961914e+00,1.084596872329711914e+00,1.084535717964172363e+00,1.084474682807922363e+00,1.084413528442382812e+00,1.084352493286132812e+00,1.084291458129882812e+00,1.084230422973632812e+00,1.084169387817382812e+00,1.084108233451843262e+00,1.084047317504882812e+00,1.083986282348632812e+00,1.083925247192382812e+00,1.083864212036132812e+00,1.083803176879882812e+00,1.083742141723632812e+00,1.083681225776672363e+00,1.083620190620422363e+00,1.083559155464172363e+00,1.083498239517211914e+00,1.083437204360961914e+00,1.083376288414001465e+00,1.083315372467041016e+00,1.083254337310791016e+00,1.083193421363830566e+00,1.083132505416870117e+00,1.083071589469909668e+00,1.083010673522949219e+00,1.082949757575988770e+00,1.082888841629028320e+00,1.082827925682067871e+00,1.082767128944396973e+00,1.082706212997436523e+00,1.082645297050476074e+00,1.082584500312805176e+00,1.082523584365844727e+00,1.082462668418884277e+00,1.082401871681213379e+00
1.021107792854309082e+00,1.021054029464721680e+00,1.021000385284423828e+00,1.020946741104125977e+00,1.020893096923828125e+00,1.020839452743530273e+00,1.020785331726074219e+00,1.020731210708618164e+00,1.020677089691162109e+00,1.020622968673706055e+00,1.020568966865539551e+00,1.020514845848083496e+00,1.020460724830627441e+00,1.020406603813171387e+00,1.020352482795715332e+00,1.020298480987548828e+00,1.020244479179382324e+00,1.020190358161926270e+00,1.020136356353759766e+00,1.020082354545593262e+00,1.020028233528137207e+00,1.019974231719970703e+00,1.019920229911804199e+00,1.019866108894348145e+00,1.019812107086181641e+00,1.019758105278015137e+00,1.019704103469848633e+00,1.019650101661682129e+00,1.019596099853515625e+00,1.019542098045349121e+00,1.019488215446472168e+00,1.019434213638305664e+00,1.019380211830139160e+00,1.019326210021972656e+00,1.019272327423095703e+00,1.019218325614929199e+00,1.019164443016052246e+00,1.019110441207885742e+00,1.019056439399719238e+00,1.019002556800842285e+00,1.018948674201965332e+00,1.018894672393798828e+00,1.018840789794921875e+00,1.018786907196044922e+00,1.018733024597167969e+00,1.018679141998291016e+00,1.018625259399414062e+00,1.018571376800537109e+00,1.018517494201660156e+00,1.018463611602783203e+00,1.018409729003906250e+00,1.018355846405029297e+00,1.018301963806152344e+00,1.018248081207275391e+00,1.018194317817687988e+00,1.018140435218811035e+00,1.018086671829223633e+00,1.018032789230346680e+00,1.017978906631469727e+00,1.017925143241882324e+00,1.017871379852294922e+00,1.017817497253417969e+00,1.017763733863830566e+00,1.017709970474243164e+00,1.017656087875366211e+00,1.017602324485778809e+00,1.017548561096191406e+00,1.017494797706604004e+00,1.017441034317016602e+00,1.017387270927429199e+00,1.017333507537841797e+00,1.017279744148254395e+00,1.017226099967956543e+00,1.017172336578369141e+00,1.017118573188781738e+00,1.017064929008483887e+00,1.017011165618896484e+00,1.016957402229309082e+00,1.016903758049011230e+00,1.016849994659423828e+00
9.625712633132934570e-01,9.625231027603149414e-01,9.624749422073364258e-01,9.624269008636474609e-01,9.623787403106689453e-01,9.623305797576904297e-01,9.622825980186462402e-01,9.622344374656677246e-01,9.621863365173339844e-01,9.621383547782897949e-01,9.620902538299560547e-01,9.620421528816223145e-01,9.619941115379333496e-01,9.619460105895996094e-01,9.618979692459106445e-01,9.618499875068664551e-01,9.618018865585327148e-01,9.617537856101989746e-01,9.617058634757995605e-01,9.616577625274658203e-01,9.616097211837768555e-01,9.615617394447326660e-01,9.615136981010437012e-01,9.614656567573547363e-01,9.614177346229553223e-01,9.613696932792663574e-01,9.613216519355773926e-01,9.612737298011779785e-01,9.612256884574890137e-01,9.611777067184448242e-01,9.611297845840454102e-01,9.610818028450012207e-01,9.610337615013122559e-01,9.609858989715576172e-01,9.609379172325134277e-01,9.608898758888244629e-01,9.608420133590698242e-01,9.607940316200256348e-01,9.607460498809814453e-01,9.606980681419372559e-01,9.606502056121826172e-01,9.606022834777832031e-01,9.605543017387390137e-01,9.605064392089843750e-01,9.604585170745849609e-01,9.604105949401855469e-01,9.603627324104309082e-01,9.603148102760314941e-01,9.602668881416320801e-01,9.602190852165222168e-01,9.601711630821228027e-01,9.601232409477233887e-01,9.600754380226135254e-01,9.600275158882141113e-01,9.599796533584594727e-01,9.599318504333496094e-01,9.598839282989501953e-01,9.598360657691955566e-01,9.597882628440856934e-01,9.597404003143310547e-01,9.596925377845764160e-01,9.596447944641113281e-01,9.595969319343566895e-01,9.595490694046020508e-01,9.595013260841369629e-01,9.594534635543823242e-01,9.594056010246276855e-01,9.593579173088073730e-01,9.593100547790527344e-01,9.592622518539428711e-01,9.592145085334777832e-01,9.591667056083679199e-01,9.591189026832580566e-01,9.590711593627929688e-01,9.590233564376831055e-01,9.589755535125732422e-01,9.589278697967529297e-01,9.588800668716430664e-01,9.588323235511779785e-01,9.587846398353576660e-01
9.103801846504211426e-01,9.103372097015380859e-01,9.102941155433654785e-01,9.102510809898376465e-01,9.102081060409545898e-01,9.101650714874267578e-01,9.101219773292541504e-01,9.100790619850158691e-01,9.100359678268432617e-01,9.099929332733154297e-01,9.099500179290771484e-01,9.099069833755493164e-01,9.098639488220214844e-01,9.098210334777832031e-01,9.097779989242553711e-01,9.097349643707275391e-01,9.096920490264892578e-01,9.096490740776062012e-01,9.096060395240783691e-01,9.095631241798400879e-01,9.095201492309570312e-01,9.094771742820739746e-01,9.094342589378356934e-01,9.093912839889526367e-01,9.093483090400695801e-01,9.093053936958312988e-01,9.092624187469482422e-01,9.092195034027099609e-01,9.091765880584716797e-01,9.091336727142333984e-01,9.090906977653503418e-01,9.090478420257568359e-01,9.090048670768737793e-01,9.089619517326354980e-01,9.089190959930419922e-01,9.088761806488037109e-01,9.088332056999206543e-01,9.087904095649719238e-01,9.087474942207336426e-01,9.087045788764953613e-01,9.086617231369018555e-01,9.086188077926635742e-01,9.085759520530700684e-01,9.085330963134765625e-01,9.084902405738830566e-01,9.084473252296447754e-01,9.084045290946960449e-01,9.083616137504577637e-01,9.083187580108642578e-01,9.082759618759155273e-01,9.082331061363220215e-01,9.081902503967285156e-01,9.081474542617797852e-01,9.081045985221862793e-01,9.080617427825927734e-01,9.080190062522888184e-01,9.079761505126953125e-01,9.079332947731018066e-01,9.078905582427978516e-01,9.078477025032043457e-01,9.078048467636108398e-01,9.077621102333068848e-01,9.077193140983581543e-01,9.076764583587646484e-01,9.076336622238159180e-01,9.075909256935119629e-01,9.075481295585632324e-01,9.075053334236145020e-01,9.074625968933105469e-01,9.074198007583618164e-01,9.073770046234130859e-01,9.073343276977539062e-01,9.072915315628051758e-01,9.072487950325012207e-01,9.072061181068420410e-01,9.071633219718933105e-01,9.071205258369445801e-01,9.070779085159301758e-01,9.070351123809814453e-01,9.069923758506774902e-01
8.635577559471130371e-01,8.635191321372985840e-01,8.634803295135498047e-01,8.634415864944458008e-01,8.634029626846313477e-01,8.633642196655273438e-01,8.633254766464233398e-01,8.632867932319641113e-01,8.632480502128601074e-01,8.632093667984008789e-01,8.631706833839416504e-01,8.631319999694824219e-01,8.630932569503784180e-01,8.630546331405639648e-01,8.630159497261047363e-01,8.629772067070007324e-01,8.629385232925415039e-01,8.628998994827270508e-01,8.628612160682678223e-01,8.628224730491638184e-01,8.627839088439941406e-01,8.627452254295349121e-01,8.627065420150756836e-01,8.626679182052612305e-01,8.626292347908020020e-01,8.625905513763427734e-01,8.625519871711730957e-01,8.625133037567138672e-01,8.624746799468994141e-01,8.624361157417297363e-01,8.623974323272705078e-01,8.623588085174560547e-01,8.623202443122863770e-01,8.622815608978271484e-01,8.622429370880126953e-01,8.622043728828430176e-01,8.621657490730285645e-01,8.621271252632141113e-01,8.620885610580444336e-01,8.620499372482299805e-01,8.620113134384155273e-01,8.619728088378906250e-01,8.619341850280761719e-01,8.618955612182617188e-01,8.618570566177368164e-01,8.618184328079223633e-01,8.617798089981079102e-01,8.617413043975830078e-01,8.617027401924133301e-01,8.616641163825988770e-01,8.616256117820739746e-01,8.615870475769042969e-01,8.615484833717346191e-01,8.615099787712097168e-01,8.614714145660400391e-01,8.614328503608703613e-01,8.613943457603454590e-01,8.613557815551757812e-01,8.613172173500061035e-01,8.612787723541259766e-01,8.612402081489562988e-01,8.612016439437866211e-01,8.611631989479064941e-01,8.611246347427368164e-01,8.610861301422119141e-01,8.610476851463317871e-01,8.610091209411621094e-01,8.609706163406372070e-01,8.609321713447570801e-01,8.608936667442321777e-01,8.608551025390625000e-01,8.608167171478271484e-01,8.607782125473022461e-01,8.607396483421325684e-01,8.607012629508972168e-01,8.606627583503723145e-01,8.606242537498474121e-01,8.605858683586120605e-01,8.605473637580871582e-01,8.605088591575622559e-01
8.213160634040832520e-01,8.212810158729553223e-01,8.212460279464721680e-01,8.212109804153442383e-01,8.211759328842163086e-01,8.211410045623779297e-01,8.211059570312500000e-01,8.210709095001220703e-01,8.210359215736389160e-01,8.210009336471557617e-01,8.209658861160278320e-01,8.209309577941894531e-01,8.208959102630615234e-01,8.208608627319335938e-01,8.208259344100952148e-01,8.207909464836120605e-01,8.207558989524841309e-01,8.207209706306457520e-01,8.206859827041625977e-01,8.206509947776794434e-01,8.206160664558410645e-01,8.205810785293579102e-01,8.205460309982299805e-01,8.205111622810363770e-01,8.204761743545532227e-01,8.204411864280700684e-01,8.204062581062316895e-01,8.203712701797485352e-01,8.203362822532653809e-01,8.203014135360717773e-01,8.202664256095886230e-01,8.202314972877502441e-01,8.201965689659118652e-01,8.201616406440734863e-01,8.201266527175903320e-01,8.200917840003967285e-01,8.200568556785583496e-01,8.200218677520751953e-01,8.199869990348815918e-01,8.199520707130432129e-01,8.199171423912048340e-01,8.198821544647216797e-01,8.198473453521728516e-01,8.198124170303344727e-01,8.197774887084960938e-01,8.197426199913024902e-01,8.197076916694641113e-01,8.196727633476257324e-01,8.196379542350769043e-01,8.196030259132385254e-01,8.195680975914001465e-01,8.195332884788513184e-01,8.194983601570129395e-01,8.194634318351745605e-01,8.194286227226257324e-01,8.193937540054321289e-01,8.193588256835937500e-01,8.193240165710449219e-01,8.192891478538513184e-01,8.192542791366577148e-01,8.192194700241088867e-01,8.191846013069152832e-01,8.191496729850769043e-01,8.191149234771728516e-01,8.190800547599792480e-01,8.190451860427856445e-01,8.190103769302368164e-01,8.189755082130432129e-01,8.189406394958496094e-01,8.189058899879455566e-01,8.188710212707519531e-01,8.188361525535583496e-01,8.188014030456542969e-01,8.187665343284606934e-01,8.187317252159118652e-01,8.186969757080078125e-01,8.186621069908142090e-01,8.186272978782653809e-01,8.185925483703613281e-01,8.185577392578125000e-01
7.830142974853515625e-01,7.829824090003967285e-01,7.829505205154418945e-01,7.829187512397766113e-01,7.828869223594665527e-01,7.828550338745117188e-01,7.828232645988464355e-01,7.827914357185363770e-01,7.827595472335815430e-01,7.827277779579162598e-01,7.826959490776062012e-01,7.826641201972961426e-01,7.826323509216308594e-01,7.826005220413208008e-01,7.825686931610107422e-01,7.825369238853454590e-01,7.825050950050354004e-01,7.824732661247253418e-01,7.824415564537048340e-01,7.824097275733947754e-01,7.823778986930847168e-01,7.823461294174194336e-01,7.823143601417541504e-01,7.822825312614440918e-01,7.822508215904235840e-01,7.822189927101135254e-01,7.821872234344482422e-01,7.821554541587829590e-01,7.821236848831176758e-01,7.820918560028076172e-01,7.820601463317871094e-01,7.820283770561218262e-01,7.819966077804565430e-01,7.819648981094360352e-01,7.819331288337707520e-01,7.819012999534606934e-01,7.818695902824401855e-01,7.818378210067749023e-01,7.818060517311096191e-01,7.817744016647338867e-01,7.817426323890686035e-01,7.817108631134033203e-01,7.816791534423828125e-01,7.816473841667175293e-01,7.816156744956970215e-01,7.815839648246765137e-01,7.815522551536560059e-01,7.815204858779907227e-01,7.814888358116149902e-01,7.814570665359497070e-01,7.814253568649291992e-01,7.813936471939086914e-01,7.813619375228881836e-01,7.813302278518676758e-01,7.812985181808471680e-01,7.812668085098266602e-01,7.812350988388061523e-01,7.812034487724304199e-01,7.811717391014099121e-01,7.811400294303894043e-01,7.811083793640136719e-01,7.810766696929931641e-01,7.810449600219726562e-01,7.810133099555969238e-01,7.809816002845764160e-01,7.809498906135559082e-01,7.809182405471801758e-01,7.808865904808044434e-01,7.808548808097839355e-01,7.808232307434082031e-01,7.807915806770324707e-01,7.807599306106567383e-01,7.807282209396362305e-01,7.806966304779052734e-01,7.806649208068847656e-01,7.806332707405090332e-01,7.806016802787780762e-01,7.805700302124023438e-01,7.805383205413818359e-01,7.805067300796508789e-01
7.481256723403930664e-01,7.480965852737426758e-01,7.480674982070922852e-01,7.480384707450866699e-01,7.480093836784362793e-01,7.479802966117858887e-01,7.479512691497802734e-01,7.479222416877746582e-01,7.478931546211242676e-01,7.478641271591186523e-01,7.478350996971130371e-01,7.478060126304626465e-01,7.477769851684570312e-01,7.477479577064514160e-01,7.477188706398010254e-01,7.476899027824401855e-01,7.476608157157897949e-01,7.476317882537841797e-01,7.476027607917785645e-01,7.475737333297729492e-01,7.475447058677673340e-01,7.475156784057617188e-01,7.474867105484008789e-01,7.474576234817504883e-01,7.474285960197448730e-01,7.473996281623840332e-01,7.473706007003784180e-01,7.473415732383728027e-01,7.473126053810119629e-01,7.472835779190063477e-01,7.472545504570007324e-01,7.472256422042846680e-01,7.471966147422790527e-01,7.471675872802734375e-01,7.471386194229125977e-01,7.471095919609069824e-01,7.470806241035461426e-01,7.470516562461853027e-01,7.470226883888244629e-01,7.469936609268188477e-01,7.469647526741027832e-01,7.469357252120971680e-01,7.469066977500915527e-01,7.468777894973754883e-01,7.468488216400146484e-01,7.468197941780090332e-01,7.467908859252929688e-01,7.467619180679321289e-01,7.467329502105712891e-01,7.467040419578552246e-01,7.466750144958496094e-01,7.466460466384887695e-01,7.466171383857727051e-01,7.465881705284118652e-01,7.465592026710510254e-01,7.465302944183349609e-01,7.465013265609741211e-01,7.464723587036132812e-01,7.464435100555419922e-01,7.464145421981811523e-01,7.463855743408203125e-01,7.463566660881042480e-01,7.463277578353881836e-01,7.462987899780273438e-01,7.462698817253112793e-01,7.462409734725952148e-01,7.462120056152343750e-01,7.461831569671630859e-01,7.461541891098022461e-01,7.461252808570861816e-01,7.460963726043701172e-01,7.460674643516540527e-01,7.460385560989379883e-01,7.460096478462219238e-01,7.459807395935058594e-01,7.459518313407897949e-01,7.459229826927185059e-01,7.458940744400024414e-01,7.458651661872863770e-01,7.458363175392150879e-01
7.162134051322937012e-01,7.161868214607238770e-01,7.161601781845092773e-01,7.161334753036499023e-01,7.161068916320800781e-01,7.160802483558654785e-01,7.160536050796508789e-01,7.160270214080810547e-01,7.160003781318664551e-01,7.159737348556518555e-01,7.159471511840820312e-01,7.159205079078674316e-01,7.158938646316528320e-01,7.158672809600830078e-01,7.158406376838684082e-01,7.158139944076538086e-01,7.157874703407287598e-01,7.157608270645141602e-01,7.157341837882995605e-01,7.157076597213745117e-01,7.156810164451599121e-01,7.156543731689453125e-01,7.156278491020202637e-01,7.156012058258056641e-01,7.155746221542358398e-01,7.155480384826660156e-01,7.155214548110961914e-01,7.154948115348815918e-01,7.154682874679565430e-01,7.154417037963867188e-01,7.154150605201721191e-01,7.153885364532470703e-01,7.153619527816772461e-01,7.153353691101074219e-01,7.153087854385375977e-01,7.152822017669677734e-01,7.152556180953979492e-01,7.152290940284729004e-01,7.152025103569030762e-01,7.151759266853332520e-01,7.151494026184082031e-01,7.151228189468383789e-01,7.150962352752685547e-01,7.150696516036987305e-01,7.150431275367736816e-01,7.150166034698486328e-01,7.149900197982788086e-01,7.149634957313537598e-01,7.149369120597839355e-01,7.149103879928588867e-01,7.148838639259338379e-01,7.148572802543640137e-01,7.148307561874389648e-01,7.148042321205139160e-01,7.147777080535888672e-01,7.147511243820190430e-01,7.147246599197387695e-01,7.146980762481689453e-01,7.146715521812438965e-01,7.146450877189636230e-01,7.146185040473937988e-01,7.145919799804687500e-01,7.145655155181884766e-01,7.145389914512634277e-01,7.145124077796936035e-01,7.144859433174133301e-01,7.144594192504882812e-01,7.144328951835632324e-01,7.144064307212829590e-01,7.143799066543579102e-01,7.143533825874328613e-01,7.143269181251525879e-01,7.143003940582275391e-01,7.142738699913024902e-01,7.142474055290222168e-01,7.142209410667419434e-01,7.141944169998168945e-01,7.141679525375366211e-01,7.141414284706115723e-01,7.141149640083312988e-01
6.869123578071594238e-01,6.868878602981567383e-01,6.868633627891540527e-01,6.868388652801513672e-01,6.868143081665039062e-01,6.867898702621459961e-01,6.867653727531433105e-01,6.867408752441406250e-01,6.867163777351379395e-01,6.866918802261352539e-01,6.866673827171325684e-01,6.866429448127746582e-01,6.866184473037719727e-01,6.865938901901245117e-01,6.865694522857666016e-01,6.865449547767639160e-01,6.865204572677612305e-01,6.864960193634033203e-01,6.864715218544006348e-01,6.864470243453979492e-01,6.864225864410400391e-01,6.863981485366821289e-01,6.863736510276794434e-01,6.863492131233215332e-01,6.863247156143188477e-01,6.863002181053161621e-01,6.862758398056030273e-01,6.862513422966003418e-01,6.862268447875976562e-01,6.862024664878845215e-01,6.861779689788818359e-01,6.861535310745239258e-01,6.861290931701660156e-01,6.861045956611633301e-01,6.860801577568054199e-01,6.860557794570922852e-01,6.860312819480895996e-01,6.860068440437316895e-01,6.859824061393737793e-01,6.859579682350158691e-01,6.859335303306579590e-01,6.859090924263000488e-01,6.858846545219421387e-01,6.858602166175842285e-01,6.858358383178710938e-01,6.858114004135131836e-01,6.857869029045104980e-01,6.857625246047973633e-01,6.857380867004394531e-01,6.857136487960815430e-01,6.856892704963684082e-01,6.856648325920104980e-01,6.856403946876525879e-01,6.856160163879394531e-01,6.855915784835815430e-01,6.855671405792236328e-01,6.855428218841552734e-01,6.855183839797973633e-01,6.854939460754394531e-01,6.854695677757263184e-01,6.854451298713684082e-01,6.854207515716552734e-01,6.853963732719421387e-01,6.853719353675842285e-01,6.853475570678710938e-01,6.853231787681579590e-01,6.852988004684448242e-01,6.852743625640869141e-01,6.852499842643737793e-01,6.852256059646606445e-01,6.852012276649475098e-01,6.851767897605895996e-01,6.851524710655212402e-01,6.851280927658081055e-01,6.851036548614501953e-01,6.850793361663818359e-01,6.850549578666687012e-01,6.850305795669555664e-01,6.850062012672424316e-01,6.849818229675292969e-01
6.599145531654357910e-01,6.598919034004211426e-01,6.598693132400512695e-01,6.598467230796813965e-01,6.598240733146667480e-01,6.598014831542968750e-01,6.597788929939270020e-01,6.597562432289123535e-01,6.597337126731872559e-01,6.597110629081726074e-01,6.596884727478027344e-01,6.596658825874328613e-01,6.596432924270629883e-01,6.596206426620483398e-01,6.595981121063232422e-01,6.595754623413085938e-01,6.595528721809387207e-01,6.595302820205688477e-01,6.595076918601989746e-01,6.594851016998291016e-01,6.594625115394592285e-01,6.594399213790893555e-01,6.594173312187194824e-01,6.593947410583496094e-01,6.593722105026245117e-01,6.593496203422546387e-01,6.593270301818847656e-01,6.593044400215148926e-01,6.592818498611450195e-01,6.592592597007751465e-01,6.592367291450500488e-01,6.592141389846801758e-01,6.591915488243103027e-01,6.591690182685852051e-01,6.591464281082153320e-01,6.591238975524902344e-01,6.591013669967651367e-01,6.590787768363952637e-01,6.590561866760253906e-01,6.590336561203002930e-01,6.590111255645751953e-01,6.589885354042053223e-01,6.589660048484802246e-01,6.589434146881103516e-01,6.589208841323852539e-01,6.588983535766601562e-01,6.588757634162902832e-01,6.588532328605651855e-01,6.588307023048400879e-01,6.588081717491149902e-01,6.587855815887451172e-01,6.587631106376647949e-01,6.587405204772949219e-01,6.587179899215698242e-01,6.586955189704895020e-01,6.586729288101196289e-01,6.586503982543945312e-01,6.586278676986694336e-01,6.586053371429443359e-01,6.585828065872192383e-01,6.585603356361389160e-01,6.585377454757690430e-01,6.585152149200439453e-01,6.584927439689636230e-01,6.584702134132385254e-01,6.584476828575134277e-01,6.584252119064331055e-01,6.584026813507080078e-01,6.583801507949829102e-01,6.583576798439025879e-01,6.583351492881774902e-01,6.583126187324523926e-01,6.582901477813720703e-01,6.582676172256469727e-01,6.582450866699218750e-01,6.582226157188415527e-01,6.582000851631164551e-01,6.581775546073913574e-01,6.581551432609558105e-01,6.581326127052307129e-01
6.349586844444274902e-01,6.349377036094665527e-01,6.349167823791503906e-01,6.348958611488342285e-01,6.348749399185180664e-01,6.348539590835571289e-01,6.348330378532409668e-01,6.348121166229248047e-01,6.347911953926086426e-01,6.347702741622924805e-01,6.347493529319763184e-01,6.347283720970153809e-01,6.347075104713439941e-01,6.346865892410278320e-01,6.346656084060668945e-01,6.346447467803955078e-01,6.346238255500793457e-01,6.346029043197631836e-01,6.345819830894470215e-01,6.345610618591308594e-01,6.345401406288146973e-01,6.345192790031433105e-01,6.344983577728271484e-01,6.344774365425109863e-01,6.344565153121948242e-01,6.344355940818786621e-01,6.344146728515625000e-01,6.343938112258911133e-01,6.343728899955749512e-01,6.343519687652587891e-01,6.343311071395874023e-01,6.343101859092712402e-01,6.342893242835998535e-01,6.342684626579284668e-01,6.342475414276123047e-01,6.342266201972961426e-01,6.342057585716247559e-01,6.341848373413085938e-01,6.341639757156372070e-01,6.341431140899658203e-01,6.341221928596496582e-01,6.341013312339782715e-01,6.340804696083068848e-01,6.340595483779907227e-01,6.340386867523193359e-01,6.340177655220031738e-01,6.339969038963317871e-01,6.339760422706604004e-01,6.339551210403442383e-01,6.339343190193176270e-01,6.339133977890014648e-01,6.338925361633300781e-01,6.338716745376586914e-01,6.338508129119873047e-01,6.338299512863159180e-01,6.338090896606445312e-01,6.337882280349731445e-01,6.337673664093017578e-01,6.337465047836303711e-01,6.337256431579589844e-01,6.337047815322875977e-01,6.336839795112609863e-01,6.336630582809448242e-01,6.336421966552734375e-01,6.336213946342468262e-01,6.336005330085754395e-01,6.335796713829040527e-01,6.335588693618774414e-01,6.335379481315612793e-01,6.335171461105346680e-01,6.334962844848632812e-01,6.334754228591918945e-01,6.334546208381652832e-01,6.334337592124938965e-01,6.334129571914672852e-01,6.333920955657958984e-01,6.333712935447692871e-01,6.333504319190979004e-01,6.333295702934265137e-01,6.333087682723999023e-01
6.118215322494506836e-01,6.118021011352539062e-01,6.117826700210571289e-01,6.117631793022155762e-01,6.117438077926635742e-01,6.117243170738220215e-01,6.117048859596252441e-01,6.116854548454284668e-01,6.116660237312316895e-01,6.116465926170349121e-01,6.116272211074829102e-01,6.116077303886413574e-01,6.115882992744445801e-01,6.115689277648925781e-01,6.115494966506958008e-01,6.115300059318542480e-01,6.115106344223022461e-01,6.114912033081054688e-01,6.114717721939086914e-01,6.114524006843566895e-01,6.114329695701599121e-01,6.114135384559631348e-01,6.113941669464111328e-01,6.113747358322143555e-01,6.113553047180175781e-01,6.113358736038208008e-01,6.113165020942687988e-01,6.112970709800720215e-01,6.112776994705200195e-01,6.112582683563232422e-01,6.112388372421264648e-01,6.112194657325744629e-01,6.112000346183776855e-01,6.111806035041809082e-01,6.111612319946289062e-01,6.111418604850769043e-01,6.111224293708801270e-01,6.111030578613281250e-01,6.110836863517761230e-01,6.110642552375793457e-01,6.110448837280273438e-01,6.110255122184753418e-01,6.110060811042785645e-01,6.109867095947265625e-01,6.109673380851745605e-01,6.109479069709777832e-01,6.109285354614257812e-01,6.109091639518737793e-01,6.108897924423217773e-01,6.108704209327697754e-01,6.108509898185729980e-01,6.108316183090209961e-01,6.108123064041137695e-01,6.107928752899169922e-01,6.107735037803649902e-01,6.107541322708129883e-01,6.107347607612609863e-01,6.107153892517089844e-01,6.106960177421569824e-01,6.106766462326049805e-01,6.106572747230529785e-01,6.106379628181457520e-01,6.106185317039489746e-01,6.105991601943969727e-01,6.105798482894897461e-01,6.105604767799377441e-01,6.105411052703857422e-01,6.105217337608337402e-01,6.105023622512817383e-01,6.104829907417297363e-01,6.104636192321777344e-01,6.104443073272705078e-01,6.104249358177185059e-01,6.104055643081665039e-01,6.103862524032592773e-01,6.103668808937072754e-01,6.103475689888000488e-01,6.103281974792480469e-01,6.103088855743408203e-01,6.102895140647888184e-01
5.903112292289733887e-01,5.902931690216064453e-01,5.902750492095947266e-01,5.902569890022277832e-01,5.902388691902160645e-01,5.902208089828491211e-01,5.902026891708374023e-01,5.901846289634704590e-01,5.901665091514587402e-01,5.901483893394470215e-01,5.901303291320800781e-01,5.901122689247131348e-01,5.900941491127014160e-01,5.900760889053344727e-01,5.900580286979675293e-01,5.900399088859558105e-01,5.900218486785888672e-01,5.900037884712219238e-01,5.899856686592102051e-01,5.899676084518432617e-01,5.899495482444763184e-01,5.899314284324645996e-01,5.899133682250976562e-01,5.898953080177307129e-01,5.898772478103637695e-01,5.898591279983520508e-01,5.898411273956298828e-01,5.898230075836181641e-01,5.898049473762512207e-01,5.897868871688842773e-01,5.897688269615173340e-01,5.897507667541503906e-01,5.897327065467834473e-01,5.897146463394165039e-01,5.896965861320495605e-01,5.896785259246826172e-01,5.896604657173156738e-01,5.896424055099487305e-01,5.896243453025817871e-01,5.896062850952148438e-01,5.895882248878479004e-01,5.895702242851257324e-01,5.895521640777587891e-01,5.895341038703918457e-01,5.895160436630249023e-01,5.894979834556579590e-01,5.894799232482910156e-01,5.894619226455688477e-01,5.894438624382019043e-01,5.894258022308349609e-01,5.894078016281127930e-01,5.893897414207458496e-01,5.893716812133789062e-01,5.893536806106567383e-01,5.893356204032897949e-01,5.893175601959228516e-01,5.892995595932006836e-01,5.892814993858337402e-01,5.892634391784667969e-01,5.892454385757446289e-01,5.892273783683776855e-01,5.892093777656555176e-01,5.891913771629333496e-01,5.891733169555664062e-01,5.891552567481994629e-01,5.891372561454772949e-01,5.891192555427551270e-01,5.891011953353881836e-01,5.890831947326660156e-01,5.890651345252990723e-01,5.890471339225769043e-01,5.890291333198547363e-01,5.890110731124877930e-01,5.889930725097656250e-01,5.889750719070434570e-01,5.889570713043212891e-01,5.889390110969543457e-01,5.889210104942321777e-01,5.889030098915100098e-01,5.888850092887878418e-01
5.702621340751647949e-01,5.702452659606933594e-01,5.702283978462219238e-01,5.702114701271057129e-01,5.701946020126342773e-01,5.701777338981628418e-01,5.701608061790466309e-01,5.701439380645751953e-01,5.701270699501037598e-01,5.701102018356323242e-01,5.700932741165161133e-01,5.700764656066894531e-01,5.700595378875732422e-01,5.700426697731018066e-01,5.700258016586303711e-01,5.700089335441589355e-01,5.699920058250427246e-01,5.699751973152160645e-01,5.699582695960998535e-01,5.699414014816284180e-01,5.699245929718017578e-01,5.699076652526855469e-01,5.698907971382141113e-01,5.698739886283874512e-01,5.698570609092712402e-01,5.698401927947998047e-01,5.698233842849731445e-01,5.698065161705017090e-01,5.697896480560302734e-01,5.697727799415588379e-01,5.697559118270874023e-01,5.697390437126159668e-01,5.697222352027893066e-01,5.697053074836730957e-01,5.696884393692016602e-01,5.696716308593750000e-01,5.696547627449035645e-01,5.696378946304321289e-01,5.696210861206054688e-01,5.696042180061340332e-01,5.695873498916625977e-01,5.695705413818359375e-01,5.695536732673645020e-01,5.695368051528930664e-01,5.695199966430664062e-01,5.695031285285949707e-01,5.694862604141235352e-01,5.694693922996520996e-01,5.694525837898254395e-01,5.694357156753540039e-01,5.694189071655273438e-01,5.694020986557006836e-01,5.693852305412292480e-01,5.693683624267578125e-01,5.693515539169311523e-01,5.693347454071044922e-01,5.693178772926330566e-01,5.693010687828063965e-01,5.692842006683349609e-01,5.692673921585083008e-01,5.692505836486816406e-01,5.692337155342102051e-01,5.692169070243835449e-01,5.692000985145568848e-01,5.691832304000854492e-01,5.691664218902587891e-01,5.691496133804321289e-01,5.691327452659606934e-01,5.691159367561340332e-01,5.690991282463073730e-01,5.690823197364807129e-01,5.690654516220092773e-01,5.690487027168273926e-01,5.690318346023559570e-01,5.690150260925292969e-01,5.689982175827026367e-01,5.689814090728759766e-01,5.689646005630493164e-01,5.689477920532226562e-01,5.689309835433959961e-01
