5.000000000000000000e+00,5.000000000000000000e+00,5.000000000000000000e+00,5.000000000000000000e+00,5.000000000000000000e+00,5.000000000000000000e+00,5.000000000000000000e+00,5.000000000000000000e+00,5.000000000000000000e+00,5.000000000000000000e+00,5.000000000000000000e+00,5.000000000000000000e+00,5.000000000000000000e+00,5.000000000000000000e+00,5.000000000000000000e+00,5.000000000000000000e+00,5.000000000000000000e+00,5.000000000000000000e+00,5.000000000000000000e+00,5.000000000000000000e+00,5.000000000000000000e+00,5.000000000000000000e+00,5.000000000000000000e+00,5.000000000000000000e+00,5.000000000000000000e+00,5.000000000000000000e+00,5.000000000000000000e+00,5.000000000000000000e+00,5.000000000000000000e+00,5.000000000000000000e+00,5.000000000000000000e+00,5.000000000000000000e+00,5.000000000000000000e+00,5.000000000000000000e+00,5.000000000000000000e+00,5.000000000000000000e+00,5.000000000000000000e+00,5.000000000000000000e+00,5.000000000000000000e+00,5.000000000000000000e+00,5.000000000000000000e+00,5.000000000000000000e+00,5.000000000000000000e+00,5.000000000000000000e+00,5.000000000000000000e+00,5.000000000000000000e+00,5.000000000000000000e+00,5.000000000000000000e+00,5.000000000000000000e+00,5.000000000000000000e+00,5.000000000000000000e+00,5.000000000000000000e+00,5.000000000000000000e+00,5.000000000000000000e+00,5.000000000000000000e+00,5.000000000000000000e+00,5.000000000000000000e+00,4.155939102172851562e+00,4.042300224304199219e+00,3.934710502624511719e+00,3.832699298858642578e+00,3.735844373703002930e+00,3.643763780593872070e+00,3.556113243103027344e+00,3.472580194473266602e+00,3.392881631851196289e+00,3.316759586334228516e+00,3.243977785110473633e+00,3.174322128295898438e+00,3.107594490051269531e+00,3.043614625930786133e+00,2.982216119766235352e+00,2.923245668411254883e+00,2.866562366485595703e+00,2.812035322189331055e+00,2.759543895721435547e+00,2.708976507186889648e+00,2.660228729248046875e+00,2.613204717636108398e+00,2.567814111709594727e+00
5.000000000000000000e+00,5.000000000000000000e+00,5.000000000000000000e+00,5.000000000000000000e+00,5.000000000000000000e+00,5.000000000000000000e+00,5.000000000000000000e+00,5.000000000000000000e+00,5.000000000000000000e+00,5.000000000000000000e+00,5.000000000000000000e+00,5.000000000000000000e+00,5.000000000000000000e+00,5.000000000000000000e+00,5.000000000000000000e+00,5.000000000000000000e+00,5.000000000000000000e+00,5.000000000000000000e+00,5.000000000000000000e+00,5.000000000000000000e+00,5.000000000000000000e+00,5.000000000000000000e+00,5.000000000000000000e+00,5.000000000000000000e+00,5.000000000000000000e+00,5.000000000000000000e+00,5.000000000000000000e+00,5.000000000000000000e+00,5.000000000000000000e+00,5.000000000000000000e+00,5.000000000000000000e+00,5.000000000000000000e+00,5.000000000000000000e+00,5.000000000000000000e+00,5.000000000000000000e+00,5.000000000000000000e+00,5.000000000000000000e+00,5.000000000000000000e+00,5.000000000000000000e+00,5.000000000000000000e+00,5.000000000000000000e+00,5.000000000000000000e+00,5.000000000000000000e+00,5.000000000000000000e+00,5.000000000000000000e+00,5.000000000000000000e+00,5.000000000000000000e+00,5.000000000000000000e+00,5.000000000000000000e+00,5.000000000000000000e+00,5.000000000000000000e+00,5.000000000000000000e+00,5.000000000000000000e+00,5.000000000000000000e+00,5.000000000000000000e+00,4.403624057769775391e+00,4.276243686676025391e+00,4.156025409698486328e+00,4.042381763458251953e+00,3.934787988662719727e+00,3.832773447036743164e+00,3.735914230346679688e+00,3.643830060958862305e+00,3.556176662445068359e+00,3.472640752792358398e+00,3.392939567565917969e+00,3.316814661026000977e+00,3.244030475616455078e+00,3.174372673034667969e+00,3.107642889022827148e+00,3.043661117553710938e+00,2.982260704040527344e+00,2.923288583755493164e+00,2.866603612899780273e+00,2.812074899673461914e+00,2.759582281112670898e+00,2.709013223648071289e+00,2.660264253616333008e+00,2.613239049911499023e+00,2.567847013473510742e+00
5.000000000000000000e+00,5.000000000000000000e+00,5.000000000000000000e+00,5.000000000000000000e+00,5.000000000000000000e+00,5.000000000000000000e+00,5.000000000000000000e+00,5.000000000000000000e+00,5.000000000000000000e+00,5.000000000000000000e+00,5.000000000000000000e+00,5.000000000000000000e+00,5.000000000000000000e+00,5.000000000000000000e+00,5.000000000000000000e+00,5.000000000000000000e+00,5.000000000000000000e+00,5.000000000000000000e+00,5.000000000000000000e+00,5.000000000000000000e+00,5.000000000000000000e+00,5.000000000000000000e+00,5.000000000000000000e+00,5.000000000000000000e+00,5.000000000000000000e+00,5.000000000000000000e+00,5.000000000000000000e+00,5.000000000000000000e+00,5.000000000000000000e+00,5.000000000000000000e+00,5.000000000000000000e+00,5.000000000000000000e+00,5.000000000000000000e+00,5.000000000000000000e+00,5.000000000000000000e+00,5.000000000000000000e+00,5.000000000000000000e+00,5.000000000000000000e+00,5.000000000000000000e+00,5.000000000000000000e+00,5.000000000000000000e+00,5.000000000000000000e+00,5.000000000000000000e+00,5.000000000000000000e+00,5.000000000000000000e+00,5.000000000000000000e+00,5.000000000000000000e+00,5.000000000000000000e+00,5.000000000000000000e+00,5.000000000000000000e+00,5.000000000000000000e+00,5.000000000000000000e+00,5.000000000000000000e+00,5.000000000000000000e+00,4.538928985595703125e+00,4.403720855712890625e+00,4.276335239410400391e+00,4.156112194061279297e+00,4.042463779449462891e+00,3.934865713119506836e+00,3.832846879959106445e+00,3.735984086990356445e+00,3.643897056579589844e+00,3.556239843368530273e+00,3.472701072692871094e+00,3.392997264862060547e+00,3.316869735717773438e+00,3.244083642959594727e+00,3.174422979354858398e+00,3.107691287994384766e+00,3.043707609176635742e+00,2.982305288314819336e+00,2.923331499099731445e+00,2.866644859313964844e+00,2.812114477157592773e+00,2.759620428085327148e+00,2.709049940109252930e+00,2.660299777984619141e+00,2.613275527954101562e+00,2.567888498306274414e+00
5.000000000000000000e+00,5.000000000000000000e+00,5.000000000000000000e+00,5.000000000000000000e+00,5.000000000000000000e+00,5.000000000000000000e+00,5.000000000000000000e+00,5.000000000000000000e+00,5.000000000000000000e+00,5.000000000000000000e+00,5.000000000000000000e+00,5.000000000000000000e+00,5.000000000000000000e+00,5.000000000000000000e+00,5.000000000000000000e+00,5.000000000000000000e+00,5.000000000000000000e+00,5.000000000000000000e+00,5.000000000000000000e+00,5.000000000000000000e+00,5.000000000000000000e+00,5.000000000000000000e+00,5.000000000000000000e+00,5.000000000000000000e+00,5.000000000000000000e+00,5.000000000000000000e+00,5.000000000000000000e+00,5.000000000000000000e+00,5.000000000000000000e+00,5.000000000000000000e+00,5.000000000000000000e+00,5.000000000000000000e+00,5.000000000000000000e+00,5.000000000000000000e+00,5.000000000000000000e+00,5.000000000000000000e+00,5.000000000000000000e+00,5.000000000000000000e+00,5.000000000000000000e+00,5.000000000000000000e+00,5.000000000000000000e+00,5.000000000000000000e+00,5.000000000000000000e+00,5.000000000000000000e+00,5.000000000000000000e+00,5.000000000000000000e+00,5.000000000000000000e+00,5.000000000000000000e+00,5.000000000000000000e+00,5.000000000000000000e+00,5.000000000000000000e+00,5.000000000000000000e+00,5.000000000000000000e+00,4.682812690734863281e+00,4.539032459259033203e+00,4.403818607330322266e+00,4.276426792144775391e+00,4.156198978424072266e+00,4.042545795440673828e+00,3.934943675994873047e+00,3.832920551300048828e+00,3.736054182052612305e+00,3.643963575363159180e+00,3.556303262710571289e+00,3.472761869430541992e+00,3.393054962158203125e+00,3.316924810409545898e+00,3.244136333465576172e+00,3.174473524093627930e+00,3.107739686965942383e+00,3.043754100799560547e+00,2.982349872589111328e+00,2.923374414443969727e+00,2.866685867309570312e+00,2.812154293060302734e+00,2.759662628173828125e+00,2.709097623825073242e+00,2.660352230072021484e+00,2.613330125808715820e+00,2.567941188812255859e+00
5.000000000000000000e+00,5.000000000000000000e+00,5.000000000000000000e+00,5.000000000000000000e+00,5.000000000000000000e+00,5.000000000000000000e+00,5.000000000000000000e+00,5.000000000000000000e+00,5.000000000000000000e+00,5.000000000000000000e+00,5.000000000000000000e+00,5.000000000000000000e+00,5.000000000000000000e+00,5.000000000000000000e+00,5.000000000000000000e+00,5.000000000000000000e+00,5.000000000000000000e+00,5.000000000000000000e+00,5.000000000000000000e+00,5.000000000000000000e+00,5.000000000000000000e+00,5.000000000000000000e+00,5.000000000000000000e+00,5.000000000000000000e+00,5.000000000000000000e+00,5.000000000000000000e+00,5.000000000000000000e+00,5.000000000000000000e+00,5.000000000000000000e+00,5.000000000000000000e+00,5.000000000000000000e+00,5.000000000000000000e+00,5.000000000000000000e+00,5.000000000000000000e+00,5.000000000000000000e+00,5.000000000000000000e+00,5.000000000000000000e+00,5.000000000000000000e+00,5.000000000000000000e+00,5.000000000000000000e+00,5.000000000000000000e+00,5.000000000000000000e+00,5.000000000000000000e+00,5.000000000000000000e+00,5.000000000000000000e+00,5.000000000000000000e+00,5.000000000000000000e+00,5.000000000000000000e+00,5.000000000000000000e+00,5.000000000000000000e+00,5.000000000000000000e+00,5.000000000000000000e+00,4.836117267608642578e+00,4.682922363281250000e+00,4.539135456085205078e+00,4.403915405273437500e+00,4.276518821716308594e+00,4.156285285949707031e+00,4.042627811431884766e+00,3.935021162033081055e+00,3.832993984222412109e+00,3.736124277114868164e+00,3.644030094146728516e+00,3.556366443634033203e+00,3.472822189331054688e+00,3.393112421035766602e+00,3.316980123519897461e+00,3.244189023971557617e+00,3.174524307250976562e+00,3.107788085937500000e+00,3.043800354003906250e+00,2.982394456863403320e+00,2.923423290252685547e+00,2.866740703582763672e+00,2.812214374542236328e+00,2.759723424911499023e+00,2.709156274795532227e+00,2.660408735275268555e+00,2.613384723663330078e+00,2.567993879318237305e+00
5.000000000000000000e+00,5.000000000000000000e+00,5.000000000000000000e+00,5.000000000000000000e+00,5.000000000000000000e+00,5.000000000000000000e+00,5.000000000000000000e+00,5.000000000000000000e+00,5.000000000000000000e+00,5.000000000000000000e+00,5.000000000000000000e+00,5.000000000000000000e+00,5.000000000000000000e+00,5.000000000000000000e+00,5.000000000000000000e+00,5.000000000000000000e+00,5.000000000000000000e+00,5.000000000000000000e+00,5.000000000000000000e+00,5.000000000000000000e+00,5.000000000000000000e+00,5.000000000000000000e+00,5.000000000000000000e+00,5.000000000000000000e+00,5.000000000000000000e+00,5.000000000000000000e+00,5.000000000000000000e+00,5.000000000000000000e+00,5.000000000000000000e+00,5.000000000000000000e+00,5.000000000000000000e+00,5.000000000000000000e+00,5.000000000000000000e+00,5.000000000000000000e+00,5.000000000000000000e+00,5.000000000000000000e+00,5.000000000000000000e+00,5.000000000000000000e+00,5.000000000000000000e+00,5.000000000000000000e+00,5.000000000000000000e+00,5.000000000000000000e+00,5.000000000000000000e+00,5.000000000000000000e+00,5.000000000000000000e+00,5.000000000000000000e+00,5.000000000000000000e+00,5.000000000000000000e+00,5.000000000000000000e+00,5.000000000000000000e+00,5.000000000000000000e+00,4.999798774719238281e+00,4.836234569549560547e+00,4.683032512664794922e+00,4.539238929748535156e+00,4.404012680053710938e+00,4.276610374450683594e+00,4.156372070312500000e+00,4.042709827423095703e+00,3.935098648071289062e+00,3.833068132400512695e+00,3.736194372177124023e+00,3.644096612930297852e+00,3.556430339813232422e+00,3.472882509231567383e+00,3.393170595169067383e+00,3.317035198211669922e+00,3.244241714477539062e+00,3.174574613571166992e+00,3.107845544815063477e+00,3.043863773345947266e+00,2.982463598251342773e+00,2.923491716384887695e+00,2.866806507110595703e+00,2.812277555465698242e+00,2.759784221649169922e+00,2.709214925765991211e+00,2.660465240478515625e+00,2.613439321517944336e+00,2.568042278289794922e+00
5.000000000000000000e+00,5.000000000000000000e+00,5.000000000000000000e+00,5.000000000000000000e+00,5.000000000000000000e+00,5.000000000000000000e+00,5.000000000000000000e+00,5.000000000000000000e+00,5.000000000000000000e+00,5.000000000000000000e+00,5.000000000000000000e+00,5.000000000000000000e+00,5.000000000000000000e+00,5.000000000000000000e+00,5.000000000000000000e+00,5.000000000000000000e+00,5.000000000000000000e+00,5.000000000000000000e+00,5.000000000000000000e+00,5.000000000000000000e+00,5.000000000000000000e+00,5.000000000000000000e+00,5.000000000000000000e+00,5.000000000000000000e+00,5.000000000000000000e+00,5.000000000000000000e+00,5.000000000000000000e+00,5.000000000000000000e+00,5.000000000000000000e+00,5.000000000000000000e+00,5.000000000000000000e+00,5.000000000000000000e+00,5.000000000000000000e+00,5.000000000000000000e+00,5.000000000000000000e+00,5.000000000000000000e+00,5.000000000000000000e+00,5.000000000000000000e+00,5.000000000000000000e+00,5.000000000000000000e+00,5.000000000000000000e+00,5.000000000000000000e+00,5.000000000000000000e+00,5.000000000000000000e+00,5.000000000000000000e+00,5.000000000000000000e+00,5.000000000000000000e+00,5.000000000000000000e+00,5.000000000000000000e+00,5.000000000000000000e+00,5.000000000000000000e+00,4.999924182891845703e+00,4.836351871490478516e+00,4.683142662048339844e+00,4.539342403411865234e+00,4.404109954833984375e+00,4.276702404022216797e+00,4.156458854675292969e+00,4.042791366577148438e+00,3.935176134109497070e+00,3.833141565322875977e+00,3.736264228820800781e+00,3.644163370132446289e+00,3.556493520736694336e+00,3.472943067550659180e+00,3.393230199813842773e+00,3.317102432250976562e+00,3.244315862655639648e+00,3.174654960632324219e+00,3.107922554016113281e+00,3.043937921524047852e+00,2.982534646987915039e+00,2.923560142517089844e+00,2.866872072219848633e+00,2.812340736389160156e+00,2.759845256805419922e+00,2.709267616271972656e+00,2.660509586334228516e+00,2.613475799560546875e+00,2.568075656890869141e+00
5.000000000000000000e+00,5.000000000000000000e+00,5.000000000000000000e+00,5.000000000000000000e+00,5.000000000000000000e+00,5.000000000000000000e+00,5.000000000000000000e+00,5.000000000000000000e+00,5.000000000000000000e+00,5.000000000000000000e+00,5.000000000000000000e+00,5.000000000000000000e+00,5.000000000000000000e+00,5.000000000000000000e+00,5.000000000000000000e+00,5.000000000000000000e+00,5.000000000000000000e+00,5.000000000000000000e+00,5.000000000000000000e+00,5.000000000000000000e+00,5.000000000000000000e+00,5.000000000000000000e+00,5.000000000000000000e+00,5.000000000000000000e+00,5.000000000000000000e+00,5.000000000000000000e+00,5.000000000000000000e+00,5.000000000000000000e+00,5.000000000000000000e+00,5.000000000000000000e+00,5.000000000000000000e+00,5.000000000000000000e+00,5.000000000000000000e+00,5.000000000000000000e+00,5.000000000000000000e+00,5.000000000000000000e+00,5.000000000000000000e+00,5.000000000000000000e+00,5.000000000000000000e+00,5.000000000000000000e+00,5.000000000000000000e+00,5.000000000000000000e+00,5.000000000000000000e+00,5.000000000000000000e+00,5.000000000000000000e+00,5.000000000000000000e+00,5.000000000000000000e+00,5.000000000000000000e+00,5.000000000000000000e+00,5.000000000000000000e+00,5.000000000000000000e+00,5.000000000000000000e+00,4.836469173431396484e+00,4.683252334594726562e+00,4.539445877075195312e+00,4.404207229614257812e+00,4.276793956756591797e+00,4.156545162200927734e+00,4.042873859405517578e+00,3.935254096984863281e+00,3.833215236663818359e+00,3.736334085464477539e+00,3.644234657287597656e+00,3.556573390960693359e+00,3.473030328750610352e+00,3.393322229385375977e+00,3.317190408706665039e+00,3.244400024414062500e+00,3.174735307693481445e+00,3.107999801635742188e+00,3.044012069702148438e+00,2.982605695724487305e+00,2.923627853393554688e+00,2.866929769515991211e+00,2.812388896942138672e+00,2.759884357452392578e+00,2.709304571151733398e+00,2.660545110702514648e+00,2.613509893417358398e+00,2.568108558654785156e+00
5.000000000000000000e+00,5.000000000000000000e+00,5.000000000000000000e+00,5.000000000000000000e+00,5.000000000000000000e+00,5.000000000000000000e+00,5.000000000000000000e+00,5.000000000000000000e+00,5.000000000000000000e+00,5.000000000000000000e+00,5.000000000000000000e+00,5.000000000000000000e+00,5.000000000000000000e+00,5.000000000000000000e+00,5.000000000000000000e+00,5.000000000000000000e+00,5.000000000000000000e+00,5.000000000000000000e+00,5.000000000000000000e+00,5.000000000000000000e+00,5.000000000000000000e+00,5.000000000000000000e+00,5.000000000000000000e+00,5.000000000000000000e+00,5.000000000000000000e+00,5.000000000000000000e+00,5.000000000000000000e+00,5.000000000000000000e+00,5.000000000000000000e+00,5.000000000000000000e+00,5.000000000000000000e+00,5.000000000000000000e+00,5.000000000000000000e+00,5.000000000000000000e+00,5.000000000000000000e+00,5.000000000000000000e+00,5.000000000000000000e+00,5.000000000000000000e+00,5.000000000000000000e+00,5.000000000000000000e+00,5.000000000000000000e+00,5.000000000000000000e+00,5.000000000000000000e+00,5.000000000000000000e+00,5.000000000000000000e+00,5.000000000000000000e+00,5.000000000000000000e+00,5.000000000000000000e+00,5.000000000000000000e+00,5.000000000000000000e+00,5.000000000000000000e+00,5.000000000000000000e+00,4.836585998535156250e+00,4.683362483978271484e+00,4.539548873901367188e+00,4.404304504394531250e+00,4.276885509490966797e+00,4.156631946563720703e+00,4.042955398559570312e+00,3.935339927673339844e+00,3.833310604095458984e+00,3.736438035964965820e+00,3.644340753555297852e+00,3.556674480438232422e+00,3.473126649856567383e+00,3.393414020538330078e+00,3.317278385162353516e+00,3.244484186172485352e+00,3.174816131591796875e+00,3.108074903488159180e+00,3.044075489044189453e+00,2.982658624649047852e+00,2.923670768737792969e+00,2.866971015930175781e+00,2.812428474426269531e+00,2.759922742843627930e+00,2.709341287612915039e+00,2.660580635070800781e+00,2.613544225692749023e+00,2.568141937255859375e+00
5.000000000000000000e+00,5.000000000000000000e+00,5.000000000000000000e+00,5.000000000000000000e+00,5.000000000000000000e+00,5.000000000000000000e+00,5.000000000000000000e+00,5.000000000000000000e+00,5.000000000000000000e+00,5.000000000000000000e+00,5.000000000000000000e+00,5.000000000000000000e+00,5.000000000000000000e+00,5.000000000000000000e+00,5.000000000000000000e+00,5.000000000000000000e+00,5.000000000000000000e+00,5.000000000000000000e+00,5.000000000000000000e+00,5.000000000000000000e+00,5.000000000000000000e+00,5.000000000000000000e+00,5.000000000000000000e+00,5.000000000000000000e+00,5.000000000000000000e+00,5.000000000000000000e+00,5.000000000000000000e+00,5.000000000000000000e+00,5.000000000000000000e+00,5.000000000000000000e+00,5.000000000000000000e+00,5.000000000000000000e+00,5.000000000000000000e+00,5.000000000000000000e+00,5.000000000000000000e+00,5.000000000000000000e+00,5.000000000000000000e+00,5.000000000000000000e+00,5.000000000000000000e+00,5.000000000000000000e+00,5.000000000000000000e+00,5.000000000000000000e+00,5.000000000000000000e+00,5.000000000000000000e+00,5.000000000000000000e+00,5.000000000000000000e+00,5.000000000000000000e+00,5.000000000000000000e+00,5.000000000000000000e+00,5.000000000000000000e+00,5.000000000000000000e+00,5.000000000000000000e+00,4.836703777313232422e+00,4.683472633361816406e+00,4.539652347564697266e+00,4.404401779174804688e+00,4.276990890502929688e+00,4.156747341156005859e+00,4.043080329895019531e+00,3.935464143753051758e+00,3.833427906036376953e+00,3.736549615859985352e+00,3.644446849822998047e+00,3.556775569915771484e+00,3.473222970962524414e+00,3.393506050109863281e+00,3.317362308502197266e+00,3.244554281234741211e+00,3.174873828887939453e+00,3.108123540878295898e+00,3.044121980667114258e+00,2.982703208923339844e+00,2.923713684082031250e+00,2.867012500762939453e+00,2.812468290328979492e+00,2.759960889816284180e+00,2.709378480911254883e+00,2.660616397857666016e+00,2.613578557968139648e+00,2.568174839019775391e+00
5.000000000000000000e+00,5.000000000000000000e+00,5.000000000000000000e+00,5.000000000000000000e+00,5.000000000000000000e+00,5.000000000000000000e+00,5.000000000000000000e+00,5.000000000000000000e+00,5.000000000000000000e+00,5.000000000000000000e+00,5.000000000000000000e+00,5.000000000000000000e+00,5.000000000000000000e+00,5.000000000000000000e+00,5.000000000000000000e+00,5.000000000000000000e+00,5.000000000000000000e+00,5.000000000000000000e+00,5.000000000000000000e+00,5.000000000000000000e+00,5.000000000000000000e+00,5.000000000000000000e+00,5.000000000000000000e+00,5.000000000000000000e+00,5.000000000000000000e+00,5.000000000000000000e+00,5.000000000000000000e+00,5.000000000000000000e+00,5.000000000000000000e+00,5.000000000000000000e+00,5.000000000000000000e+00,5.000000000000000000e+00,5.000000000000000000e+00,5.000000000000000000e+00,5.000000000000000000e+00,5.000000000000000000e+00,5.000000000000000000e+00,5.000000000000000000e+00,5.000000000000000000e+00,5.000000000000000000e+00,5.000000000000000000e+00,5.000000000000000000e+00,5.000000000000000000e+00,5.000000000000000000e+00,5.000000000000000000e+00,5.000000000000000000e+00,5.000000000000000000e+00,5.000000000000000000e+00,5.000000000000000000e+00,5.000000000000000000e+00,5.000000000000000000e+00,5.000000000000000000e+00,4.836821079254150391e+00,4.683602809906005859e+00,4.539793968200683594e+00,4.404552936553955078e+00,4.277136802673339844e+00,4.156885623931884766e+00,4.043210983276367188e+00,3.935587882995605469e+00,3.833545446395874023e+00,3.736661195755004883e+00,3.644552946090698242e+00,3.556869745254516602e+00,3.473301649093627930e+00,3.393570184707641602e+00,3.317417383193969727e+00,3.244607448577880859e+00,3.174924612045288086e+00,3.108171939849853516e+00,3.044168472290039062e+00,2.982748031616210938e+00,2.923756599426269531e+00,2.867053508758544922e+00,2.812508106231689453e+00,2.759999275207519531e+00,2.709415197372436523e+00,2.660651683807373047e+00,2.613612890243530273e+00,2.568207979202270508e+00
5.000000000000000000e+00,5.000000000000000000e+00,5.000000000000000000e+00,5.000000000000000000e+00,5.000000000000000000e+00,5.000000000000000000e+00,5.000000000000000000e+00,5.000000000000000000e+00,5.000000000000000000e+00,5.000000000000000000e+00,5.000000000000000000e+00,5.000000000000000000e+00,5.000000000000000000e+00,5.000000000000000000e+00,5.000000000000000000e+00,5.000000000000000000e+00,5.000000000000000000e+00,5.000000000000000000e+00,5.000000000000000000e+00,5.000000000000000000e+00,5.000000000000000000e+00,5.000000000000000000e+00,5.000000000000000000e+00,5.000000000000000000e+00,5.000000000000000000e+00,5.000000000000000000e+00,5.000000000000000000e+00,5.000000000000000000e+00,5.000000000000000000e+00,5.000000000000000000e+00,5.000000000000000000e+00,5.000000000000000000e+00,5.000000000000000000e+00,5.000000000000000000e+00,5.000000000000000000e+00,5.000000000000000000e+00,5.000000000000000000e+00,5.000000000000000000e+00,5.000000000000000000e+00,5.000000000000000000e+00,5.000000000000000000e+00,5.000000000000000000e+00,5.000000000000000000e+00,5.000000000000000000e+00,5.000000000000000000e+00,5.000000000000000000e+00,5.000000000000000000e+00,5.000000000000000000e+00,5.000000000000000000e+00,5.000000000000000000e+00,5.000000000000000000e+00,5.000000000000000000e+00,4.837007999420166016e+00,4.683778285980224609e+00,4.539958477020263672e+00,4.404708385467529297e+00,4.277283668518066406e+00,4.157023429870605469e+00,4.043341159820556641e+00,3.935711622238159180e+00,3.833652257919311523e+00,3.736749649047851562e+00,3.644624948501586914e+00,3.556933164596557617e+00,3.473362207412719727e+00,3.393628358840942383e+00,3.317472696304321289e+00,3.244660139083862305e+00,3.174975156784057617e+00,3.108220577239990234e+00,3.044215202331542969e+00,2.982792377471923828e+00,2.923799753189086914e+00,2.867094993591308594e+00,2.812547683715820312e+00,2.760037422180175781e+00,2.709452152252197266e+00,2.660687446594238281e+00,2.613647222518920898e+00,2.568241119384765625e+00
5.000000000000000000e+00,5.000000000000000000e+00,5.000000000000000000e+00,5.000000000000000000e+00,5.000000000000000000e+00,5.000000000000000000e+00,5.000000000000000000e+00,5.000000000000000000e+00,5.000000000000000000e+00,5.000000000000000000e+00,5.000000000000000000e+00,5.000000000000000000e+00,5.000000000000000000e+00,5.000000000000000000e+00,5.000000000000000000e+00,5.000000000000000000e+00,5.000000000000000000e+00,5.000000000000000000e+00,5.000000000000000000e+00,5.000000000000000000e+00,5.000000000000000000e+00,5.000000000000000000e+00,5.000000000000000000e+00,5.000000000000000000e+00,5.000000000000000000e+00,5.000000000000000000e+00,5.000000000000000000e+00,5.000000000000000000e+00,5.000000000000000000e+00,5.000000000000000000e+00,5.000000000000000000e+00,5.000000000000000000e+00,5.000000000000000000e+00,5.000000000000000000e+00,5.000000000000000000e+00,5.000000000000000000e+00,5.000000000000000000e+00,5.000000000000000000e+00,5.000000000000000000e+00,5.000000000000000000e+00,5.000000000000000000e+00,5.000000000000000000e+00,5.000000000000000000e+00,5.000000000000000000e+00,5.000000000000000000e+00,5.000000000000000000e+00,5.000000000000000000e+00,5.000000000000000000e+00,5.000000000000000000e+00,5.000000000000000000e+00,5.000000000000000000e+00,5.000000000000000000e+00,4.837194919586181641e+00,4.683953285217285156e+00,4.540123462677001953e+00,4.404863357543945312e+00,4.277429580688476562e+00,4.157146453857421875e+00,4.043442249298095703e+00,3.935792922973632812e+00,3.833726167678833008e+00,3.736819744110107422e+00,3.644691467285156250e+00,3.556996822357177734e+00,3.473423004150390625e+00,3.393686056137084961e+00,3.317527770996093750e+00,3.244713068008422852e+00,3.175025939941406250e+00,3.108268976211547852e+00,3.044261932373046875e+00,2.982837200164794922e+00,2.923842430114746094e+00,2.867136001586914062e+00,2.812587499618530273e+00,2.760075807571411133e+00,2.709488868713378906e+00,2.660722732543945312e+00,2.613681554794311523e+00,2.568274259567260742e+00
5.000000000000000000e+00,5.000000000000000000e+00,5.000000000000000000e+00,5.000000000000000000e+00,5.000000000000000000e+00,5.000000000000000000e+00,5.000000000000000000e+00,5.000000000000000000e+00,5.000000000000000000e+00,5.000000000000000000e+00,5.000000000000000000e+00,5.000000000000000000e+00,5.000000000000000000e+00,5.000000000000000000e+00,5.000000000000000000e+00,5.000000000000000000e+00,5.000000000000000000e+00,5.000000000000000000e+00,5.000000000000000000e+00,5.000000000000000000e+00,5.000000000000000000e+00,5.000000000000000000e+00,5.000000000000000000e+00,5.000000000000000000e+00,5.000000000000000000e+00,5.000000000000000000e+00,5.000000000000000000e+00,5.000000000000000000e+00,5.000000000000000000e+00,5.000000000000000000e+00,5.000000000000000000e+00,5.000000000000000000e+00,5.000000000000000000e+00,5.000000000000000000e+00,5.000000000000000000e+00,5.000000000000000000e+00,5.000000000000000000e+00,5.000000000000000000e+00,5.000000000000000000e+00,5.000000000000000000e+00,5.000000000000000000e+00,5.000000000000000000e+00,5.000000000000000000e+00,5.000000000000000000e+00,5.000000000000000000e+00,5.000000000000000000e+00,5.000000000000000000e+00,5.000000000000000000e+00,5.000000000000000000e+00,5.000000000000000000e+00,5.000000000000000000e+00,5.000000000000000000e+00,4.837381839752197266e+00,4.684126377105712891e+00,4.540266513824462891e+00,4.404979705810546875e+00,4.277522087097167969e+00,4.157233238220214844e+00,4.043524265289306641e+00,3.935870409011840820e+00,3.833799839019775391e+00,3.736890077590942383e+00,3.644758224487304688e+00,3.557060241699218750e+00,3.473483324050903320e+00,3.393743991851806641e+00,3.317583322525024414e+00,3.244765758514404297e+00,3.175076246261596680e+00,3.108317613601684570e+00,3.044308185577392578e+00,2.982881784439086914e+00,2.923885583877563477e+00,2.867177486419677734e+00,2.812627315521240234e+00,2.760113954544067383e+00,2.709525823593139648e+00,2.660758495330810547e+00,2.613715648651123047e+00,2.568307399749755859e+00
5.000000000000000000e+00,5.000000000000000000e+00,5.000000000000000000e+00,5.000000000000000000e+00,5.000000000000000000e+00,5.000000000000000000e+00,5.000000000000000000e+00,5.000000000000000000e+00,5.000000000000000000e+00,5.000000000000000000e+00,5.000000000000000000e+00,5.000000000000000000e+00,5.000000000000000000e+00,5.000000000000000000e+00,5.000000000000000000e+00,5.000000000000000000e+00,5.000000000000000000e+00,5.000000000000000000e+00,5.000000000000000000e+00,5.000000000000000000e+00,5.000000000000000000e+00,5.000000000000000000e+00,5.000000000000000000e+00,5.000000000000000000e+00,5.000000000000000000e+00,5.000000000000000000e+00,5.000000000000000000e+00,5.000000000000000000e+00,5.000000000000000000e+00,5.000000000000000000e+00,5.000000000000000000e+00,5.000000000000000000e+00,5.000000000000000000e+00,5.000000000000000000e+00,5.000000000000000000e+00,5.000000000000000000e+00,5.000000000000000000e+00,5.000000000000000000e+00,5.000000000000000000e+00,5.000000000000000000e+00,5.000000000000000000e+00,5.000000000000000000e+00,5.000000000000000000e+00,5.000000000000000000e+00,5.000000000000000000e+00,5.000000000000000000e+00,5.000000000000000000e+00,5.000000000000000000e+00,5.000000000000000000e+00,5.000000000000000000e+00,5.000000000000000000e+00,5.000000000000000000e+00,4.837518215179443359e+00,4.684236526489257812e+00,4.540369987487792969e+00,4.405077457427978516e+00,4.277614116668701172e+00,4.157320022583007812e+00,4.043606281280517578e+00,3.935948371887207031e+00,3.833873987197875977e+00,3.736959934234619141e+00,3.644824743270874023e+00,3.557123899459838867e+00,3.473544120788574219e+00,3.393801689147949219e+00,3.317638397216796875e+00,3.244818925857543945e+00,3.175127029418945312e+00,3.108366012573242188e+00,3.044354915618896484e+00,2.982926607131958008e+00,2.923928499221801758e+00,2.867218732833862305e+00,2.812667131423950195e+00,2.760152339935302734e+00,2.709562540054321289e+00,2.660794019699096680e+00,2.613750219345092773e+00,2.568340539932250977e+00
5.000000000000000000e+00,5.000000000000000000e+00,5.000000000000000000e+00,5.000000000000000000e+00,5.000000000000000000e+00,5.000000000000000000e+00,5.000000000000000000e+00,5.000000000000000000e+00,5.000000000000000000e+00,5.000000000000000000e+00,5.000000000000000000e+00,5.000000000000000000e+00,5.000000000000000000e+00,5.000000000000000000e+00,5.000000000000000000e+00,5.000000000000000000e+00,5.000000000000000000e+00,5.000000000000000000e+00,5.000000000000000000e+00,5.000000000000000000e+00,5.000000000000000000e+00,5.000000000000000000e+00,5.000000000000000000e+00,5.000000000000000000e+00,5.000000000000000000e+00,5.000000000000000000e+00,5.000000000000000000e+00,5.000000000000000000e+00,5.000000000000000000e+00,5.000000000000000000e+00,5.000000000000000000e+00,5.000000000000000000e+00,5.000000000000000000e+00,5.000000000000000000e+00,5.000000000000000000e+00,5.000000000000000000e+00,5.000000000000000000e+00,5.000000000000000000e+00,5.000000000000000000e+00,5.000000000000000000e+00,5.000000000000000000e+00,5.000000000000000000e+00,5.000000000000000000e+00,5.000000000000000000e+00,5.000000000000000000e+00,5.000000000000000000e+00,5.000000000000000000e+00,5.000000000000000000e+00,5.000000000000000000e+00,5.000000000000000000e+00,5.000000000000000000e+00,5.000000000000000000e+00,4.837635993957519531e+00,4.684346675872802734e+00,4.540473461151123047e+00,4.405174732208251953e+00,4.277706146240234375e+00,4.157406806945800781e+00,4.043688297271728516e+00,3.936026096343994141e+00,3.833947420120239258e+00,3.737030267715454102e+00,3.644891738891601562e+00,3.557187318801879883e+00,3.473604440689086914e+00,3.393859624862670898e+00,3.317693948745727539e+00,3.244871616363525391e+00,3.175177812576293945e+00,3.108414649963378906e+00,3.044401407241821289e+00,2.982971191406250000e+00,2.923971414566040039e+00,2.867259979248046875e+00,2.812706708908081055e+00,2.760190486907958984e+00,2.709599494934082031e+00,2.660829544067382812e+00,2.613784313201904297e+00,2.568373680114746094e+00
5.000000000000000000e+00,5.000000000000000000e+00,5.000000000000000000e+00,5.000000000000000000e+00,5.000000000000000000e+00,5.000000000000000000e+00,5.000000000000000000e+00,5.000000000000000000e+00,5.000000000000000000e+00,5.000000000000000000e+00,5.000000000000000000e+00,5.000000000000000000e+00,5.000000000000000000e+00,5.000000000000000000e+00,5.000000000000000000e+00,5.000000000000000000e+00,5.000000000000000000e+00,5.000000000000000000e+00,5.000000000000000000e+00,5.000000000000000000e+00,5.000000000000000000e+00,5.000000000000000000e+00,5.000000000000000000e+00,5.000000000000000000e+00,5.000000000000000000e+00,5.000000000000000000e+00,5.000000000000000000e+00,5.000000000000000000e+00,5.000000000000000000e+00,5.000000000000000000e+00,5.000000000000000000e+00,5.000000000000000000e+00,5.000000000000000000e+00,5.000000000000000000e+00,5.000000000000000000e+00,5.000000000000000000e+00,5.000000000000000000e+00,5.000000000000000000e+00,5.000000000000000000e+00,5.000000000000000000e+00,5.000000000000000000e+00,5.000000000000000000e+00,5.000000000000000000e+00,5.000000000000000000e+00,5.000000000000000000e+00,5.000000000000000000e+00,5.000000000000000000e+00,5.000000000000000000e+00,5.000000000000000000e+00,5.000000000000000000e+00,5.000000000000000000e+00,5.000000000000000000e+00,4.837753295898437500e+00,4.684456825256347656e+00,4.540576934814453125e+00,4.405272006988525391e+00,4.277797698974609375e+00,4.157493591308593750e+00,4.043770790100097656e+00,3.936104059219360352e+00,3.834021568298339844e+00,3.737100124359130859e+00,3.644958257675170898e+00,3.557250976562500000e+00,3.473665237426757812e+00,3.393917322158813477e+00,3.317749261856079102e+00,3.244924545288085938e+00,3.175228357315063477e+00,3.108463048934936523e+00,3.044447898864746094e+00,2.983016014099121094e+00,2.924014329910278320e+00,2.867301225662231445e+00,2.812746524810791016e+00,2.760228872299194336e+00,2.709636211395263672e+00,2.660865068435668945e+00,2.613818645477294922e+00,2.568406820297241211e+00
5.000000000000000000e+00,5.000000000000000000e+00,5.000000000000000000e+00,5.000000000000000000e+00,5.000000000000000000e+00,5.000000000000000000e+00,5.000000000000000000e+00,5.000000000000000000e+00,5.000000000000000000e+00,5.000000000000000000e+00,5.000000000000000000e+00,5.000000000000000000e+00,5.000000000000000000e+00,5.000000000000000000e+00,5.000000000000000000e+00,5.000000000000000000e+00,5.000000000000000000e+00,5.000000000000000000e+00,5.000000000000000000e+00,5.000000000000000000e+00,5.000000000000000000e+00,5.000000000000000000e+00,5.000000000000000000e+00,5.000000000000000000e+00,5.000000000000000000e+00,5.000000000000000000e+00,5.000000000000000000e+00,5.000000000000000000e+00,5.000000000000000000e+00,5.000000000000000000e+00,5.000000000000000000e+00,5.000000000000000000e+00,5.000000000000000000e+00,5.000000000000000000e+00,5.000000000000000000e+00,5.000000000000000000e+00,5.000000000000000000e+00,5.000000000000000000e+00,5.000000000000000000e+00,5.000000000000000000e+00,5.000000000000000000e+00,5.000000000000000000e+00,5.000000000000000000e+00,5.000000000000000000e+00,5.000000000000000000e+00,5.000000000000000000e+00,5.000000000000000000e+00,5.000000000000000000e+00,5.000000000000000000e+00,5.000000000000000000e+00,5.000000000000000000e+00,5.000000000000000000e+00,4.837871074676513672e+00,4.684566974639892578e+00,4.540680408477783203e+00,4.405369758605957031e+00,4.277889728546142578e+00,4.157580375671386719e+00,4.043852806091308594e+00,3.936181545257568359e+00,3.834095001220703125e+00,3.737170457839965820e+00,3.645025253295898438e+00,3.557314395904541016e+00,3.473725795745849609e+00,3.393975257873535156e+00,3.317804336547851562e+00,3.244977474212646484e+00,3.175279140472412109e+00,3.108511686325073242e+00,3.044494390487670898e+00,2.983060598373413086e+00,2.924057245254516602e+00,2.867342710494995117e+00,2.812786102294921875e+00,2.760267019271850586e+00,2.709673404693603516e+00,2.660900592803955078e+00,2.613852977752685547e+00,2.568439960479736328e+00
5.000000000000000000e+00,5.000000000000000000e+00,5.000000000000000000e+00,5.000000000000000000e+00,5.000000000000000000e+00,5.000000000000000000e+00,5.000000000000000000e+00,5.000000000000000000e+00,5.000000000000000000e+00,5.000000000000000000e+00,5.000000000000000000e+00,5.000000000000000000e+00,5.000000000000000000e+00,5.000000000000000000e+00,5.000000000000000000e+00,5.000000000000000000e+00,5.000000000000000000e+00,5.000000000000000000e+00,5.000000000000000000e+00,5.000000000000000000e+00,5.000000000000000000e+00,5.000000000000000000e+00,5.000000000000000000e+00,5.000000000000000000e+00,5.000000000000000000e+00,5.000000000000000000e+00,5.000000000000000000e+00,5.000000000000000000e+00,5.000000000000000000e+00,5.000000000000000000e+00,5.000000000000000000e+00,5.000000000000000000e+00,5.000000000000000000e+00,5.000000000000000000e+00,5.000000000000000000e+00,5.000000000000000000e+00,5.000000000000000000e+00,5.000000000000000000e+00,5.000000000000000000e+00,5.000000000000000000e+00,5.000000000000000000e+00,5.000000000000000000e+00,5.000000000000000000e+00,5.000000000000000000e+00,5.000000000000000000e+00,5.000000000000000000e+00,5.000000000000000000e+00,5.000000000000000000e+00,5.000000000000000000e+00,5.000000000000000000e+00,5.000000000000000000e+00,5.000000000000000000e+00,4.837988376617431641e+00,4.684677124023437500e+00,4.540783882141113281e+00,4.405467033386230469e+00,4.277981758117675781e+00,4.157667160034179688e+00,4.043934822082519531e+00,3.936259508132934570e+00,3.834169149398803711e+00,3.737240552902221680e+00,3.645091772079467773e+00,3.557378053665161133e+00,3.473786354064941406e+00,3.394032955169677734e+00,3.317859888076782227e+00,3.245030403137207031e+00,3.175329685211181641e+00,3.108560085296630859e+00,3.044541120529174805e+00,2.983105421066284180e+00,2.924100160598754883e+00,2.867383718490600586e+00,2.812825918197631836e+00,2.760305404663085938e+00,2.709710121154785156e+00,2.660936117172241211e+00,2.613887310028076172e+00,2.568473100662231445e+00
5.000000000000000000e+00,5.000000000000000000e+00,5.000000000000000000e+00,5.000000000000000000e+00,5.000000000000000000e+00,5.000000000000000000e+00,5.000000000000000000e+00,5.000000000000000000e+00,5.000000000000000000e+00,5.000000000000000000e+00,5.000000000000000000e+00,5.000000000000000000e+00,5.000000000000000000e+00,5.000000000000000000e+00,5.000000000000000000e+00,5.000000000000000000e+00,5.000000000000000000e+00,5.000000000000000000e+00,5.000000000000000000e+00,5.000000000000000000e+00,5.000000000000000000e+00,5.000000000000000000e+00,5.000000000000000000e+00,5.000000000000000000e+00,5.000000000000000000e+00,5.000000000000000000e+00,5.000000000000000000e+00,5.000000000000000000e+00,5.000000000000000000e+00,5.000000000000000000e+00,5.000000000000000000e+00,5.000000000000000000e+00,5.000000000000000000e+00,5.000000000000000000e+00,5.000000000000000000e+00,5.000000000000000000e+00,5.000000000000000000e+00,5.000000000000000000e+00,5.000000000000000000e+00,5.000000000000000000e+00,5.000000000000000000e+00,5.000000000000000000e+00,5.000000000000000000e+00,5.000000000000000000e+00,5.000000000000000000e+00,5.000000000000000000e+00,5.000000000000000000e+00,5.000000000000000000e+00,5.000000000000000000e+00,5.000000000000000000e+00,5.000000000000000000e+00,5.000000000000000000e+00,4.838091850280761719e+00,4.684777736663818359e+00,4.540882110595703125e+00,4.405562400817871094e+00,4.278073787689208984e+00,4.157753944396972656e+00,4.044016838073730469e+00,3.936337232589721680e+00,3.834242820739746094e+00,3.737310886383056641e+00,3.645158529281616211e+00,3.557441473007202148e+00,3.473847150802612305e+00,3.394090890884399414e+00,3.317914962768554688e+00,3.245083093643188477e+00,3.175380468368530273e+00,3.108608722686767578e+00,3.044587612152099609e+00,2.983150005340576172e+00,2.924143314361572266e+00,2.867425203323364258e+00,2.812865495681762695e+00,2.760343551635742188e+00,2.709747076034545898e+00,2.660971879959106445e+00,2.613921642303466797e+00,2.568506240844726562e+00
5.000000000000000000e+00,5.000000000000000000e+00,5.000000000000000000e+00,5.000000000000000000e+00,5.000000000000000000e+00,5.000000000000000000e+00,5.000000000000000000e+00,5.000000000000000000e+00,5.000000000000000000e+00,5.000000000000000000e+00,5.000000000000000000e+00,5.000000000000000000e+00,5.000000000000000000e+00,5.000000000000000000e+00,5.000000000000000000e+00,5.000000000000000000e+00,5.000000000000000000e+00,5.000000000000000000e+00,5.000000000000000000e+00,5.000000000000000000e+00,5.000000000000000000e+00,5.000000000000000000e+00,5.000000000000000000e+00,5.000000000000000000e+00,5.000000000000000000e+00,5.000000000000000000e+00,5.000000000000000000e+00,5.000000000000000000e+00,5.000000000000000000e+00,5.000000000000000000e+00,5.000000000000000000e+00,5.000000000000000000e+00,5.000000000000000000e+00,5.000000000000000000e+00,5.000000000000000000e+00,5.000000000000000000e+00,5.000000000000000000e+00,5.000000000000000000e+00,5.000000000000000000e+00,5.000000000000000000e+00,5.000000000000000000e+00,5.000000000000000000e+00,5.000000000000000000e+00,5.000000000000000000e+00,5.000000000000000000e+00,5.000000000000000000e+00,5.000000000000000000e+00,5.000000000000000000e+00,5.000000000000000000e+00,5.000000000000000000e+00,5.000000000000000000e+00,5.000000000000000000e+00,4.838176727294921875e+00,4.684857368469238281e+00,4.540956974029541016e+00,4.405632972717285156e+00,4.278141498565673828e+00,4.157821178436279297e+00,4.044083118438720703e+00,3.936402797698974609e+00,3.834307670593261719e+00,3.737374544143676758e+00,3.645221471786499023e+00,3.557503700256347656e+00,3.473907709121704102e+00,3.394148588180541992e+00,3.317970514297485352e+00,3.245136260986328125e+00,3.175431013107299805e+00,3.108657121658325195e+00,3.044634103775024414e+00,2.983194828033447266e+00,2.924185991287231445e+00,2.867466449737548828e+00,2.812905550003051758e+00,2.760381937026977539e+00,2.709783792495727539e+00,2.661007404327392578e+00,2.613955974578857422e+00,2.568539381027221680e+00
5.000000000000000000e+00,5.000000000000000000e+00,5.000000000000000000e+00,5.000000000000000000e+00,5.000000000000000000e+00,5.000000000000000000e+00,5.000000000000000000e+00,5.000000000000000000e+00,5.000000000000000000e+00,5.000000000000000000e+00,5.000000000000000000e+00,5.000000000000000000e+00,5.000000000000000000e+00,5.000000000000000000e+00,5.000000000000000000e+00,5.000000000000000000e+00,5.000000000000000000e+00,5.000000000000000000e+00,5.000000000000000000e+00,5.000000000000000000e+00,5.000000000000000000e+00,5.000000000000000000e+00,5.000000000000000000e+00,5.000000000000000000e+00,5.000000000000000000e+00,5.000000000000000000e+00,5.000000000000000000e+00,5.000000000000000000e+00,5.000000000000000000e+00,5.000000000000000000e+00,5.000000000000000000e+00,5.000000000000000000e+00,5.000000000000000000e+00,5.000000000000000000e+00,5.000000000000000000e+00,5.000000000000000000e+00,5.000000000000000000e+00,5.000000000000000000e+00,5.000000000000000000e+00,5.000000000000000000e+00,5.000000000000000000e+00,5.000000000000000000e+00,5.000000000000000000e+00,5.000000000000000000e+00,5.000000000000000000e+00,5.000000000000000000e+00,5.000000000000000000e+00,5.000000000000000000e+00,5.000000000000000000e+00,5.000000000000000000e+00,5.000000000000000000e+00,5.000000000000000000e+00,4.838262081146240234e+00,4.684937477111816406e+00,4.541031837463378906e+00,4.405703544616699219e+00,4.278208255767822266e+00,4.157884120941162109e+00,4.044142723083496094e+00,3.936459064483642578e+00,3.834361076354980469e+00,3.737425327301025391e+00,3.645269870758056641e+00,3.557549715042114258e+00,3.473952293395996094e+00,3.394193410873413086e+00,3.318014621734619141e+00,3.245180368423461914e+00,3.175475120544433594e+00,3.108701229095458984e+00,3.044677734375000000e+00,2.983238220214843750e+00,2.924229145050048828e+00,2.867507696151733398e+00,2.812945127487182617e+00,2.760420083999633789e+00,2.709820747375488281e+00,2.661042928695678711e+00,2.613990306854248047e+00,2.568572521209716797e+00
5.000000000000000000e+00,5.000000000000000000e+00,5.000000000000000000e+00,5.000000000000000000e+00,5.000000000000000000e+00,5.000000000000000000e+00,5.000000000000000000e+00,5.000000000000000000e+00,5.000000000000000000e+00,5.000000000000000000e+00,5.000000000000000000e+00,5.000000000000000000e+00,5.000000000000000000e+00,5.000000000000000000e+00,5.000000000000000000e+00,5.000000000000000000e+00,5.000000000000000000e+00,5.000000000000000000e+00,5.000000000000000000e+00,5.000000000000000000e+00,5.000000000000000000e+00,5.000000000000000000e+00,5.000000000000000000e+00,5.000000000000000000e+00,5.000000000000000000e+00,5.000000000000000000e+00,5.000000000000000000e+00,5.000000000000000000e+00,5.000000000000000000e+00,5.000000000000000000e+00,5.000000000000000000e+00,5.000000000000000000e+00,5.000000000000000000e+00,5.000000000000000000e+00,5.000000000000000000e+00,5.000000000000000000e+00,5.000000000000000000e+00,5.000000000000000000e+00,5.000000000000000000e+00,5.000000000000000000e+00,5.000000000000000000e+00,5.000000000000000000e+00,5.000000000000000000e+00,5.000000000000000000e+00,5.000000000000000000e+00,5.000000000000000000e+00,5.000000000000000000e+00,5.000000000000000000e+00,5.000000000000000000e+00,5.000000000000000000e+00,5.000000000000000000e+00,5.000000000000000000e+00,4.838347434997558594e+00,4.685017585754394531e+00,4.541107177734375000e+00,4.405774116516113281e+00,4.278274536132812500e+00,4.157946586608886719e+00,4.044202327728271484e+00,3.936515569686889648e+00,3.834414482116699219e+00,3.737476110458374023e+00,3.645318269729614258e+00,3.557595729827880859e+00,3.473996162414550781e+00,3.394235134124755859e+00,3.318054676055908203e+00,3.245218753814697266e+00,3.175511837005615234e+00,3.108736276626586914e+00,3.044711589813232422e+00,2.983270645141601562e+00,2.924260377883911133e+00,2.867539405822753906e+00,2.812976837158203125e+00,2.760452032089233398e+00,2.709852695465087891e+00,2.661075115203857422e+00,2.614022254943847656e+00,2.568604707717895508e+00
5.000000000000000000e+00,5.000000000000000000e+00,5.000000000000000000e+00,5.000000000000000000e+00,5.000000000000000000e+00,5.000000000000000000e+00,5.000000000000000000e+00,5.000000000000000000e+00,5.000000000000000000e+00,5.000000000000000000e+00,5.000000000000000000e+00,5.000000000000000000e+00,5.000000000000000000e+00,5.000000000000000000e+00,5.000000000000000000e+00,5.000000000000000000e+00,5.000000000000000000e+00,5.000000000000000000e+00,5.000000000000000000e+00,5.000000000000000000e+00,5.000000000000000000e+00,5.000000000000000000e+00,5.000000000000000000e+00,5.000000000000000000e+00,5.000000000000000000e+00,5.000000000000000000e+00,5.000000000000000000e+00,5.000000000000000000e+00,5.000000000000000000e+00,5.000000000000000000e+00,5.000000000000000000e+00,5.000000000000000000e+00,5.000000000000000000e+00,5.000000000000000000e+00,5.000000000000000000e+00,5.000000000000000000e+00,5.000000000000000000e+00,5.000000000000000000e+00,5.000000000000000000e+00,5.000000000000000000e+00,5.000000000000000000e+00,5.000000000000000000e+00,5.000000000000000000e+00,5.000000000000000000e+00,5.000000000000000000e+00,5.000000000000000000e+00,5.000000000000000000e+00,5.000000000000000000e+00,5.000000000000000000e+00,5.000000000000000000e+00,5.000000000000000000e+00,5.000000000000000000e+00,4.838432312011718750e+00,4.685097217559814453e+00,4.541182518005371094e+00,4.405845165252685547e+00,4.278341293334960938e+00,4.158009529113769531e+00,4.044261455535888672e+00,3.936571836471557617e+00,3.834467887878417969e+00,3.737526893615722656e+00,3.645366430282592773e+00,3.557641744613647461e+00,3.474040031433105469e+00,3.394277095794677734e+00,3.318094730377197266e+00,3.245256900787353516e+00,3.175548315048217773e+00,3.108771562576293945e+00,3.044745206832885742e+00,2.983303070068359375e+00,2.924291610717773438e+00,2.867569208145141602e+00,2.813005685806274414e+00,2.760479688644409180e+00,2.709879398345947266e+00,2.661100864410400391e+00,2.614047288894653320e+00,2.568628549575805664e+00
5.000000000000000000e+00,5.000000000000000000e+00,5.000000000000000000e+00,5.000000000000000000e+00,5.000000000000000000e+00,5.000000000000000000e+00,5.000000000000000000e+00,5.000000000000000000e+00,5.000000000000000000e+00,5.000000000000000000e+00,5.000000000000000000e+00,5.000000000000000000e+00,5.000000000000000000e+00,5.000000000000000000e+00,5.000000000000000000e+00,5.000000000000000000e+00,5.000000000000000000e+00,5.000000000000000000e+00,5.000000000000000000e+00,5.000000000000000000e+00,5.000000000000000000e+00,5.000000000000000000e+00,5.000000000000000000e+00,5.000000000000000000e+00,5.000000000000000000e+00,5.000000000000000000e+00,5.000000000000000000e+00,5.000000000000000000e+00,5.000000000000000000e+00,5.000000000000000000e+00,5.000000000000000000e+00,5.000000000000000000e+00,5.000000000000000000e+00,5.000000000000000000e+00,5.000000000000000000e+00,5.000000000000000000e+00,5.000000000000000000e+00,5.000000000000000000e+00,5.000000000000000000e+00,5.000000000000000000e+00,5.000000000000000000e+00,5.000000000000000000e+00,5.000000000000000000e+00,5.000000000000000000e+00,5.000000000000000000e+00,5.000000000000000000e+00,5.000000000000000000e+00,5.000000000000000000e+00,5.000000000000000000e+00,5.000000000000000000e+00,5.000000000000000000e+00,5.000000000000000000e+00,4.838517665863037109e+00,4.685176849365234375e+00,4.541257381439208984e+00,4.405915737152099609e+00,4.278408050537109375e+00,4.158072948455810547e+00,4.044321060180664062e+00,3.936628103256225586e+00,3.834521532058715820e+00,3.737577676773071289e+00,3.645414829254150391e+00,3.557687759399414062e+00,3.474083900451660156e+00,3.394319057464599609e+00,3.318134784698486328e+00,3.245295286178588867e+00,3.175585031509399414e+00,3.108806610107421875e+00,3.044779062271118164e+00,2.983335256576538086e+00,2.924322605133056641e+00,2.867599248886108398e+00,2.813034534454345703e+00,2.760507583618164062e+00,2.709906101226806641e+00,2.661126613616943359e+00,2.614072084426879883e+00,2.568652629852294922e+00
5.000000000000000000e+00,5.000000000000000000e+00,5.000000000000000000e+00,5.000000000000000000e+00,5.000000000000000000e+00,5.000000000000000000e+00,5.000000000000000000e+00,5.000000000000000000e+00,5.000000000000000000e+00,5.000000000000000000e+00,5.000000000000000000e+00,5.000000000000000000e+00,5.000000000000000000e+00,5.000000000000000000e+00,5.000000000000000000e+00,5.000000000000000000e+00,5.000000000000000000e+00,5.000000000000000000e+00,5.000000000000000000e+00,5.000000000000000000e+00,5.000000000000000000e+00,5.000000000000000000e+00,5.000000000000000000e+00,5.000000000000000000e+00,5.000000000000000000e+00,5.000000000000000000e+00,5.000000000000000000e+00,5.000000000000000000e+00,5.000000000000000000e+00,5.000000000000000000e+00,5.000000000000000000e+00,5.000000000000000000e+00,5.000000000000000000e+00,5.000000000000000000e+00,5.000000000000000000e+00,5.000000000000000000e+00,5.000000000000000000e+00,5.000000000000000000e+00,5.000000000000000000e+00,5.000000000000000000e+00,5.000000000000000000e+00,5.000000000000000000e+00,5.000000000000000000e+00,5.000000000000000000e+00,5.000000000000000000e+00,5.000000000000000000e+00,5.000000000000000000e+00,5.000000000000000000e+00,5.000000000000000000e+00,5.000000000000000000e+00,5.000000000000000000e+00,5.000000000000000000e+00,4.838602542877197266e+00,4.685256958007812500e+00,4.541332244873046875e+00,4.405986309051513672e+00,4.278474330902099609e+00,4.158135414123535156e+00,4.044380664825439453e+00,3.936684370040893555e+00,3.834574937820434570e+00,3.737628459930419922e+00,3.645463228225708008e+00,3.557733774185180664e+00,3.474127769470214844e+00,3.394360780715942383e+00,3.318174839019775391e+00,3.245333671569824219e+00,3.175621747970581055e+00,3.108841657638549805e+00,3.044812679290771484e+00,2.983367681503295898e+00,2.924353599548339844e+00,2.867629051208496094e+00,2.813063144683837891e+00,2.760535240173339844e+00,2.709932804107666016e+00,2.661152362823486328e+00,2.614096879959106445e+00,2.568676710128784180e+00
5.000000000000000000e+00,5.000000000000000000e+00,5.000000000000000000e+00,5.000000000000000000e+00,5.000000000000000000e+00,5.000000000000000000e+00,5.000000000000000000e+00,5.000000000000000000e+00,5.000000000000000000e+00,5.000000000000000000e+00,5.000000000000000000e+00,5.000000000000000000e+00,5.000000000000000000e+00,5.000000000000000000e+00,5.000000000000000000e+00,5.000000000000000000e+00,5.000000000000000000e+00,5.000000000000000000e+00,5.000000000000000000e+00,5.000000000000000000e+00,5.000000000000000000e+00,5.000000000000000000e+00,5.000000000000000000e+00,5.000000000000000000e+00,5.000000000000000000e+00,5.000000000000000000e+00,5.000000000000000000e+00,5.000000000000000000e+00,5.000000000000000000e+00,5.000000000000000000e+00,5.000000000000000000e+00,5.000000000000000000e+00,5.000000000000000000e+00,5.000000000000000000e+00,5.000000000000000000e+00,5.000000000000000000e+00,5.000000000000000000e+00,5.000000000000000000e+00,5.000000000000000000e+00,5.000000000000000000e+00,5.000000000000000000e+00,5.000000000000000000e+00,5.000000000000000000e+00,5.000000000000000000e+00,5.000000000000000000e+00,5.000000000000000000e+00,5.000000000000000000e+00,5.000000000000000000e+00,5.000000000000000000e+00,5.000000000000000000e+00,5.000000000000000000e+00,5.000000000000000000e+00,4.838687896728515625e+00,4.685336589813232422e+00,4.541407108306884766e+00,4.406056880950927734e+00,4.278541088104248047e+00,4.158198356628417969e+00,4.044440269470214844e+00,3.936740875244140625e+00,3.834628343582153320e+00,3.737679243087768555e+00,3.645511388778686523e+00,3.557779788970947266e+00,3.474171638488769531e+00,3.394402742385864258e+00,3.318214893341064453e+00,3.245371818542480469e+00,3.175658464431762695e+00,3.108876943588256836e+00,3.044846296310424805e+00,2.983400106430053711e+00,2.924384832382202148e+00,2.867659091949462891e+00,2.813091993331909180e+00,2.760562896728515625e+00,2.709959506988525391e+00,2.661178112030029297e+00,2.614121675491333008e+00,2.568700551986694336e+00
5.000000000000000000e+00,5.000000000000000000e+00,5.000000000000000000e+00,5.000000000000000000e+00,5.000000000000000000e+00,5.000000000000000000e+00,5.000000000000000000e+00,5.000000000000000000e+00,5.000000000000000000e+00,5.000000000000000000e+00,5.000000000000000000e+00,5.000000000000000000e+00,5.000000000000000000e+00,5.000000000000000000e+00,5.000000000000000000e+00,5.000000000000000000e+00,5.000000000000000000e+00,5.000000000000000000e+00,5.000000000000000000e+00,5.000000000000000000e+00,5.000000000000000000e+00,5.000000000000000000e+00,5.000000000000000000e+00,5.000000000000000000e+00,5.000000000000000000e+00,5.000000000000000000e+00,5.000000000000000000e+00,5.000000000000000000e+00,5.000000000000000000e+00,5.000000000000000000e+00,5.000000000000000000e+00,5.000000000000000000e+00,5.000000000000000000e+00,5.000000000000000000e+00,5.000000000000000000e+00,5.000000000000000000e+00,5.000000000000000000e+00,5.000000000000000000e+00,5.000000000000000000e+00,5.000000000000000000e+00,5.000000000000000000e+00,5.000000000000000000e+00,5.000000000000000000e+00,5.000000000000000000e+00,5.000000000000000000e+00,5.000000000000000000e+00,5.000000000000000000e+00,5.000000000000000000e+00,5.000000000000000000e+00,5.000000000000000000e+00,5.000000000000000000e+00,5.000000000000000000e+00,4.838772773742675781e+00,4.685416698455810547e+00,4.541482448577880859e+00,4.406127452850341797e+00,4.278607845306396484e+00,4.158261299133300781e+00,4.044499874114990234e+00,3.936797142028808594e+00,3.834681749343872070e+00,3.737730026245117188e+00,3.645559787750244141e+00,3.557825803756713867e+00,3.474215507507324219e+00,3.394444704055786133e+00,3.318254947662353516e+00,3.245410203933715820e+00,3.175695180892944336e+00,3.108911991119384766e+00,3.044880151748657227e+00,2.983432531356811523e+00,2.924415826797485352e+00,2.867688894271850586e+00,2.813120841979980469e+00,2.760590553283691406e+00,2.709986209869384766e+00,2.661203861236572266e+00,2.614146709442138672e+00,2.568724632263183594e+00
5.000000000000000000e+00,5.000000000000000000e+00,5.000000000000000000e+00,5.000000000000000000e+00,5.000000000000000000e+00,5.000000000000000000e+00,5.000000000000000000e+00,5.000000000000000000e+00,5.000000000000000000e+00,5.000000000000000000e+00,5.000000000000000000e+00,5.000000000000000000e+00,5.000000000000000000e+00,5.000000000000000000e+00,5.000000000000000000e+00,5.000000000000000000e+00,5.000000000000000000e+00,5.000000000000000000e+00,5.000000000000000000e+00,5.000000000000000000e+00,5.000000000000000000e+00,5.000000000000000000e+00,5.000000000000000000e+00,5.000000000000000000e+00,5.000000000000000000e+00,5.000000000000000000e+00,5.000000000000000000e+00,5.000000000000000000e+00,5.000000000000000000e+00,5.000000000000000000e+00,5.000000000000000000e+00,5.000000000000000000e+00,5.000000000000000000e+00,5.000000000000000000e+00,5.000000000000000000e+00,5.000000000000000000e+00,5.000000000000000000e+00,5.000000000000000000e+00,5.000000000000000000e+00,5.000000000000000000e+00,5.000000000000000000e+00,5.000000000000000000e+00,5.000000000000000000e+00,5.000000000000000000e+00,5.000000000000000000e+00,5.000000000000000000e+00,5.000000000000000000e+00,5.000000000000000000e+00,5.000000000000000000e+00,5.000000000000000000e+00,5.000000000000000000e+00,5.000000000000000000e+00,4.838858127593994141e+00,4.685496330261230469e+00,4.541557312011718750e+00,4.406198024749755859e+00,4.278674125671386719e+00,4.158324241638183594e+00,4.044559478759765625e+00,3.936853408813476562e+00,3.834735393524169922e+00,3.737780809402465820e+00,3.645608186721801758e+00,3.557871818542480469e+00,3.474259376525878906e+00,3.394486427307128906e+00,3.318295001983642578e+00,3.245448589324951172e+00,3.175731658935546875e+00,3.108947277069091797e+00,3.044913768768310547e+00,2.983464717864990234e+00,2.924447059631347656e+00,2.867718696594238281e+00,2.813149452209472656e+00,2.760618209838867188e+00,2.710012912750244141e+00,2.661229610443115234e+00,2.614171504974365234e+00,2.568748474121093750e+00
5.000000000000000000e+00,5.000000000000000000e+00,5.000000000000000000e+00,5.000000000000000000e+00,5.000000000000000000e+00,5.000000000000000000e+00,5.000000000000000000e+00,5.000000000000000000e+00,5.000000000000000000e+00,5.000000000000000000e+00,5.000000000000000000e+00,5.000000000000000000e+00,5.000000000000000000e+00,5.000000000000000000e+00,5.000000000000000000e+00,5.000000000000000000e+00,5.000000000000000000e+00,5.000000000000000000e+00,5.000000000000000000e+00,5.000000000000000000e+00,5.000000000000000000e+00,5.000000000000000000e+00,5.000000000000000000e+00,5.000000000000000000e+00,5.000000000000000000e+00,5.000000000000000000e+00,5.000000000000000000e+00,5.000000000000000000e+00,5.000000000000000000e+00,5.000000000000000000e+00,5.000000000000000000e+00,5.000000000000000000e+00,5.000000000000000000e+00,5.000000000000000000e+00,5.000000000000000000e+00,5.000000000000000000e+00,5.000000000000000000e+00,5.000000000000000000e+00,5.000000000000000000e+00,5.000000000000000000e+00,5.000000000000000000e+00,5.000000000000000000e+00,5.000000000000000000e+00,5.000000000000000000e+00,5.000000000000000000e+00,5.000000000000000000e+00,5.000000000000000000e+00,5.000000000000000000e+00,5.000000000000000000e+00,5.000000000000000000e+00,5.000000000000000000e+00,5.000000000000000000e+00,4.838943481445312500e+00,4.685575962066650391e+00,4.541632175445556641e+00,4.406268596649169922e+00,4.278740882873535156e+00,4.158387184143066406e+00,4.044618606567382812e+00,3.936909914016723633e+00,3.834788799285888672e+00,3.737831592559814453e+00,3.645656347274780273e+00,3.557917833328247070e+00,3.474303245544433594e+00,3.394528388977050781e+00,3.318335056304931641e+00,3.245486736297607422e+00,3.175768375396728516e+00,3.108982324600219727e+00,3.044947385787963867e+00,2.983497142791748047e+00,2.924478054046630859e+00,2.867748737335205078e+00,2.813178300857543945e+00,2.760646104812622070e+00,2.710039615631103516e+00,2.661255359649658203e+00,2.614196300506591797e+00,2.568772554397583008e+00
5.000000000000000000e+00,5.000000000000000000e+00,5.000000000000000000e+00,5.000000000000000000e+00,5.000000000000000000e+00,5.000000000000000000e+00,5.000000000000000000e+00,5.000000000000000000e+00,5.000000000000000000e+00,5.000000000000000000e+00,5.000000000000000000e+00,5.000000000000000000e+00,5.000000000000000000e+00,5.000000000000000000e+00,5.000000000000000000e+00,5.000000000000000000e+00,5.000000000000000000e+00,5.000000000000000000e+00,5.000000000000000000e+00,5.000000000000000000e+00,5.000000000000000000e+00,5.000000000000000000e+00,5.000000000000000000e+00,5.000000000000000000e+00,5.000000000000000000e+00,5.000000000000000000e+00,5.000000000000000000e+00,5.000000000000000000e+00,5.000000000000000000e+00,5.000000000000000000e+00,5.000000000000000000e+00,5.000000000000000000e+00,5.000000000000000000e+00,5.000000000000000000e+00,5.000000000000000000e+00,5.000000000000000000e+00,5.000000000000000000e+00,5.000000000000000000e+00,5.000000000000000000e+00,5.000000000000000000e+00,5.000000000000000000e+00,5.000000000000000000e+00,5.000000000000000000e+00,5.000000000000000000e+00,5.000000000000000000e+00,5.000000000000000000e+00,5.000000000000000000e+00,5.000000000000000000e+00,5.000000000000000000e+00,5.000000000000000000e+00,5.000000000000000000e+00,5.000000000000000000e+00,4.839028358459472656e+00,4.685656070709228516e+00,4.541707038879394531e+00,4.406339168548583984e+00,4.278807163238525391e+00,4.158450126647949219e+00,4.044678211212158203e+00,3.936966180801391602e+00,3.834842205047607422e+00,3.737882375717163086e+00,3.645704746246337891e+00,3.557963848114013672e+00,3.474347114562988281e+00,3.394570350646972656e+00,3.318375110626220703e+00,3.245525121688842773e+00,3.175805091857910156e+00,3.109017372131347656e+00,3.044981241226196289e+00,2.983529567718505859e+00,2.924509286880493164e+00,2.867778539657592773e+00,2.813207149505615234e+00,2.760673761367797852e+00,2.710066318511962891e+00,2.661281108856201172e+00,2.614221096038818359e+00,2.568796634674072266e+00
5.000000000000000000e+00,5.000000000000000000e+00,5.000000000000000000e+00,5.000000000000000000e+00,5.000000000000000000e+00,5.000000000000000000e+00,5.000000000000000000e+00,5.000000000000000000e+00,5.000000000000000000e+00,5.000000000000000000e+00,5.000000000000000000e+00,5.000000000000000000e+00,5.000000000000000000e+00,5.000000000000000000e+00,5.000000000000000000e+00,5.000000000000000000e+00,5.000000000000000000e+00,5.000000000000000000e+00,5.000000000000000000e+00,5.000000000000000000e+00,5.000000000000000000e+00,5.000000000000000000e+00,5.000000000000000000e+00,5.000000000000000000e+00,5.000000000000000000e+00,5.000000000000000000e+00,5.000000000000000000e+00,5.000000000000000000e+00,5.000000000000000000e+00,5.000000000000000000e+00,5.000000000000000000e+00,5.000000000000000000e+00,5.000000000000000000e+00,5.000000000000000000e+00,5.000000000000000000e+00,5.000000000000000000e+00,5.000000000000000000e+00,5.000000000000000000e+00,5.000000000000000000e+00,5.000000000000000000e+00,5.000000000000000000e+00,5.000000000000000000e+00,5.000000000000000000e+00,5.000000000000000000e+00,5.000000000000000000e+00,5.000000000000000000e+00,5.000000000000000000e+00,5.000000000000000000e+00,5.000000000000000000e+00,5.000000000000000000e+00,5.000000000000000000e+00,5.000000000000000000e+00,4.839113712310791016e+00,4.685735702514648438e+00,4.541782379150390625e+00,4.406409740447998047e+00,4.278873920440673828e+00,4.158512592315673828e+00,4.044737815856933594e+00,3.937022686004638672e+00,3.834895610809326172e+00,3.737933158874511719e+00,3.645753145217895508e+00,3.558009862899780273e+00,3.474390983581542969e+00,3.394612312316894531e+00,3.318415164947509766e+00,3.245563268661499023e+00,3.175841808319091797e+00,3.109052658081054688e+00,3.045014858245849609e+00,2.983561992645263672e+00,2.924540281295776367e+00,2.867808580398559570e+00,2.813235759735107422e+00,2.760701417922973633e+00,2.710093021392822266e+00,2.661306858062744141e+00,2.614245891571044922e+00,2.568820476531982422e+00
5.000000000000000000e+00,5.000000000000000000e+00,5.000000000000000000e+00,5.000000000000000000e+00,5.000000000000000000e+00,5.000000000000000000e+00,5.000000000000000000e+00,5.000000000000000000e+00,5.000000000000000000e+00,5.000000000000000000e+00,5.000000000000000000e+00,5.000000000000000000e+00,5.000000000000000000e+00,5.000000000000000000e+00,5.000000000000000000e+00,5.000000000000000000e+00,5.000000000000000000e+00,5.000000000000000000e+00,5.000000000000000000e+00,5.000000000000000000e+00,5.000000000000000000e+00,5.000000000000000000e+00,5.000000000000000000e+00,5.000000000000000000e+00,5.000000000000000000e+00,5.000000000000000000e+00,5.000000000000000000e+00,5.000000000000000000e+00,5.000000000000000000e+00,5.000000000000000000e+00,5.000000000000000000e+00,5.000000000000000000e+00,5.000000000000000000e+00,5.000000000000000000e+00,5.000000000000000000e+00,5.000000000000000000e+00,5.000000000000000000e+00,5.000000000000000000e+00,5.000000000000000000e+00,5.000000000000000000e+00,5.000000000000000000e+00,5.000000000000000000e+00,5.000000000000000000e+00,5.000000000000000000e+00,5.000000000000000000e+00,5.000000000000000000e+00,5.000000000000000000e+00,5.000000000000000000e+00,5.000000000000000000e+00,5.000000000000000000e+00,5.000000000000000000e+00,5.000000000000000000e+00,4.839198589324951172e+00,4.685815811157226562e+00,4.541857242584228516e+00,4.406480312347412109e+00,4.278940677642822266e+00,4.158575534820556641e+00,4.044797420501708984e+00,3.937078952789306641e+00,3.834949254989624023e+00,3.737984180450439453e+00,3.645801305770874023e+00,3.558055877685546875e+00,3.474435091018676758e+00,3.394654035568237305e+00,3.318454980850219727e+00,3.245601654052734375e+00,3.175878524780273438e+00,3.109087705612182617e+00,3.045048713684082031e+00,2.983594179153442383e+00,2.924571275711059570e+00,2.867838382720947266e+00,2.813264608383178711e+00,2.760729074478149414e+00,2.710119724273681641e+00,2.661332607269287109e+00,2.614270925521850586e+00,2.568844556808471680e+00
4.874082088470458984e+00,4.872869968414306641e+00,4.871657848358154297e+00,4.870446681976318359e+00,4.869235992431640625e+00,4.868026256561279297e+00,4.866816997528076172e+00,4.865608215332031250e+00,4.864399909973144531e+00,4.863192558288574219e+00,4.861985683441162109e+00,4.860779285430908203e+00,4.859573364257812500e+00,4.858368396759033203e+00,4.857163906097412109e+00,4.855960369110107422e+00,4.854756832122802734e+00,4.853554248809814453e+00,4.852352142333984375e+00,4.851150512695312500e+00,4.849949836730957031e+00,4.848749160766601562e+00,4.847549438476562500e+00,4.846350193023681641e+00,4.845151901245117188e+00,4.843953609466552734e+00,4.842756271362304688e+00,4.841559410095214844e+00,4.840363502502441406e+00,4.839167594909667969e+00,4.837972640991210938e+00,4.836778640747070312e+00,4.835584640502929688e+00,4.834391117095947266e+00,4.833198547363281250e+00,4.832006454467773438e+00,4.830814838409423828e+00,4.829624176025390625e+00,4.828433513641357422e+00,4.827244281768798828e+00,4.826055049896240234e+00,4.824866294860839844e+00,4.823678493499755859e+00,4.822491168975830078e+00,4.821304321289062500e+00,4.820117950439453125e+00,4.818932533264160156e+00,4.817747592926025391e+00,4.816563129425048828e+00,4.815379142761230469e+00,4.814195632934570312e+00,4.813013076782226562e+00,4.811830997467041016e+00,4.685895442962646484e+00,4.541932106018066406e+00,4.406550884246826172e+00,4.279006958007812500e+00,4.158638477325439453e+00,4.044856548309326172e+00,3.937135219573974609e+00,3.835002660751342773e+00,3.738034963607788086e+00,3.645849704742431641e+00,3.558101892471313477e+00,3.474478960037231445e+00,3.394695997238159180e+00,3.318495035171508789e+00,3.245640039443969727e+00,3.175915002822875977e+00,3.109122991561889648e+00,3.045082330703735352e+00,2.983626604080200195e+00,2.924602508544921875e+00,2.867868423461914062e+00,2.813293457031250000e+00,2.760756969451904297e+00,2.710146427154541016e+00,2.661358356475830078e+00,2.614295721054077148e+00,2.568868637084960938e+00
3.777586698532104492e+00,3.776858091354370117e+00,3.776130437850952148e+00,3.775402784347534180e+00,3.774675130844116211e+00,3.773947954177856445e+00,3.773221492767333984e+00,3.772494792938232422e+00,3.771768331527709961e+00,3.771042108535766602e+00,3.770316839218139648e+00,3.769591093063354492e+00,3.768865823745727539e+00,3.768140792846679688e+00,3.767416477203369141e+00,3.766692161560058594e+00,3.765967845916748047e+00,3.765244483947753906e+00,3.764520883560180664e+00,3.763797521591186523e+00,3.763074398040771484e+00,3.762351989746093750e+00,3.761629581451416016e+00,3.760907411575317383e+00,3.760185480117797852e+00,3.759464263916015625e+00,3.758742809295654297e+00,3.758021593093872070e+00,3.757300853729248047e+00,3.756580591201782227e+00,3.755860328674316406e+00,3.755140304565429688e+00,3.754420995712280273e+00,3.753701448440551758e+00,3.752982378005981445e+00,3.752263307571411133e+00,3.751545190811157227e+00,3.750826835632324219e+00,3.750108718872070312e+00,3.749390840530395508e+00,3.748673677444458008e+00,3.747956514358520508e+00,3.747239589691162109e+00,3.746522903442382812e+00,3.745806694030761719e+00,3.745090723037719727e+00,3.744374752044677734e+00,3.743659496307373047e+00,3.742944240570068359e+00,3.742229223251342773e+00,3.741514205932617188e+00,3.740800142288208008e+00,3.740086078643798828e+00,3.739372014999389648e+00,3.738658428192138672e+00,3.737945318222045898e+00,3.737232208251953125e+00,3.736519098281860352e+00,3.735806703567504883e+00,3.735094785690307617e+00,3.734382629394531250e+00,3.733670711517333984e+00,3.645898103713989258e+00,3.558147907257080078e+00,3.474522829055786133e+00,3.394737958908081055e+00,3.318535089492797852e+00,3.245678186416625977e+00,3.175951719284057617e+00,3.109158039093017578e+00,3.045115947723388672e+00,2.983659029006958008e+00,2.924633502960205078e+00,2.867898225784301758e+00,2.813322067260742188e+00,2.760784626007080078e+00,2.710173130035400391e+00,2.661384105682373047e+00,2.614320516586303711e+00,2.568892478942871094e+00
3.083833694458007812e+00,3.083348274230957031e+00,3.082863092422485352e+00,3.082378149032592773e+00,3.081893205642700195e+00,3.081408262252807617e+00,3.080923795700073242e+00,3.080439567565917969e+00,3.079955101013183594e+00,3.079470872879028320e+00,3.078986883163452148e+00,3.078503370285034180e+00,3.078019618988037109e+00,3.077535867691040039e+00,3.077052354812622070e+00,3.076569557189941406e+00,3.076086282730102539e+00,3.075603246688842773e+00,3.075120687484741211e+00,3.074638128280639648e+00,3.074155569076538086e+00,3.073673248291015625e+00,3.073191165924072266e+00,3.072709083557128906e+00,3.072227239608764648e+00,3.071745395660400391e+00,3.071264028549194336e+00,3.070782661437988281e+00,3.070301294326782227e+00,3.069820165634155273e+00,3.069339275360107422e+00,3.068858385086059570e+00,3.068377733230590820e+00,3.067897319793701172e+00,3.067416906356811523e+00,3.066936731338500977e+00,3.066456556320190430e+00,3.065976858139038086e+00,3.065497159957885742e+00,3.065017461776733398e+00,3.064538002014160156e+00,3.064059019088745117e+00,3.063579797744750977e+00,3.063100576400756836e+00,3.062621831893920898e+00,3.062143325805664062e+00,3.061664581298828125e+00,3.061186075210571289e+00,3.060708045959472656e+00,3.060230016708374023e+00,3.059751987457275391e+00,3.059273958206176758e+00,3.058796644210815430e+00,3.058319091796875000e+00,3.057841539382934570e+00,3.057364225387573242e+00,3.056887388229370117e+00,3.056410551071166992e+00,3.055933713912963867e+00,3.055456876754760742e+00,3.054980754852294922e+00,3.054504394531250000e+00,3.054028034210205078e+00,3.053552150726318359e+00,3.053076267242431641e+00,3.052600383758544922e+00,3.052124738693237305e+00,3.051649570465087891e+00,3.051174163818359375e+00,3.050698995590209961e+00,3.045149803161621094e+00,2.983691453933715820e+00,2.924664735794067383e+00,2.867928028106689453e+00,2.813350915908813477e+00,2.760812282562255859e+00,2.710199832916259766e+00,2.661409854888916016e+00,2.614345312118530273e+00,2.568916559219360352e+00
2.605359792709350586e+00,2.605013370513916016e+00,2.604666948318481445e+00,2.604320764541625977e+00,2.603974580764770508e+00,2.603628635406494141e+00,2.603282451629638672e+00,2.602936506271362305e+00,2.602591037750244141e+00,2.602245092391967773e+00,2.601899623870849609e+00,2.601553916931152344e+00,2.601208686828613281e+00,2.600863218307495117e+00,2.600517988204956055e+00,2.600172996520996094e+00,2.599828004837036133e+00,2.599483013153076172e+00,2.599138021469116211e+00,2.598793268203735352e+00,2.598448514938354492e+00,2.598104000091552734e+00,2.597759246826171875e+00,2.597415208816528320e+00,2.597070693969726562e+00,2.596726417541503906e+00,2.596382141113281250e+00,2.596038341522216797e+00,2.595694303512573242e+00,2.595350503921508789e+00,2.595006704330444336e+00,2.594663143157958984e+00,2.594319343566894531e+00,2.593975782394409180e+00,2.593632698059082031e+00,2.593289136886596680e+00,2.592945814132690430e+00,2.592602729797363281e+00,2.592259883880615234e+00,2.591916799545288086e+00,2.591573953628540039e+00,2.591231107711791992e+00,2.590888500213623047e+00,2.590545892715454102e+00,2.590203285217285156e+00,2.589861154556274414e+00,2.589518785476684570e+00,2.589176416397094727e+00,2.588834285736083984e+00,2.588492393493652344e+00,2.588150262832641602e+00,2.587808370590209961e+00,2.587466478347778320e+00,2.587125062942504883e+00,2.586783409118652344e+00,2.586441755294799805e+00,2.586100339889526367e+00,2.585759162902832031e+00,2.585417985916137695e+00,2.585076570510864258e+00,2.584735631942749023e+00,2.584394693374633789e+00,2.584053754806518555e+00,2.583713054656982422e+00,2.583372354507446289e+00,2.583031654357910156e+00,2.582691192626953125e+00,2.582350730895996094e+00,2.582010507583618164e+00,2.581670284271240234e+00,2.581330060958862305e+00,2.580989837646484375e+00,2.580650091171264648e+00,2.580310106277465820e+00,2.579970121383666992e+00,2.579630613327026367e+00,2.579291105270385742e+00,2.578951358795166016e+00,2.578611850738525391e+00,2.568940401077270508e+00
2.255419015884399414e+00,2.255159378051757812e+00,2.254899740219116211e+00,2.254640340805053711e+00,2.254380941390991211e+00,2.254121541976928711e+00,2.253862142562866211e+00,2.253602981567382812e+00,2.253343582153320312e+00,2.253084659576416016e+00,2.252825498580932617e+00,2.252566337585449219e+00,2.252307415008544922e+00,2.252048730850219727e+00,2.251789808273315430e+00,2.251530885696411133e+00,2.251272439956665039e+00,2.251013517379760742e+00,2.250755071640014648e+00,2.250496387481689453e+00,2.250237941741943359e+00,2.249979496002197266e+00,2.249721050262451172e+00,2.249462842941284180e+00,2.249204635620117188e+00,2.248946428298950195e+00,2.248688220977783203e+00,2.248430013656616211e+00,2.248172283172607422e+00,2.247914075851440430e+00,2.247656345367431641e+00,2.247398614883422852e+00,2.247140645980834961e+00,2.246882915496826172e+00,2.246625185012817383e+00,2.246367692947387695e+00,2.246110200881958008e+00,2.245852708816528320e+00,2.245595216751098633e+00,2.245337963104248047e+00,2.245080471038818359e+00,2.244823217391967773e+00,2.244565963745117188e+00,2.244308948516845703e+00,2.244051933288574219e+00,2.243794918060302734e+00,2.243537902832031250e+00,2.243281126022338867e+00,2.243024110794067383e+00,2.242767333984375000e+00,2.242510795593261719e+00,2.242254018783569336e+00,2.241997480392456055e+00,2.241740703582763672e+00,2.241484403610229492e+00,2.241227865219116211e+00,2.240971565246582031e+00,2.240715265274047852e+00,2.240458965301513672e+00,2.240202903747558594e+00,2.239946603775024414e+00,2.239690780639648438e+00,2.239434719085693359e+00,2.239178657531738281e+00,2.238922834396362305e+00,2.238667011260986328e+00,2.238411188125610352e+00,2.238155364990234375e+00,2.237899780273437500e+00,2.237644195556640625e+00,2.237388610839843750e+00,2.237133026123046875e+00,2.236877679824829102e+00,2.236622333526611328e+00,2.236366987228393555e+00,2.236111640930175781e+00,2.235856533050537109e+00,2.235601425170898438e+00,2.235346317291259766e+00,2.235091209411621094e+00
1.988352060317993164e+00,1.988150358200073242e+00,1.987948775291442871e+00,1.987746834754943848e+00,1.987545251846313477e+00,1.987343549728393555e+00,1.987142086029052734e+00,1.986940622329711914e+00,1.986738920211791992e+00,1.986537575721740723e+00,1.986336231231689453e+00,1.986134767532348633e+00,1.985933542251586914e+00,1.985732078552246094e+00,1.985530972480773926e+00,1.985329866409301758e+00,1.985128521919250488e+00,1.984927415847778320e+00,1.984726428985595703e+00,1.984525322914123535e+00,1.984324336051940918e+00,1.984123468399047852e+00,1.983922362327575684e+00,1.983721613883972168e+00,1.983520627021789551e+00,1.983319878578186035e+00,1.983119249343872070e+00,1.982918381690979004e+00,1.982717752456665039e+00,1.982517242431640625e+00,1.982316493988037109e+00,1.982115983963012695e+00,1.981915593147277832e+00,1.981714963912963867e+00,1.981514573097229004e+00,1.981314063072204590e+00,1.981113791465759277e+00,1.980913519859313965e+00,1.980713129043579102e+00,1.980512976646423340e+00,1.980312824249267578e+00,1.980112552642822266e+00,1.979912519454956055e+00,1.979712247848510742e+00,1.979512333869934082e+00,1.979312419891357422e+00,1.979112267494201660e+00,1.978912472724914551e+00,1.978712677955627441e+00,1.978512763977050781e+00,1.978312969207763672e+00,1.978113293647766113e+00,1.977913498878479004e+00,1.977713942527770996e+00,1.977514147758483887e+00,1.977314591407775879e+00,1.977115154266357422e+00,1.976915478706359863e+00,1.976716160774230957e+00,1.976516723632812500e+00,1.976317286491394043e+00,1.976117968559265137e+00,1.975918769836425781e+00,1.975719332695007324e+00,1.975520133972167969e+00,1.975320816040039062e+00,1.975121736526489258e+00,1.974922776222229004e+00,1.974723577499389648e+00,1.974524617195129395e+00,1.974325656890869141e+00,1.974126577377319336e+00,1.973927736282348633e+00,1.973728775978088379e+00,1.973530054092407227e+00,1.973331332206726074e+00,1.973132491111755371e+00,1.972933769226074219e+00,1.972735285758972168e+00,1.972536444664001465e+00
1.777833223342895508e+00,1.777672290802001953e+00,1.777511239051818848e+00,1.777350425720214844e+00,1.777189612388610840e+00,1.777028679847717285e+00,1.776867985725402832e+00,1.776707291603088379e+00,1.776546478271484375e+00,1.776385664939880371e+00,1.776224493980407715e+00,1.776063442230224609e+00,1.775902509689331055e+00,1.775741457939147949e+00,1.775580644607543945e+00,1.775419831275939941e+00,1.775258779525756836e+00,1.775097966194152832e+00,1.774937272071838379e+00,1.774776339530944824e+00,1.774615645408630371e+00,1.774454832077026367e+00,1.774294137954711914e+00,1.774133563041687012e+00,1.773972749710083008e+00,1.773812174797058105e+00,1.773651719093322754e+00,1.773491024971008301e+00,1.773330569267272949e+00,1.773169875144958496e+00,1.773009538650512695e+00,1.772849202156066895e+00,1.772688627243041992e+00,1.772528290748596191e+00,1.772367954254150391e+00,1.772207498550415039e+00,1.772047281265258789e+00,1.771887063980102539e+00,1.771726727485656738e+00,1.771566629409790039e+00,1.771406292915344238e+00,1.771246194839477539e+00,1.771086215972900391e+00,1.770925998687744141e+00,1.770765900611877441e+00,1.770606040954589844e+00,1.770445823669433594e+00,1.770285964012145996e+00,1.770126104354858398e+00,1.769966006278991699e+00,1.769806146621704102e+00,1.769646167755126953e+00,1.769486427307128906e+00,1.769326686859130859e+00,1.769166827201843262e+00,1.769007086753845215e+00,1.768847465515136719e+00,1.768687605857849121e+00,1.768528103828430176e+00,1.768368244171142578e+00,1.768208742141723633e+00,1.768049240112304688e+00,1.767889618873596191e+00,1.767730116844177246e+00,1.767570734024047852e+00,1.767411112785339355e+00,1.767251729965209961e+00,1.767092466354370117e+00,1.766932964324951172e+00,1.766773700714111328e+00,1.766614198684692383e+00,1.766455054283142090e+00,1.766295790672302246e+00,1.766136527061462402e+00,1.765977382659912109e+00,1.765818238258361816e+00,1.765658974647521973e+00,1.765499949455261230e+00,1.765340924263000488e+00,1.765181779861450195e+00
1.607624173164367676e+00,1.607492685317993164e+00,1.607360959053039551e+00,1.607229471206665039e+00,1.607097983360290527e+00,1.606966376304626465e+00,1.606835007667541504e+00,1.606703519821166992e+00,1.606572031974792480e+00,1.606440663337707520e+00,1.606309294700622559e+00,1.606177806854248047e+00,1.606046557426452637e+00,1.605915188789367676e+00,1.605783820152282715e+00,1.605652570724487305e+00,1.605521321296691895e+00,1.605389952659606934e+00,1.605258345603942871e+00,1.605126857757568359e+00,1.604995489120483398e+00,1.604863882064819336e+00,1.604732513427734375e+00,1.604601025581359863e+00,1.604469537734985352e+00,1.604338288307189941e+00,1.604206800460815430e+00,1.604075431823730469e+00,1.603944182395935059e+00,1.603812813758850098e+00,1.603681564331054688e+00,1.603550314903259277e+00,1.603419065475463867e+00,1.603287816047668457e+00,1.603156685829162598e+00,1.603025436401367188e+00,1.602894306182861328e+00,1.602763175964355469e+00,1.602632045745849609e+00,1.602501034736633301e+00,1.602369904518127441e+00,1.602238893508911133e+00,1.602107882499694824e+00,1.601976752281188965e+00,1.601845860481262207e+00,1.601714968681335449e+00,1.601583957672119141e+00,1.601453065872192383e+00,1.601322054862976074e+00,1.601191282272338867e+00,1.601060509681701660e+00,1.600929498672485352e+00,1.600798726081848145e+00,1.600668072700500488e+00,1.600537180900573730e+00,1.600406527519226074e+00,1.600275635719299316e+00,1.600144982337951660e+00,1.600014448165893555e+00,1.599883556365966797e+00,1.599753022193908691e+00,1.599622488021850586e+00,1.599491715431213379e+00,1.599361181259155273e+00,1.599230766296386719e+00,1.599100112915039062e+00,1.598969697952270508e+00,1.598839044570922852e+00,1.598708629608154297e+00,1.598578214645385742e+00,1.598447680473327637e+00,1.598317384719848633e+00,1.598187088966369629e+00,1.598056554794311523e+00,1.597926259040832520e+00,1.597796082496643066e+00,1.597665667533874512e+00,1.597535371780395508e+00,1.597405076026916504e+00,1.597274899482727051e+00
1.467159032821655273e+00,1.467049479484558105e+00,1.466939806938171387e+00,1.466830253601074219e+00,1.466720819473266602e+00,1.466611146926879883e+00,1.466501712799072266e+00,1.466392278671264648e+00,1.466282606124877930e+00,1.466173171997070312e+00,1.466063618659973145e+00,1.465954303741455078e+00,1.465844869613647461e+00,1.465735435485839844e+00,1.465626001358032227e+00,1.465516686439514160e+00,1.465407252311706543e+00,1.465297937393188477e+00,1.465188622474670410e+00,1.465079307556152344e+00,1.464969992637634277e+00,1.464860796928405762e+00,1.464751482009887695e+00,1.464642286300659180e+00,1.464533090591430664e+00,1.464423775672912598e+00,1.464314341545104980e+00,1.464204907417297363e+00,1.464095592498779297e+00,1.463986039161682129e+00,1.463876724243164062e+00,1.463767409324645996e+00,1.463657975196838379e+00,1.463548660278320312e+00,1.463439226150512695e+00,1.463330030441284180e+00,1.463220715522766113e+00,1.463111400604248047e+00,1.463002204895019531e+00,1.462893009185791016e+00,1.462783694267272949e+00,1.462674498558044434e+00,1.462565183639526367e+00,1.462456107139587402e+00,1.462347030639648438e+00,1.462237715721130371e+00,1.462128639221191406e+00,1.462019562721252441e+00,1.461910486221313477e+00,1.461801409721374512e+00,1.461692452430725098e+00,1.461583256721496582e+00,1.461474299430847168e+00,1.461365222930908203e+00,1.461256265640258789e+00,1.461147308349609375e+00,1.461038231849670410e+00,1.460929393768310547e+00,1.460820436477661133e+00,1.460711479187011719e+00,1.460602641105651855e+00,1.460493803024291992e+00,1.460384845733642578e+00,1.460276007652282715e+00,1.460167050361633301e+00,1.460058331489562988e+00,1.459949612617492676e+00,1.459840655326843262e+00,1.459731936454772949e+00,1.459623217582702637e+00,1.459514498710632324e+00,1.459405779838562012e+00,1.459296941757202148e+00,1.459188342094421387e+00,1.459079742431640625e+00,1.458970904350280762e+00,1.458862423896789551e+00,1.458753824234008789e+00,1.458645105361938477e+00,1.458536505699157715e+00
1.349267601966857910e+00,1.349174857139587402e+00,1.349082231521606445e+00,1.348989605903625488e+00,1.348896861076354980e+00,1.348804235458374023e+00,1.348711609840393066e+00,1.348618865013122559e+00,1.348526358604431152e+00,1.348433732986450195e+00,1.348341107368469238e+00,1.348248600959777832e+00,1.348156094551086426e+00,1.348063468933105469e+00,1.347970962524414062e+00,1.347878456115722656e+00,1.347785949707031250e+00,1.347693443298339844e+00,1.347600936889648438e+00,1.347508430480957031e+00,1.347416043281555176e+00,1.347323656082153320e+00,1.347231149673461914e+00,1.347138762474060059e+00,1.347046375274658203e+00,1.346953988075256348e+00,1.346861600875854492e+00,1.346769213676452637e+00,1.346676826477050781e+00,1.346584558486938477e+00,1.346492290496826172e+00,1.346399903297424316e+00,1.346307635307312012e+00,1.346215367317199707e+00,1.346122860908508301e+00,1.346030473709106445e+00,1.345937967300415039e+00,1.345845460891723633e+00,1.345753073692321777e+00,1.345660567283630371e+00,1.345568180084228516e+00,1.345475792884826660e+00,1.345383286476135254e+00,1.345291018486022949e+00,1.345198631286621094e+00,1.345106244087219238e+00,1.345013856887817383e+00,1.344921588897705078e+00,1.344829201698303223e+00,1.344736933708190918e+00,1.344644546508789062e+00,1.344552278518676758e+00,1.344460129737854004e+00,1.344367742538452148e+00,1.344275593757629395e+00,1.344183325767517090e+00,1.344091057777404785e+00,1.343998908996582031e+00,1.343906641006469727e+00,1.343814492225646973e+00,1.343722343444824219e+00,1.343630194664001465e+00,1.343538045883178711e+00,1.343445897102355957e+00,1.343353748321533203e+00,1.343261718750000000e+00,1.343169689178466797e+00,1.343077540397644043e+00,1.342985391616821289e+00,1.342893362045288086e+00,1.342801332473754883e+00,1.342709302902221680e+00,1.342617273330688477e+00,1.342525243759155273e+00,1.342433333396911621e+00,1.342341303825378418e+00,1.342249393463134766e+00,1.342157363891601562e+00,1.342065453529357910e+00,1.341973543167114258e+00
1.248913049697875977e+00,1.248833537101745605e+00,1.248754143714904785e+00,1.248674869537353516e+00,1.248595356941223145e+00,1.248515963554382324e+00,1.248436689376831055e+00,1.248357295989990234e+00,1.248277902603149414e+00,1.248198628425598145e+00,1.248119235038757324e+00,1.248039960861206055e+00,1.247960686683654785e+00,1.247881293296813965e+00,1.247802019119262695e+00,1.247722744941711426e+00,1.247643470764160156e+00,1.247564196586608887e+00,1.247484922409057617e+00,1.247405648231506348e+00,1.247326493263244629e+00,1.247247219085693359e+00,1.247168064117431641e+00,1.247088909149169922e+00,1.247009634971618652e+00,1.246930480003356934e+00,1.246851325035095215e+00,1.246772050857543945e+00,1.246693015098571777e+00,1.246613860130310059e+00,1.246534705162048340e+00,1.246455550193786621e+00,1.246376514434814453e+00,1.246297359466552734e+00,1.246218323707580566e+00,1.246139168739318848e+00,1.246060132980346680e+00,1.245981097221374512e+00,1.245902061462402344e+00,1.245822906494140625e+00,1.245743989944458008e+00,1.245664954185485840e+00,1.245585918426513672e+00,1.245506763458251953e+00,1.245427489280700684e+00,1.245348334312438965e+00,1.245269179344177246e+00,1.245190024375915527e+00,1.245110869407653809e+00,1.245031833648681641e+00,1.244952678680419922e+00,1.244873523712158203e+00,1.244794487953186035e+00,1.244715332984924316e+00,1.244636297225952148e+00,1.244557142257690430e+00,1.244478225708007812e+00,1.244399189949035645e+00,1.244320034980773926e+00,1.244241118431091309e+00,1.244162082672119141e+00,1.244083046913146973e+00,1.244004011154174805e+00,1.243925094604492188e+00,1.243846058845520020e+00,1.243767142295837402e+00,1.243688106536865234e+00,1.243609189987182617e+00,1.243530273437500000e+00,1.243451356887817383e+00,1.243372440338134766e+00,1.243293523788452148e+00,1.243214607238769531e+00,1.243135809898376465e+00,1.243056774139404297e+00,1.242977976799011230e+00,1.242899179458618164e+00,1.242820262908935547e+00,1.242741465568542480e+00,1.242662668228149414e+00
1.162453174591064453e+00,1.162384390830993652e+00,1.162315607070922852e+00,1.162246704101562500e+00,1.162177920341491699e+00,1.162109255790710449e+00,1.162040352821350098e+00,1.161971688270568848e+00,1.161902904510498047e+00,1.161834120750427246e+00,1.161765456199645996e+00,1.161696791648864746e+00,1.161628007888793945e+00,1.161559343338012695e+00,1.161490678787231445e+00,1.161421895027160645e+00,1.161353230476379395e+00,1.161284565925598145e+00,1.161215901374816895e+00,1.161147236824035645e+00,1.161078572273254395e+00,1.161009907722473145e+00,1.160941243171691895e+00,1.160872697830200195e+00,1.160804033279418945e+00,1.160735368728637695e+00,1.160666823387145996e+00,1.160598158836364746e+00,1.160529613494873047e+00,1.160461068153381348e+00,1.160392403602600098e+00,1.160323858261108398e+00,1.160255432128906250e+00,1.160186767578125000e+00,1.160118222236633301e+00,1.160049796104431152e+00,1.159981131553649902e+00,1.159912705421447754e+00,1.159844160079956055e+00,1.159775614738464355e+00,1.159707188606262207e+00,1.159638762474060059e+00,1.159570217132568359e+00,1.159501791000366211e+00,1.159433245658874512e+00,1.159364819526672363e+00,1.159296393394470215e+00,1.159227967262268066e+00,1.159159541130065918e+00,1.159091114997863770e+00,1.159022688865661621e+00,1.158954143524169922e+00,1.158885598182678223e+00,1.158817052841186523e+00,1.158748507499694824e+00,1.158679962158203125e+00,1.158611536026000977e+00,1.158542990684509277e+00,1.158474445343017578e+00,1.158405900001525879e+00,1.158337473869323730e+00,1.158269047737121582e+00,1.158200502395629883e+00,1.158132076263427734e+00,1.158063650131225586e+00,1.157995223999023438e+00,1.157926678657531738e+00,1.157858252525329590e+00,1.157789945602416992e+00,1.157721400260925293e+00,1.157653093338012695e+00,1.157584547996520996e+00,1.157516241073608398e+00,1.157447814941406250e+00,1.157379388809204102e+00,1.157311081886291504e+00,1.157242774963378906e+00,1.157174348831176758e+00,1.157106041908264160e+00,1.157037734985351562e+00
1.087189078330993652e+00,1.087128877639770508e+00,1.087068796157836914e+00,1.087008595466613770e+00,1.086948394775390625e+00,1.086888313293457031e+00,1.086828112602233887e+00,1.086767911911010742e+00,1.086707830429077148e+00,1.086647629737854004e+00,1.086587548255920410e+00,1.086527466773986816e+00,1.086467266082763672e+00,1.086407184600830078e+00,1.086347103118896484e+00,1.086287021636962891e+00,1.086226940155029297e+00,1.086166858673095703e+00,1.086106777191162109e+00,1.086046695709228516e+00,1.085986733436584473e+00,1.085926532745361328e+00,1.085866570472717285e+00,1.085806608200073242e+00,1.085746526718139648e+00,1.085686445236206055e+00,1.085626482963562012e+00,1.085566401481628418e+00,1.085506439208984375e+00,1.085446357727050781e+00,1.085386395454406738e+00,1.085326433181762695e+00,1.085266470909118652e+00,1.085206508636474609e+00,1.085146546363830566e+00,1.085086584091186523e+00,1.085026621818542480e+00,1.084966659545898438e+00,1.084906697273254395e+00,1.084846854209899902e+00,1.084786891937255859e+00,1.084726929664611816e+00,1.084666967391967773e+00,1.084607124328613281e+00,1.084547162055969238e+00,1.084487318992614746e+00,1.084427475929260254e+00,1.084367513656616211e+00,1.084307670593261719e+00,1.084247827529907227e+00,1.084187984466552734e+00,1.084128141403198242e+00,1.084068298339843750e+00,1.084008455276489258e+00,1.083948612213134766e+00,1.083888769149780273e+00,1.083828926086425781e+00,1.083769083023071289e+00,1.083709359169006348e+00,1.083649516105651855e+00,1.083589553833007812e+00,1.083529591560363770e+00,1.083469748497009277e+00,1.083409786224365234e+00,1.083349823951721191e+00,1.083289980888366699e+00,1.083230018615722656e+00,1.083170175552368164e+00,1.083110213279724121e+00,1.083050370216369629e+00,1.082990527153015137e+00,1.082930684089660645e+00,1.082870841026306152e+00,1.082810997962951660e+00,1.082751154899597168e+00,1.082691311836242676e+00,1.082631468772888184e+00,1.082571625709533691e+00,1.082511782646179199e+00,1.082451939582824707e+00
1.021078467369079590e+00,1.021025419235229492e+00,1.020972371101379395e+00,1.020919203758239746e+00,1.020866155624389648e+00,1.020813107490539551e+00,1.020760059356689453e+00,1.020707011222839355e+00,1.020653963088989258e+00,1.020600914955139160e+00,1.020547866821289062e+00,1.020494818687438965e+00,1.020441770553588867e+00,1.020388841629028320e+00,1.020335674285888672e+00,1.020282745361328125e+00,1.020229697227478027e+00,1.020176649093627930e+00,1.020123720169067383e+00,1.020070791244506836e+00,1.020017743110656738e+00,1.019964814186096191e+00,1.019911885261535645e+00,1.019858837127685547e+00,1.019805908203125000e+00,1.019752979278564453e+00,1.019699931144714355e+00,1.019647002220153809e+00,1.019594073295593262e+00,1.019541144371032715e+00,1.019488215446472168e+00,1.019435286521911621e+00,1.019382357597351074e+00,1.019329428672790527e+00,1.019276618957519531e+00,1.019223690032958984e+00,1.019170761108398438e+00,1.019117951393127441e+00,1.019065022468566895e+00,1.019012093544006348e+00,1.018959283828735352e+00,1.018906354904174805e+00,1.018853545188903809e+00,1.018800735473632812e+00,1.018747806549072266e+00,1.018694996833801270e+00,1.018642187118530273e+00,1.018589258193969727e+00,1.018536448478698730e+00,1.018483638763427734e+00,1.018430829048156738e+00,1.018378019332885742e+00,1.018325209617614746e+00,1.018272399902343750e+00,1.018219590187072754e+00,1.018166780471801758e+00,1.018113970756530762e+00,1.018061280250549316e+00,1.018008351325988770e+00,1.017955660820007324e+00,1.017902970314025879e+00,1.017850160598754883e+00,1.017797350883483887e+00,1.017744660377502441e+00,1.017691850662231445e+00,1.017639160156250000e+00,1.017586469650268555e+00,1.017533659934997559e+00,1.017480850219726562e+00,1.017428040504455566e+00,1.017375230789184570e+00,1.017322301864624023e+00,1.017269611358642578e+00,1.017216682434082031e+00,1.017163872718811035e+00,1.017111063003540039e+00,1.017058253288269043e+00,1.017005562782287598e+00,1.016952753067016602e+00,1.016899943351745605e+00
9.625473022460937500e-01,9.625000953674316406e-01,9.624528288841247559e-01,9.624056816101074219e-01,9.623585343360900879e-01,9.623113870620727539e-01,9.622642397880554199e-01,9.622171521186828613e-01,9.621698856353759766e-01,9.621227979660034180e-01,9.620756506919860840e-01,9.620285630226135254e-01,9.619814753532409668e-01,9.619343280792236328e-01,9.618871212005615234e-01,9.618400335311889648e-01,9.617929458618164062e-01,9.617458581924438477e-01,9.616987705230712891e-01,9.616517424583435059e-01,9.616045355796813965e-01,9.615574479103088379e-01,9.615104198455810547e-01,9.614633321762084961e-01,9.614163041114807129e-01,9.613692760467529297e-01,9.613221287727355957e-01,9.612750411033630371e-01,9.612280130386352539e-01,9.611809849739074707e-01,9.611339569091796875e-01,9.610869288444519043e-01,9.610398411750793457e-01,9.609928131103515625e-01,9.609457850456237793e-01,9.608988165855407715e-01,9.608517885208129883e-01,9.608048200607299805e-01,9.607577323913574219e-01,9.607107639312744141e-01,9.606637358665466309e-01,9.606167674064636230e-01,9.605697989463806152e-01,9.605227708816528320e-01,9.604758024215698242e-01,9.604288339614868164e-01,9.603818655014038086e-01,9.603349566459655762e-01,9.602879881858825684e-01,9.602409601211547852e-01,9.601939916610717773e-01,9.601470828056335449e-01,9.601001739501953125e-01,9.600532650947570801e-01,9.600062966346740723e-01,9.599593281745910645e-01,9.599124193191528320e-01,9.598655104637145996e-01,9.598186016082763672e-01,9.597716927528381348e-01,9.597248435020446777e-01,9.596778154373168945e-01,9.596309661865234375e-01,9.595840573310852051e-01,9.595372080802917480e-01,9.594903588294982910e-01,9.594435095787048340e-01,9.593965411186218262e-01,9.593496918678283691e-01,9.593028426170349121e-01,9.592559933662414551e-01,9.592091441154479980e-01,9.591622948646545410e-01,9.591153860092163086e-01,9.590685367584228516e-01,9.590217471122741699e-01,9.589747786521911621e-01,9.589278697967529297e-01,9.588809609413146973e-01,9.588340520858764648e-01
9.103624820709228516e-01,9.103202819824218750e-01,9.102781414985656738e-01,9.102359414100646973e-01,9.101938009262084961e-01,9.101515412330627441e-01,9.101093411445617676e-01,9.100672006607055664e-01,9.100250005722045898e-01,9.099828600883483887e-01,9.099407196044921875e-01,9.098984599113464355e-01,9.098563194274902344e-01,9.098141789436340332e-01,9.097720980644226074e-01,9.097299575805664062e-01,9.096878170967102051e-01,9.096456170082092285e-01,9.096034765243530273e-01,9.095613956451416016e-01,9.095192551612854004e-01,9.094771742820739746e-01,9.094349741935729980e-01,9.093928337097167969e-01,9.093507528305053711e-01,9.093086719512939453e-01,9.092665910720825195e-01,9.092245101928710938e-01,9.091823101043701172e-01,9.091402292251586914e-01,9.090982079505920410e-01,9.090561270713806152e-01,9.090140461921691895e-01,9.089719653129577637e-01,9.089298248291015625e-01,9.088878035545349121e-01,9.088457226753234863e-01,9.088037014007568359e-01,9.087616801261901855e-01,9.087195992469787598e-01,9.086775183677673340e-01,9.086354374885559082e-01,9.085934162139892578e-01,9.085513949394226074e-01,9.085093736648559570e-01,9.084674119949340820e-01,9.084252715110778809e-01,9.083833098411560059e-01,9.083412885665893555e-01,9.082992672920227051e-01,9.082573056221008301e-01,9.082152843475341797e-01,9.081732034683227539e-01,9.081312417984008789e-01,9.080892801284790039e-01,9.080473184585571289e-01,9.080052971839904785e-01,9.079633355140686035e-01,9.079213142395019531e-01,9.078793525695800781e-01,9.078373908996582031e-01,9.077954292297363281e-01,9.077534675598144531e-01,9.077115654945373535e-01,9.076694846153259277e-01,9.076275825500488281e-01,9.075856208801269531e-01,9.075437188148498535e-01,9.075018167495727539e-01,9.074597954750061035e-01,9.074178338050842285e-01,9.073759317398071289e-01,9.073340296745300293e-01,9.072921276092529297e-01,9.072502255439758301e-01,9.072082638740539551e-01,9.071663618087768555e-01,9.071244597434997559e-01,9.070825576782226562e-01,9.070407152175903320e-01
8.635452389717102051e-01,8.635072708129882812e-01,8.634692430496215820e-01,8.634312748908996582e-01,8.633933663368225098e-01,8.633553981781005859e-01,8.633174300193786621e-01,8.632795214653015137e-01,8.632414937019348145e-01,8.632035851478576660e-01,8.631656169891357422e-01,8.631277084350585938e-01,8.630897998809814453e-01,8.630517721176147461e-01,8.630138635635375977e-01,8.629759550094604492e-01,8.629380464553833008e-01,8.629001379013061523e-01,8.628622293472290039e-01,8.628242611885070801e-01,8.627863526344299316e-01,8.627485036849975586e-01,8.627105951309204102e-01,8.626727461814880371e-01,8.626348376274108887e-01,8.625968694686889648e-01,8.625590205192565918e-01,8.625211119651794434e-01,8.624832630157470703e-01,8.624454140663146973e-01,8.624075651168823242e-01,8.623695969581604004e-01,8.623317480087280273e-01,8.622938990592956543e-01,8.622560501098632812e-01,8.622182011604309082e-01,8.621803522109985352e-01,8.621424436569213867e-01,8.621045947074890137e-01,8.620667457580566406e-01,8.620289564132690430e-01,8.619911074638366699e-01,8.619533181190490723e-01,8.619154095649719238e-01,8.618775606155395508e-01,8.618397712707519531e-01,8.618019819259643555e-01,8.617641329765319824e-01,8.617262840270996094e-01,8.616884946823120117e-01,8.616507053375244141e-01,8.616129159927368164e-01,8.615751266479492188e-01,8.615373373031616211e-01,8.614994287490844727e-01,8.614616990089416504e-01,8.614239096641540527e-01,8.613861203193664551e-01,8.613483309745788574e-01,8.613106012344360352e-01,8.612727522850036621e-01,8.612349629402160645e-01,8.611972332000732422e-01,8.611595034599304199e-01,8.611217141151428223e-01,8.610839843750000000e-01,8.610461950302124023e-01,8.610084056854248047e-01,8.609706759452819824e-01,8.609329462051391602e-01,8.608952164649963379e-01,8.608574867248535156e-01,8.608196973800659180e-01,8.607819676399230957e-01,8.607442975044250488e-01,8.607065677642822266e-01,8.606688380241394043e-01,8.606311678886413574e-01,8.605933785438537598e-01,8.605556488037109375e-01
8.213077187538146973e-01,8.212733864784240723e-01,8.212390542030334473e-01,8.212047219276428223e-01,8.211703300476074219e-01,8.211359977722167969e-01,8.211016654968261719e-01,8.210673928260803223e-01,8.210330605506896973e-01,8.209987282752990723e-01,8.209643363952636719e-01,8.209300637245178223e-01,8.208957314491271973e-01,8.208614587783813477e-01,8.208271265029907227e-01,8.207928538322448730e-01,8.207584619522094727e-01,8.207241892814636230e-01,8.206899166107177734e-01,8.206556439399719238e-01,8.206213712692260742e-01,8.205870985984802246e-01,8.205527067184448242e-01,8.205184340476989746e-01,8.204841613769531250e-01,8.204499483108520508e-01,8.204156756401062012e-01,8.203814029693603516e-01,8.203470706939697266e-01,8.203127980232238770e-01,8.202785253524780273e-01,8.202443122863769531e-01,8.202100396156311035e-01,8.201758265495300293e-01,8.201414942741394043e-01,8.201072812080383301e-01,8.200730085372924805e-01,8.200387954711914062e-01,8.200045824050903320e-01,8.199702501296997070e-01,8.199360370635986328e-01,8.199018239974975586e-01,8.198676109313964844e-01,8.198333978652954102e-01,8.197991847991943359e-01,8.197649121284484863e-01,8.197306990623474121e-01,8.196964859962463379e-01,8.196622729301452637e-01,8.196280598640441895e-01,8.195939064025878906e-01,8.195596337318420410e-01,8.195254206657409668e-01,8.194912672042846680e-01,8.194570541381835938e-01,8.194229006767272949e-01,8.193886876106262207e-01,8.193544149398803711e-01,8.193202614784240723e-01,8.192861080169677734e-01,8.192519545555114746e-01,8.192178010940551758e-01,8.191835880279541016e-01,8.191493749618530273e-01,8.191152215003967285e-01,8.190810680389404297e-01,8.190469145774841309e-01,8.190127611160278320e-01,8.189786076545715332e-01,8.189443945884704590e-01,8.189103007316589355e-01,8.188761472702026367e-01,8.188419938087463379e-01,8.188078999519348145e-01,8.187736868858337402e-01,8.187395334243774414e-01,8.187054395675659180e-01,8.186712861061096191e-01,8.186371922492980957e-01,8.186030983924865723e-01
7.830094695091247559e-01,7.829781770706176758e-01,7.829469442367553711e-01,7.829157710075378418e-01,7.828845381736755371e-01,7.828533649444580078e-01,7.828221917152404785e-01,7.827908992767333984e-01,7.827597260475158691e-01,7.827285528182983398e-01,7.826973199844360352e-01,7.826661467552185059e-01,7.826349735260009766e-01,7.826037406921386719e-01,7.825725674629211426e-01,7.825413942337036133e-01,7.825102210044860840e-01,7.824790477752685547e-01,7.824478149414062500e-01,7.824166417121887207e-01,7.823854684829711914e-01,7.823543548583984375e-01,7.823231816291809082e-01,7.822920083999633789e-01,7.822607755661010742e-01,7.822296619415283203e-01,7.821984887123107910e-01,7.821673750877380371e-01,7.821362018585205078e-01,7.821050882339477539e-01,7.820738554000854492e-01,7.820427417755126953e-01,7.820116281509399414e-01,7.819804549217224121e-01,7.819493412971496582e-01,7.819182276725769043e-01,7.818870544433593750e-01,7.818559408187866211e-01,7.818248271942138672e-01,7.817937135696411133e-01,7.817625999450683594e-01,7.817314863204956055e-01,7.817003130912780762e-01,7.816691994667053223e-01,7.816380858421325684e-01,7.816069722175598145e-01,7.815759181976318359e-01,7.815448045730590820e-01,7.815136313438415527e-01,7.814825773239135742e-01,7.814514636993408203e-01,7.814203500747680664e-01,7.813892960548400879e-01,7.813582420349121094e-01,7.813270688056945801e-01,7.812960147857666016e-01,7.812649011611938477e-01,7.812338471412658691e-01,7.812027931213378906e-01,7.811717391014099121e-01,7.811405658721923828e-01,7.811095118522644043e-01,7.810784578323364258e-01,7.810474038124084473e-01,7.810163497924804688e-01,7.809852361679077148e-01,7.809541821479797363e-01,7.809231877326965332e-01,7.808921337127685547e-01,7.808610796928405762e-01,7.808300256729125977e-01,7.807989120483398438e-01,7.807679176330566406e-01,7.807368636131286621e-01,7.807058691978454590e-01,7.806748151779174805e-01,7.806438207626342773e-01,7.806127071380615234e-01,7.805817127227783203e-01,7.805506587028503418e-01
7.481237053871154785e-01,7.480952143669128418e-01,7.480667829513549805e-01,7.480382323265075684e-01,7.480097413063049316e-01,7.479812502861022949e-01,7.479527592658996582e-01,7.479242682456970215e-01,7.478958368301391602e-01,7.478672862052917480e-01,7.478387951850891113e-01,7.478103637695312500e-01,7.477818727493286133e-01,7.477534413337707520e-01,7.477249503135681152e-01,7.476964592933654785e-01,7.476679682731628418e-01,7.476395368576049805e-01,7.476110458374023438e-01,7.475826144218444824e-01,7.475541830062866211e-01,7.475256323814392090e-01,7.474972009658813477e-01,7.474687695503234863e-01,7.474403381347656250e-01,7.474119067192077637e-01,7.473834753036499023e-01,7.473549842834472656e-01,7.473265528678894043e-01,7.472981214523315430e-01,7.472696900367736816e-01,7.472412586212158203e-01,7.472128272056579590e-01,7.471843361854553223e-01,7.471559643745422363e-01,7.471275329589843750e-01,7.470991015434265137e-01,7.470706701278686523e-01,7.470422983169555664e-01,7.470138072967529297e-01,7.469854354858398438e-01,7.469570040702819824e-01,7.469286322593688965e-01,7.469002008438110352e-01,7.468717694282531738e-01,7.468433380126953125e-01,7.468149662017822266e-01,7.467865943908691406e-01,7.467581629753112793e-01,7.467297911643981934e-01,7.467013597488403320e-01,7.466729879379272461e-01,7.466446161270141602e-01,7.466162443161010742e-01,7.465878725051879883e-01,7.465595006942749023e-01,7.465310096740722656e-01,7.465026974678039551e-01,7.464743256568908691e-01,7.464459538459777832e-01,7.464175820350646973e-01,7.463892102241516113e-01,7.463607788085937500e-01,7.463324666023254395e-01,7.463040947914123535e-01,7.462757229804992676e-01,7.462474107742309570e-01,7.462190389633178711e-01,7.461906075477600098e-01,7.461622953414916992e-01,7.461339831352233887e-01,7.461056113243103027e-01,7.460772991180419922e-01,7.460489273071289062e-01,7.460205554962158203e-01,7.459922432899475098e-01,7.459638714790344238e-01,7.459355592727661133e-01,7.459072470664978027e-01,7.458789348602294922e-01
7.162139415740966797e-01,7.161878347396850586e-01,7.161617279052734375e-01,7.161356210708618164e-01,7.161095142364501953e-01,7.160834074020385742e-01,7.160572409629821777e-01,7.160311937332153320e-01,7.160050868988037109e-01,7.159789800643920898e-01,7.159528732299804688e-01,7.159267663955688477e-01,7.159006595611572266e-01,7.158745527267456055e-01,7.158484458923339844e-01,7.158223986625671387e-01,7.157962918281555176e-01,7.157702445983886719e-01,7.157440781593322754e-01,7.157180309295654297e-01,7.156919240951538086e-01,7.156658768653869629e-01,7.156397700309753418e-01,7.156137228012084961e-01,7.155876159667968750e-01,7.155615687370300293e-01,7.155354619026184082e-01,7.155094146728515625e-01,7.154833674430847168e-01,7.154572606086730957e-01,7.154312133789062500e-01,7.154051065444946289e-01,7.153790593147277832e-01,7.153530120849609375e-01,7.153269648551940918e-01,7.153008580207824707e-01,7.152748107910156250e-01,7.152488231658935547e-01,7.152227759361267090e-01,7.151967287063598633e-01,7.151706814765930176e-01,7.151445746421813965e-01,7.151185274124145508e-01,7.150925397872924805e-01,7.150664925575256348e-01,7.150404453277587891e-01,7.150144577026367188e-01,7.149883508682250977e-01,7.149623632431030273e-01,7.149363160133361816e-01,7.149103283882141113e-01,7.148842811584472656e-01,7.148582935333251953e-01,7.148321866989135742e-01,7.148061990737915039e-01,7.147802114486694336e-01,7.147541642189025879e-01,7.147281765937805176e-01,7.147021889686584473e-01,7.146761417388916016e-01,7.146500945091247559e-01,7.146241068840026855e-01,7.145981192588806152e-01,7.145721316337585449e-01,7.145461440086364746e-01,7.145200967788696289e-01,7.144941091537475586e-01,7.144681215286254883e-01,7.144421339035034180e-01,7.144161462783813477e-01,7.143900990486145020e-01,7.143641710281372070e-01,7.143381834030151367e-01,7.143121957778930664e-01,7.142862081527709961e-01,7.142602801322937012e-01,7.142342329025268555e-01,7.142082452774047852e-01,7.141823172569274902e-01,7.141563296318054199e-01
6.869149804115295410e-01,6.868910193443298340e-01,6.868669986724853516e-01,6.868429183959960938e-01,6.868188977241516113e-01,6.867948770523071289e-01,6.867708563804626465e-01,6.867468357086181641e-01,6.867228746414184570e-01,6.866987943649291992e-01,6.866747736930847168e-01,6.866508126258850098e-01,6.866267919540405273e-01,6.866027712821960449e-01,6.865787506103515625e-01,6.865547299385070801e-01,6.865307688713073730e-01,6.865067481994628906e-01,6.864827871322631836e-01,6.864587664604187012e-01,6.864347457885742188e-01,6.864107847213745117e-01,6.863867640495300293e-01,6.863628029823303223e-01,6.863388419151306152e-01,6.863148212432861328e-01,6.862908005714416504e-01,6.862668395042419434e-01,6.862428784370422363e-01,6.862189173698425293e-01,6.861949563026428223e-01,6.861709356307983398e-01,6.861469149589538574e-01,6.861229538917541504e-01,6.860989928245544434e-01,6.860750317573547363e-01,6.860510706901550293e-01,6.860271096229553223e-01,6.860031485557556152e-01,6.859791874885559082e-01,6.859552264213562012e-01,6.859312653541564941e-01,6.859073042869567871e-01,6.858833432197570801e-01,6.858593821525573730e-01,6.858354210853576660e-01,6.858114600181579590e-01,6.857875585556030273e-01,6.857635974884033203e-01,6.857396960258483887e-01,6.857156753540039062e-01,6.856917142868041992e-01,6.856678128242492676e-01,6.856438517570495605e-01,6.856199502944946289e-01,6.855959892272949219e-01,6.855720281600952148e-01,6.855481266975402832e-01,6.855241656303405762e-01,6.855002641677856445e-01,6.854763627052307129e-01,6.854524016380310059e-01,6.854284405708312988e-01,6.854045391082763672e-01,6.853806376457214355e-01,6.853567361831665039e-01,6.853328347206115723e-01,6.853088736534118652e-01,6.852849721908569336e-01,6.852610707283020020e-01,6.852371692657470703e-01,6.852132678031921387e-01,6.851893663406372070e-01,6.851654052734375000e-01,6.851415038108825684e-01,6.851176023483276367e-01,6.850937008857727051e-01,6.850697994232177734e-01,6.850459575653076172e-01,6.850219964981079102e-01
6.599189043045043945e-01,6.598967313766479492e-01,6.598745584487915039e-01,6.598524451255798340e-01,6.598302721977233887e-01,6.598080396652221680e-01,6.597858667373657227e-01,6.597637534141540527e-01,6.597415804862976074e-01,6.597194075584411621e-01,6.596972942352294922e-01,6.596750617027282715e-01,6.596528887748718262e-01,6.596307754516601562e-01,6.596086025238037109e-01,6.595864892005920410e-01,6.595643162727355957e-01,6.595421433448791504e-01,6.595199704170227051e-01,6.594978570938110352e-01,6.594756841659545898e-01,6.594535708427429199e-01,6.594314575195312500e-01,6.594092249870300293e-01,6.593871116638183594e-01,6.593649983406066895e-01,6.593428850173950195e-01,6.593207120895385742e-01,6.592985987663269043e-01,6.592764258384704590e-01,6.592543125152587891e-01,6.592321991920471191e-01,6.592100858688354492e-01,6.591879725456237793e-01,6.591657996177673340e-01,6.591436862945556641e-01,6.591215729713439941e-01,6.590994596481323242e-01,6.590773463249206543e-01,6.590552330017089844e-01,6.590330600738525391e-01,6.590109467506408691e-01,6.589888334274291992e-01,6.589667201042175293e-01,6.589446067810058594e-01,6.589225530624389648e-01,6.589003801345825195e-01,6.588782668113708496e-01,6.588561534881591797e-01,6.588340997695922852e-01,6.588119864463806152e-01,6.587898731231689453e-01,6.587677597999572754e-01,6.587456464767456055e-01,6.587235927581787109e-01,6.587014794349670410e-01,6.586794257164001465e-01,6.586573123931884766e-01,6.586351990699768066e-01,6.586130857467651367e-01,6.585910320281982422e-01,6.585689187049865723e-01,6.585468649864196777e-01,6.585248112678527832e-01,6.585026979446411133e-01,6.584805846214294434e-01,6.584585309028625488e-01,6.584364771842956543e-01,6.584143638610839844e-01,6.583923101425170898e-01,6.583701968193054199e-01,6.583481431007385254e-01,6.583260893821716309e-01,6.583040356636047363e-01,6.582819819450378418e-01,6.582599282264709473e-01,6.582378149032592773e-01,6.582157611846923828e-01,6.581937074661254883e-01,6.581716537475585938e-01
6.349645256996154785e-01,6.349440217018127441e-01,6.349234580993652344e-01,6.349029541015625000e-01,6.348823904991149902e-01,6.348618865013122559e-01,6.348413825035095215e-01,6.348208785057067871e-01,6.348003149032592773e-01,6.347798109054565430e-01,6.347593069076538086e-01,6.347387433052062988e-01,6.347182393074035645e-01,6.346977353096008301e-01,6.346772313117980957e-01,6.346567273139953613e-01,6.346362233161926270e-01,6.346157193183898926e-01,6.345952153205871582e-01,6.345747113227844238e-01,6.345541477203369141e-01,6.345336437225341797e-01,6.345131397247314453e-01,6.344926953315734863e-01,6.344721913337707520e-01,6.344516277313232422e-01,6.344311833381652832e-01,6.344106793403625488e-01,6.343901753425598145e-01,6.343696713447570801e-01,6.343492269515991211e-01,6.343286633491516113e-01,6.343082189559936523e-01,6.342877149581909180e-01,6.342672705650329590e-01,6.342467665672302246e-01,6.342262625694274902e-01,6.342057585716247559e-01,6.341853141784667969e-01,6.341648101806640625e-01,6.341443657875061035e-01,6.341238617897033691e-01,6.341034173965454102e-01,6.340829133987426758e-01,6.340624094009399414e-01,6.340419650077819824e-01,6.340215206146240234e-01,6.340010762214660645e-01,6.339805722236633301e-01,6.339600682258605957e-01,6.339396238327026367e-01,6.339191794395446777e-01,6.338987350463867188e-01,6.338782906532287598e-01,6.338577866554260254e-01,6.338373422622680664e-01,6.338168382644653320e-01,6.337963938713073730e-01,6.337759494781494141e-01,6.337555050849914551e-01,6.337350606918334961e-01,6.337146162986755371e-01,6.336941719055175781e-01,6.336737275123596191e-01,6.336532831192016602e-01,6.336328387260437012e-01,6.336123347282409668e-01,6.335918903350830078e-01,6.335714459419250488e-01,6.335510611534118652e-01,6.335306167602539062e-01,6.335101723670959473e-01,6.334897279739379883e-01,6.334692835807800293e-01,6.334488391876220703e-01,6.334284543991088867e-01,6.334080100059509277e-01,6.333875656127929688e-01,6.333671212196350098e-01,6.333466768264770508e-01
6.118286252021789551e-01,6.118096113204956055e-01,6.117905378341674805e-01,6.117714643478393555e-01,6.117524504661560059e-01,6.117333173751831055e-01,6.117143034934997559e-01,6.116952300071716309e-01,6.116762161254882812e-01,6.116571426391601562e-01,6.116380691528320312e-01,6.116190552711486816e-01,6.115999817848205566e-01,6.115809679031372070e-01,6.115618944168090820e-01,6.115428805351257324e-01,6.115238070487976074e-01,6.115047335624694824e-01,6.114857196807861328e-01,6.114667057991027832e-01,6.114476323127746582e-01,6.114286184310913086e-01,6.114095449447631836e-01,6.113905310630798340e-01,6.113715171813964844e-01,6.113525032997131348e-01,6.113334298133850098e-01,6.113144159317016602e-01,6.112953424453735352e-01,6.112763285636901855e-01,6.112573146820068359e-01,6.112383008003234863e-01,6.112192869186401367e-01,6.112002730369567871e-01,6.111811995506286621e-01,6.111621856689453125e-01,6.111431717872619629e-01,6.111241579055786133e-01,6.111051440238952637e-01,6.110861301422119141e-01,6.110671162605285645e-01,6.110481023788452148e-01,6.110290884971618652e-01,6.110100746154785156e-01,6.109910607337951660e-01,6.109721064567565918e-01,6.109530329704284668e-01,6.109340190887451172e-01,6.109150648117065430e-01,6.108960509300231934e-01,6.108770370483398438e-01,6.108580231666564941e-01,6.108390092849731445e-01,6.108199954032897949e-01,6.108010411262512207e-01,6.107820272445678711e-01,6.107630729675292969e-01,6.107439994812011719e-01,6.107250452041625977e-01,6.107060313224792480e-01,6.106870770454406738e-01,6.106680631637573242e-01,6.106491088867187500e-01,6.106300950050354004e-01,6.106110811233520508e-01,6.105921268463134766e-01,6.105731129646301270e-01,6.105541586875915527e-01,6.105352044105529785e-01,6.105161905288696289e-01,6.104971766471862793e-01,6.104782223701477051e-01,6.104592680931091309e-01,6.104402542114257812e-01,6.104212999343872070e-01,6.104022860527038574e-01,6.103833317756652832e-01,6.103643774986267090e-01,6.103454232215881348e-01,6.103264689445495605e-01
5.903194546699523926e-01,5.903016924858093262e-01,5.902839303016662598e-01,5.902662277221679688e-01,5.902484655380249023e-01,5.902307629585266113e-01,5.902130007743835449e-01,5.901952385902404785e-01,5.901775360107421875e-01,5.901597738265991211e-01,5.901420712471008301e-01,5.901243090629577637e-01,5.901066064834594727e-01,5.900888442993164062e-01,5.900711417198181152e-01,5.900533795356750488e-01,5.900356769561767578e-01,5.900179743766784668e-01,5.900002121925354004e-01,5.899824500083923340e-01,5.899647474288940430e-01,5.899470448493957520e-01,5.899293422698974609e-01,5.899116396903991699e-01,5.898938775062561035e-01,5.898761749267578125e-01,5.898584723472595215e-01,5.898407697677612305e-01,5.898230075836181641e-01,5.898053050041198730e-01,5.897876024246215820e-01,5.897698998451232910e-01,5.897521376609802246e-01,5.897344350814819336e-01,5.897167325019836426e-01,5.896990299224853516e-01,5.896813273429870605e-01,5.896636247634887695e-01,5.896459221839904785e-01,5.896282196044921875e-01,5.896105170249938965e-01,5.895928144454956055e-01,5.895751118659973145e-01,5.895574092864990234e-01,5.895397067070007324e-01,5.895220041275024414e-01,5.895043015480041504e-01,5.894866585731506348e-01,5.894688963890075684e-01,5.894512534141540527e-01,5.894335508346557617e-01,5.894158482551574707e-01,5.893981456756591797e-01,5.893805027008056641e-01,5.893627405166625977e-01,5.893450975418090820e-01,5.893273949623107910e-01,5.893097519874572754e-01,5.892920494079589844e-01,5.892743468284606934e-01,5.892566442489624023e-01,5.892390012741088867e-01,5.892212986946105957e-01,5.892036557197570801e-01,5.891859531402587891e-01,5.891683101654052734e-01,5.891506075859069824e-01,5.891329050064086914e-01,5.891152620315551758e-01,5.890976190567016602e-01,5.890799164772033691e-01,5.890622735023498535e-01,5.890445709228515625e-01,5.890268683433532715e-01,5.890092253684997559e-01,5.889915823936462402e-01,5.889739394187927246e-01,5.889562368392944336e-01,5.889385938644409180e-01,5.889208912849426270e-01
5.702712535858154297e-01,5.702546834945678711e-01,5.702381730079650879e-01,5.702216029167175293e-01,5.702050328254699707e-01,5.701884627342224121e-01,5.701718926429748535e-01,5.701553821563720703e-01,5.701388120651245117e-01,5.701222419738769531e-01,5.701056718826293945e-01,5.700891613960266113e-01,5.700725913047790527e-01,5.700560808181762695e-01,5.700395107269287109e-01,5.700230002403259277e-01,5.700063705444335938e-01,5.699898600578308105e-01,5.699733495712280273e-01,5.699567794799804688e-01,5.699402689933776855e-01,5.699236989021301270e-01,5.699071288108825684e-01,5.698906183242797852e-01,5.698741078376770020e-01,5.698575377464294434e-01,5.698410272598266602e-01,5.698244571685791016e-01,5.698079466819763184e-01,5.697913765907287598e-01,5.697748661041259766e-01,5.697583556175231934e-01,5.697418451309204102e-01,5.697252750396728516e-01,5.697087645530700684e-01,5.696921944618225098e-01,5.696756839752197266e-01,5.696591734886169434e-01,5.696426630020141602e-01,5.696260929107666016e-01,5.696095824241638184e-01,5.695930719375610352e-01,5.695765614509582520e-01,5.695600509643554688e-01,5.695435404777526855e-01,5.695269703865051270e-01,5.695104598999023438e-01,5.694939494132995605e-01,5.694774389266967773e-01,5.694609284400939941e-01,5.694444179534912109e-01,5.694279074668884277e-01,5.694113969802856445e-01,5.693948864936828613e-01,5.693783760070800781e-01,5.693618655204772949e-01,5.693453550338745117e-01,5.693288445472717285e-01,5.693123340606689453e-01,5.692958235740661621e-01,5.692793726921081543e-01,5.692628622055053711e-01,5.692462921142578125e-01,5.692298412322998047e-01,5.692133307456970215e-01,5.691968202590942383e-01,5.691803693771362305e-01,5.691638588905334473e-01,5.691473484039306641e-01,5.691308379173278809e-01,5.691143274307250977e-01,5.690978765487670898e-01,5.690813660621643066e-01,5.690649151802062988e-01,5.690483450889587402e-01,5.690318942070007324e-01,5.690153837203979492e-01,5.689989328384399414e-01,5.689824223518371582e-01,5.689659714698791504e-01
