1.934704542160034180e+00,1.961453676223754883e+00,1.988952875137329102e+00,2.017234086990356445e+00,2.046331167221069336e+00,2.076279878616333008e+00,2.107118368148803711e+00,2.138886690139770508e+00,2.171627521514892578e+00,2.205386400222778320e+00,2.240211486816406250e+00,2.276153564453125000e+00,2.313268423080444336e+00,2.351613283157348633e+00,2.391251087188720703e+00,2.432247877120971680e+00,2.474674940109252930e+00,2.518608570098876953e+00,2.564130067825317383e+00,2.611327648162841797e+00,2.660295009613037109e+00,2.711134195327758789e+00,2.763954401016235352e+00,2.818873405456542969e+00,2.876018762588500977e+00,2.935528516769409180e+00,2.997552633285522461e+00,3.062254667282104492e+00,3.129811286926269531e+00,3.200416088104248047e+00,3.274279832839965820e+00,3.351633310317993164e+00,3.432730436325073242e+00,3.517849445343017578e+00,3.607296705245971680e+00,3.701411485671997070e+00,3.800568819046020508e+00,3.905184984207153320e+00,4.015723228454589844e+00,4.132701873779296875e+00,4.256700515747070312e+00,5.000000000000000000e+00,5.000000000000000000e+00,5.000000000000000000e+00,5.000000000000000000e+00,5.000000000000000000e+00,5.000000000000000000e+00,5.000000000000000000e+00,5.000000000000000000e+00,5.000000000000000000e+00,5.000000000000000000e+00,5.000000000000000000e+00,5.000000000000000000e+00,5.000000000000000000e+00,5.000000000000000000e+00,5.000000000000000000e+00,5.000000000000000000e+00,5.000000000000000000e+00,5.000000000000000000e+00,5.000000000000000000e+00,5.000000000000000000e+00,5.000000000000000000e+00,5.000000000000000000e+00,5.000000000000000000e+00,5.000000000000000000e+00,5.000000000000000000e+00,5.000000000000000000e+00,5.000000000000000000e+00,5.000000000000000000e+00,5.000000000000000000e+00,5.000000000000000000e+00,5.000000000000000000e+00,5.000000000000000000e+00,5.000000000000000000e+00,5.000000000000000000e+00,5.000000000000000000e+00,5.000000000000000000e+00,5.000000000000000000e+00,5.000000000000000000e+00,5.000000000000000000e+00
1.934676408767700195e+00,1.961424589157104492e+00,1.988922953605651855e+00,2.017203330993652344e+00,2.046299457550048828e+00,2.076247453689575195e+00,2.107084751129150391e+00,2.138852119445800781e+00,2.171591997146606445e+00,2.205349683761596680e+00,2.240173578262329102e+00,2.276114702224731445e+00,2.313228130340576172e+00,2.351571559906005859e+00,2.391207933425903320e+00,2.432203292846679688e+00,2.474628686904907227e+00,2.518560647964477539e+00,2.564080476760864258e+00,2.611276149749755859e+00,2.660241603851318359e+00,2.711078882217407227e+00,2.763896942138671875e+00,2.818813562393188477e+00,2.875957012176513672e+00,2.935464859008789062e+00,2.997486352920532227e+00,3.062185525894165039e+00,3.129739046096801758e+00,3.200340509414672852e+00,3.274200439453125000e+00,3.351550340652465820e+00,3.432643413543701172e+00,3.517757892608642578e+00,3.607200622558593750e+00,3.701310396194458008e+00,3.800462007522583008e+00,3.905072450637817383e+00,4.015604019165039062e+00,4.132575988769531250e+00,4.256566524505615234e+00,4.388227462768554688e+00,5.000000000000000000e+00,5.000000000000000000e+00,5.000000000000000000e+00,5.000000000000000000e+00,5.000000000000000000e+00,5.000000000000000000e+00,5.000000000000000000e+00,5.000000000000000000e+00,5.000000000000000000e+00,5.000000000000000000e+00,5.000000000000000000e+00,5.000000000000000000e+00,5.000000000000000000e+00,5.000000000000000000e+00,5.000000000000000000e+00,5.000000000000000000e+00,5.000000000000000000e+00,5.000000000000000000e+00,5.000000000000000000e+00,5.000000000000000000e+00,5.000000000000000000e+00,5.000000000000000000e+00,5.000000000000000000e+00,5.000000000000000000e+00,5.000000000000000000e+00,5.000000000000000000e+00,5.000000000000000000e+00,5.000000000000000000e+00,5.000000000000000000e+00,5.000000000000000000e+00,5.000000000000000000e+00,5.000000000000000000e+00,5.000000000000000000e+00,5.000000000000000000e+00,5.000000000000000000e+00,5.000000000000000000e+00,5.000000000000000000e+00,5.000000000000000000e+00
1.934648156166076660e+00,1.961395740509033203e+00,1.988893270492553711e+00,2.017172574996948242e+00,2.046267986297607422e+00,2.076215028762817383e+00,2.107051372528076172e+00,2.138817787170410156e+00,2.171556472778320312e+00,2.205312967300415039e+00,2.240135669708251953e+00,2.276075601577758789e+00,2.313187599182128906e+00,2.351529836654663086e+00,2.391164779663085938e+00,2.432158708572387695e+00,2.474582672119140625e+00,2.518512964248657227e+00,2.564030885696411133e+00,2.611224889755249023e+00,2.660188198089599609e+00,2.711023330688476562e+00,2.763839244842529297e+00,2.818753719329833984e+00,2.875894546508789062e+00,2.935400247573852539e+00,2.997419834136962891e+00,3.062116146087646484e+00,3.129666566848754883e+00,3.200264692306518555e+00,3.274121284484863281e+00,3.351467370986938477e+00,3.432556390762329102e+00,3.517666339874267578e+00,3.607104301452636719e+00,3.701209068298339844e+00,3.800355434417724609e+00,3.904959678649902344e+00,4.015485286712646484e+00,4.132449626922607422e+00,4.256433010101318359e+00,4.388085365295410156e+00,4.528142452239990234e+00,5.000000000000000000e+00,5.000000000000000000e+00,5.000000000000000000e+00,5.000000000000000000e+00,5.000000000000000000e+00,5.000000000000000000e+00,5.000000000000000000e+00,5.000000000000000000e+00,5.000000000000000000e+00,5.000000000000000000e+00,5.000000000000000000e+00,5.000000000000000000e+00,5.000000000000000000e+00,5.000000000000000000e+00,5.000000000000000000e+00,5.000000000000000000e+00,5.000000000000000000e+00,5.000000000000000000e+00,5.000000000000000000e+00,5.000000000000000000e+00,5.000000000000000000e+00,5.000000000000000000e+00,5.000000000000000000e+00,5.000000000000000000e+00,5.000000000000000000e+00,5.000000000000000000e+00,5.000000000000000000e+00,5.000000000000000000e+00,5.000000000000000000e+00,5.000000000000000000e+00,5.000000000000000000e+00,5.000000000000000000e+00,5.000000000000000000e+00,5.000000000000000000e+00,5.000000000000000000e+00,5.000000000000000000e+00,5.000000000000000000e+00
1.934619307518005371e+00,1.961366772651672363e+00,1.988863348960876465e+00,2.017142057418823242e+00,2.046236515045166016e+00,2.076182365417480469e+00,2.107017755508422852e+00,2.138783216476440430e+00,2.171520948410034180e+00,2.205276250839233398e+00,2.240097761154174805e+00,2.276036500930786133e+00,2.313147306442260742e+00,2.351488351821899414e+00,2.391121625900268555e+00,2.432114124298095703e+00,2.474536418914794922e+00,2.518465042114257812e+00,2.563981294631958008e+00,2.611173391342163086e+00,2.660135269165039062e+00,2.710968017578125000e+00,2.763781785964965820e+00,2.818693637847900391e+00,2.875832319259643555e+00,2.935335159301757812e+00,2.997352361679077148e+00,3.062047004699707031e+00,3.129594087600708008e+00,3.200189113616943359e+00,3.274042129516601562e+00,3.351384401321411133e+00,3.432469129562377930e+00,3.517575025558471680e+00,3.607008218765258789e+00,3.701107740402221680e+00,3.800248622894287109e+00,3.904846906661987305e+00,4.015366077423095703e+00,4.132323741912841797e+00,4.256299018859863281e+00,4.387943267822265625e+00,4.527990818023681641e+00,4.677272319793701172e+00,5.000000000000000000e+00,5.000000000000000000e+00,5.000000000000000000e+00,5.000000000000000000e+00,5.000000000000000000e+00,5.000000000000000000e+00,5.000000000000000000e+00,5.000000000000000000e+00,5.000000000000000000e+00,5.000000000000000000e+00,5.000000000000000000e+00,5.000000000000000000e+00,5.000000000000000000e+00,5.000000000000000000e+00,5.000000000000000000e+00,5.000000000000000000e+00,5.000000000000000000e+00,5.000000000000000000e+00,5.000000000000000000e+00,5.000000000000000000e+00,5.000000000000000000e+00,5.000000000000000000e+00,5.000000000000000000e+00,5.000000000000000000e+00,5.000000000000000000e+00,5.000000000000000000e+00,5.000000000000000000e+00,5.000000000000000000e+00,5.000000000000000000e+00,5.000000000000000000e+00,5.000000000000000000e+00,5.000000000000000000e+00,5.000000000000000000e+00,5.000000000000000000e+00,5.000000000000000000e+00,5.000000000000000000e+00
1.934584498405456543e+00,1.961333394050598145e+00,1.988832473754882812e+00,2.017111301422119141e+00,2.046204805374145508e+00,2.076149940490722656e+00,2.106984376907348633e+00,2.138748645782470703e+00,2.171485424041748047e+00,2.205239534378051758e+00,2.240060091018676758e+00,2.275997400283813477e+00,2.313107013702392578e+00,2.351446628570556641e+00,2.391078710556030273e+00,2.432069540023803711e+00,2.474490165710449219e+00,2.518417119979858398e+00,2.563931703567504883e+00,2.611122131347656250e+00,2.660081863403320312e+00,2.710912704467773438e+00,2.763724088668823242e+00,2.818633794784545898e+00,2.875769853591918945e+00,2.935270309448242188e+00,2.997284650802612305e+00,3.061976432800292969e+00,3.129521846771240234e+00,3.200113296508789062e+00,3.273962736129760742e+00,3.351301193237304688e+00,3.432382106781005859e+00,3.517483472824096680e+00,3.606912136077880859e+00,3.701006650924682617e+00,3.800141811370849609e+00,3.904734373092651367e+00,4.015246868133544922e+00,4.132197380065917969e+00,4.256165504455566406e+00,4.387801170349121094e+00,4.527839660644531250e+00,4.677111148834228516e+00,4.836560726165771484e+00,5.000000000000000000e+00,5.000000000000000000e+00,5.000000000000000000e+00,5.000000000000000000e+00,5.000000000000000000e+00,5.000000000000000000e+00,5.000000000000000000e+00,5.000000000000000000e+00,5.000000000000000000e+00,5.000000000000000000e+00,5.000000000000000000e+00,5.000000000000000000e+00,5.000000000000000000e+00,5.000000000000000000e+00,5.000000000000000000e+00,5.000000000000000000e+00,5.000000000000000000e+00,5.000000000000000000e+00,5.000000000000000000e+00,5.000000000000000000e+00,5.000000000000000000e+00,5.000000000000000000e+00,5.000000000000000000e+00,5.000000000000000000e+00,5.000000000000000000e+00,5.000000000000000000e+00,5.000000000000000000e+00,5.000000000000000000e+00,5.000000000000000000e+00,5.000000000000000000e+00,5.000000000000000000e+00,5.000000000000000000e+00,5.000000000000000000e+00,5.000000000000000000e+00,5.000000000000000000e+00
1.934549689292907715e+00,1.961297631263732910e+00,1.988795638084411621e+00,2.017075538635253906e+00,2.046171426773071289e+00,2.076117515563964844e+00,2.106950998306274414e+00,2.138714313507080078e+00,2.171449899673461914e+00,2.205203056335449219e+00,2.240022182464599609e+00,2.275958299636840820e+00,2.313066720962524414e+00,2.351405143737792969e+00,2.391035556793212891e+00,2.432024955749511719e+00,2.474444150924682617e+00,2.518369436264038086e+00,2.563882112503051758e+00,2.611070632934570312e+00,2.660028457641601562e+00,2.710857152938842773e+00,2.763666629791259766e+00,2.818573951721191406e+00,2.875707626342773438e+00,2.935205221176147461e+00,2.997216939926147461e+00,3.061905622482299805e+00,3.129447937011718750e+00,3.200037717819213867e+00,3.273883819580078125e+00,3.351218223571777344e+00,3.432295083999633789e+00,3.517391920089721680e+00,3.606816053390502930e+00,3.700905323028564453e+00,3.800034999847412109e+00,3.904621601104736328e+00,4.015127658843994141e+00,4.132071495056152344e+00,4.256031513214111328e+00,4.387658596038818359e+00,4.527688026428222656e+00,4.676949501037597656e+00,4.836387634277343750e+00,5.000000000000000000e+00,5.000000000000000000e+00,5.000000000000000000e+00,5.000000000000000000e+00,5.000000000000000000e+00,5.000000000000000000e+00,5.000000000000000000e+00,5.000000000000000000e+00,5.000000000000000000e+00,5.000000000000000000e+00,5.000000000000000000e+00,5.000000000000000000e+00,5.000000000000000000e+00,5.000000000000000000e+00,5.000000000000000000e+00,5.000000000000000000e+00,5.000000000000000000e+00,5.000000000000000000e+00,5.000000000000000000e+00,5.000000000000000000e+00,5.000000000000000000e+00,5.000000000000000000e+00,5.000000000000000000e+00,5.000000000000000000e+00,5.000000000000000000e+00,5.000000000000000000e+00,5.000000000000000000e+00,5.000000000000000000e+00,5.000000000000000000e+00,5.000000000000000000e+00,5.000000000000000000e+00,5.000000000000000000e+00,5.000000000000000000e+00,5.000000000000000000e+00,5.000000000000000000e+00
1.934516429901123047e+00,1.961261868476867676e+00,1.988758683204650879e+00,2.017037630081176758e+00,2.046132564544677734e+00,2.076078891754150391e+00,2.106914997100830078e+00,2.138679742813110352e+00,2.171414375305175781e+00,2.205166339874267578e+00,2.239984273910522461e+00,2.275919198989868164e+00,2.313026428222656250e+00,2.351363420486450195e+00,2.390992403030395508e+00,2.431980371475219727e+00,2.474397897720336914e+00,2.518321514129638672e+00,2.563832759857177734e+00,2.611019134521484375e+00,2.659975051879882812e+00,2.710801839828491211e+00,2.763608932495117188e+00,2.818514108657836914e+00,2.875645160675048828e+00,2.935140609741210938e+00,2.997149229049682617e+00,3.061835050582885742e+00,3.129374027252197266e+00,3.199960231781005859e+00,3.273803949356079102e+00,3.351135492324829102e+00,3.432208299636840820e+00,3.517301082611083984e+00,3.606720209121704102e+00,3.700804471969604492e+00,3.799928903579711914e+00,3.904509305953979492e+00,4.015008926391601562e+00,4.131945610046386719e+00,4.255897998809814453e+00,4.387516975402832031e+00,4.527536869049072266e+00,4.676787853240966797e+00,4.836215019226074219e+00,5.000000000000000000e+00,5.000000000000000000e+00,5.000000000000000000e+00,5.000000000000000000e+00,5.000000000000000000e+00,5.000000000000000000e+00,5.000000000000000000e+00,5.000000000000000000e+00,5.000000000000000000e+00,5.000000000000000000e+00,5.000000000000000000e+00,5.000000000000000000e+00,5.000000000000000000e+00,5.000000000000000000e+00,5.000000000000000000e+00,5.000000000000000000e+00,5.000000000000000000e+00,5.000000000000000000e+00,5.000000000000000000e+00,5.000000000000000000e+00,5.000000000000000000e+00,5.000000000000000000e+00,5.000000000000000000e+00,5.000000000000000000e+00,5.000000000000000000e+00,5.000000000000000000e+00,5.000000000000000000e+00,5.000000000000000000e+00,5.000000000000000000e+00,5.000000000000000000e+00,5.000000000000000000e+00,5.000000000000000000e+00,5.000000000000000000e+00,5.000000000000000000e+00,5.000000000000000000e+00
1.934488415718078613e+00,1.961231350898742676e+00,1.988724231719970703e+00,2.016999721527099609e+00,2.046093463897705078e+00,2.076038837432861328e+00,2.106873750686645508e+00,2.138638257980346680e+00,2.171375274658203125e+00,2.205129623413085938e+00,2.239946603775024414e+00,2.275880336761474609e+00,2.312985897064208984e+00,2.351321697235107422e+00,2.390949249267578125e+00,2.431935787200927734e+00,2.474351644515991211e+00,2.518273830413818359e+00,2.563783407211303711e+00,2.610967874526977539e+00,2.659921646118164062e+00,2.710746288299560547e+00,2.763551473617553711e+00,2.818454265594482422e+00,2.875582933425903320e+00,2.935075521469116211e+00,2.997081518173217773e+00,3.061764240264892578e+00,3.129300355911254883e+00,3.199883222579956055e+00,3.273723125457763672e+00,3.351052045822143555e+00,3.432121276855468750e+00,3.517209529876708984e+00,3.606624126434326172e+00,3.700703382492065430e+00,3.799822092056274414e+00,3.904396772384643555e+00,4.014889717102050781e+00,4.131819248199462891e+00,4.255764007568359375e+00,4.387374401092529297e+00,4.527385234832763672e+00,4.676626205444335938e+00,4.836042404174804688e+00,5.000000000000000000e+00,5.000000000000000000e+00,5.000000000000000000e+00,5.000000000000000000e+00,5.000000000000000000e+00,5.000000000000000000e+00,5.000000000000000000e+00,5.000000000000000000e+00,5.000000000000000000e+00,5.000000000000000000e+00,5.000000000000000000e+00,5.000000000000000000e+00,5.000000000000000000e+00,5.000000000000000000e+00,5.000000000000000000e+00,5.000000000000000000e+00,5.000000000000000000e+00,5.000000000000000000e+00,5.000000000000000000e+00,5.000000000000000000e+00,5.000000000000000000e+00,5.000000000000000000e+00,5.000000000000000000e+00,5.000000000000000000e+00,5.000000000000000000e+00,5.000000000000000000e+00,5.000000000000000000e+00,5.000000000000000000e+00,5.000000000000000000e+00,5.000000000000000000e+00,5.000000000000000000e+00,5.000000000000000000e+00,5.000000000000000000e+00,5.000000000000000000e+00,5.000000000000000000e+00
1.934460282325744629e+00,1.961202621459960938e+00,1.988694548606872559e+00,2.016968250274658203e+00,2.046057462692260742e+00,2.075998783111572266e+00,2.106832504272460938e+00,2.138595819473266602e+00,2.171331405639648438e+00,2.205085039138793945e+00,2.239904403686523438e+00,2.275841236114501953e+00,2.312945604324340820e+00,2.351279973983764648e+00,2.390906095504760742e+00,2.431891202926635742e+00,2.474305629730224609e+00,2.518225908279418945e+00,2.563733816146850586e+00,2.610916376113891602e+00,2.659868478775024414e+00,2.710690975189208984e+00,2.763493776321411133e+00,2.818394184112548828e+00,2.875520467758178711e+00,2.935010671615600586e+00,2.997013807296752930e+00,3.061693668365478516e+00,3.129226446151733398e+00,3.199805974960327148e+00,3.273642778396606445e+00,3.350967168807983398e+00,3.432033538818359375e+00,3.517118215560913086e+00,3.606527805328369141e+00,3.700602054595947266e+00,3.799715280532836914e+00,3.904284000396728516e+00,4.014770507812500000e+00,4.131692886352539062e+00,4.255630016326904297e+00,4.387232303619384766e+00,4.527233600616455078e+00,4.676464557647705078e+00,4.835869312286376953e+00,5.000000000000000000e+00,5.000000000000000000e+00,5.000000000000000000e+00,5.000000000000000000e+00,5.000000000000000000e+00,5.000000000000000000e+00,5.000000000000000000e+00,5.000000000000000000e+00,5.000000000000000000e+00,5.000000000000000000e+00,5.000000000000000000e+00,5.000000000000000000e+00,5.000000000000000000e+00,5.000000000000000000e+00,5.000000000000000000e+00,5.000000000000000000e+00,5.000000000000000000e+00,5.000000000000000000e+00,5.000000000000000000e+00,5.000000000000000000e+00,5.000000000000000000e+00,5.000000000000000000e+00,5.000000000000000000e+00,5.000000000000000000e+00,5.000000000000000000e+00,5.000000000000000000e+00,5.000000000000000000e+00,5.000000000000000000e+00,5.000000000000000000e+00,5.000000000000000000e+00,5.000000000000000000e+00,5.000000000000000000e+00,5.000000000000000000e+00,5.000000000000000000e+00,5.000000000000000000e+00
1.934432148933410645e+00,1.961173772811889648e+00,1.988664865493774414e+00,2.016937732696533203e+00,2.046026229858398438e+00,2.075965881347656250e+00,2.106794834136962891e+00,2.138553142547607422e+00,2.171287775039672852e+00,2.205039739608764648e+00,2.239857912063598633e+00,2.275793075561523438e+00,2.312900304794311523e+00,2.351237535476684570e+00,2.390863180160522461e+00,2.431846618652343750e+00,2.474259376525878906e+00,2.518178224563598633e+00,2.563684225082397461e+00,2.610865116119384766e+00,2.659815073013305664e+00,2.710635662078857422e+00,2.763436079025268555e+00,2.818334579467773438e+00,2.875458240509033203e+00,2.934945583343505859e+00,2.996946096420288086e+00,3.061623096466064453e+00,3.129152536392211914e+00,3.199728727340698242e+00,3.273561954498291016e+00,3.350882530212402344e+00,3.431944608688354492e+00,3.517025470733642578e+00,3.606431722640991211e+00,3.700500965118408203e+00,3.799608707427978516e+00,3.904171466827392578e+00,4.014651775360107422e+00,4.131567001342773438e+00,4.255496501922607422e+00,4.387090206146240234e+00,4.527082443237304688e+00,4.676303386688232422e+00,4.835697174072265625e+00,5.000000000000000000e+00,5.000000000000000000e+00,5.000000000000000000e+00,5.000000000000000000e+00,5.000000000000000000e+00,5.000000000000000000e+00,5.000000000000000000e+00,5.000000000000000000e+00,5.000000000000000000e+00,5.000000000000000000e+00,5.000000000000000000e+00,5.000000000000000000e+00,5.000000000000000000e+00,5.000000000000000000e+00,5.000000000000000000e+00,5.000000000000000000e+00,5.000000000000000000e+00,5.000000000000000000e+00,5.000000000000000000e+00,5.000000000000000000e+00,5.000000000000000000e+00,5.000000000000000000e+00,5.000000000000000000e+00,5.000000000000000000e+00,5.000000000000000000e+00,5.000000000000000000e+00,5.000000000000000000e+00,5.000000000000000000e+00,5.000000000000000000e+00,5.000000000000000000e+00,5.000000000000000000e+00,5.000000000000000000e+00,5.000000000000000000e+00,5.000000000000000000e+00,5.000000000000000000e+00
1.934404015541076660e+00,1.961144924163818359e+00,1.988635063171386719e+00,2.016907215118408203e+00,2.045994758605957031e+00,2.075933456420898438e+00,2.106761455535888672e+00,2.138518810272216797e+00,2.171248435974121094e+00,2.204995155334472656e+00,2.239810943603515625e+00,2.275744915008544922e+00,2.312850475311279297e+00,2.351186037063598633e+00,2.390813827514648438e+00,2.431800365447998047e+00,2.474213361740112305e+00,2.518130302429199219e+00,2.563634634017944336e+00,2.610813617706298828e+00,2.659761667251586914e+00,2.710580110549926758e+00,2.763378620147705078e+00,2.818274736404418945e+00,2.875395774841308594e+00,2.934880733489990234e+00,2.996878385543823242e+00,3.061552286148071289e+00,3.129078865051269531e+00,3.199651479721069336e+00,3.273481130599975586e+00,3.350797891616821289e+00,3.431855916976928711e+00,3.516932249069213867e+00,3.606334447860717773e+00,3.700399637222290039e+00,3.799501895904541016e+00,3.904058694839477539e+00,4.014532566070556641e+00,4.131441116333007812e+00,4.255362510681152344e+00,4.386948108673095703e+00,4.526931285858154297e+00,4.676141738891601562e+00,4.835524082183837891e+00,5.000000000000000000e+00,5.000000000000000000e+00,5.000000000000000000e+00,5.000000000000000000e+00,5.000000000000000000e+00,5.000000000000000000e+00,5.000000000000000000e+00,5.000000000000000000e+00,5.000000000000000000e+00,5.000000000000000000e+00,5.000000000000000000e+00,5.000000000000000000e+00,5.000000000000000000e+00,5.000000000000000000e+00,5.000000000000000000e+00,5.000000000000000000e+00,5.000000000000000000e+00,5.000000000000000000e+00,5.000000000000000000e+00,5.000000000000000000e+00,5.000000000000000000e+00,5.000000000000000000e+00,5.000000000000000000e+00,5.000000000000000000e+00,5.000000000000000000e+00,5.000000000000000000e+00,5.000000000000000000e+00,5.000000000000000000e+00,5.000000000000000000e+00,5.000000000000000000e+00,5.000000000000000000e+00,5.000000000000000000e+00,5.000000000000000000e+00,5.000000000000000000e+00,5.000000000000000000e+00
1.934376001358032227e+00,1.961115956306457520e+00,1.988605380058288574e+00,2.016876697540283203e+00,2.045963287353515625e+00,2.075901031494140625e+00,2.106728315353393555e+00,2.138484477996826172e+00,2.171212911605834961e+00,2.204958677291870117e+00,2.239769935607910156e+00,2.275697946548461914e+00,2.312800645828247070e+00,2.351134538650512695e+00,2.390760660171508789e+00,2.431745290756225586e+00,2.474159717559814453e+00,2.518079757690429688e+00,2.563585042953491211e+00,2.610762119293212891e+00,2.659708499908447266e+00,2.710524797439575195e+00,2.763320922851562500e+00,2.818214893341064453e+00,2.875333547592163086e+00,2.934815883636474609e+00,2.996810674667358398e+00,3.061481714248657227e+00,3.129004955291748047e+00,3.199574232101440430e+00,3.273400306701660156e+00,3.350713253021240234e+00,3.431767225265502930e+00,3.516839027404785156e+00,3.606236457824707031e+00,3.700297355651855469e+00,3.799395322799682617e+00,3.903946161270141602e+00,4.014413356781005859e+00,4.131314754486083984e+00,4.255228996276855469e+00,4.386806011199951172e+00,4.526779651641845703e+00,4.675980091094970703e+00,4.835351467132568359e+00,5.000000000000000000e+00,5.000000000000000000e+00,5.000000000000000000e+00,5.000000000000000000e+00,5.000000000000000000e+00,5.000000000000000000e+00,5.000000000000000000e+00,5.000000000000000000e+00,5.000000000000000000e+00,5.000000000000000000e+00,5.000000000000000000e+00,5.000000000000000000e+00,5.000000000000000000e+00,5.000000000000000000e+00,5.000000000000000000e+00,5.000000000000000000e+00,5.000000000000000000e+00,5.000000000000000000e+00,5.000000000000000000e+00,5.000000000000000000e+00,5.000000000000000000e+00,5.000000000000000000e+00,5.000000000000000000e+00,5.000000000000000000e+00,5.000000000000000000e+00,5.000000000000000000e+00,5.000000000000000000e+00,5.000000000000000000e+00,5.000000000000000000e+00,5.000000000000000000e+00,5.000000000000000000e+00,5.000000000000000000e+00,5.000000000000000000e+00,5.000000000000000000e+00,5.000000000000000000e+00
1.934347867965698242e+00,1.961087107658386230e+00,1.988575696945190430e+00,2.016845941543579102e+00,2.045931816101074219e+00,2.075868844985961914e+00,2.106694936752319336e+00,2.138450145721435547e+00,2.171177625656127930e+00,2.204922199249267578e+00,2.239732265472412109e+00,2.275659084320068359e+00,2.312757492065429688e+00,2.351085186004638672e+00,2.390707492828369141e+00,2.431690216064453125e+00,2.474102735519409180e+00,2.518020868301391602e+00,2.563526630401611328e+00,2.610707283020019531e+00,2.659655094146728516e+00,2.710469484329223633e+00,2.763263463973999023e+00,2.818154811859130859e+00,2.875271081924438477e+00,2.934750795364379883e+00,2.996742963790893555e+00,3.061410903930664062e+00,3.128931522369384766e+00,3.199497222900390625e+00,3.273319482803344727e+00,3.350628614425659180e+00,3.431678295135498047e+00,3.516745805740356445e+00,3.606138467788696289e+00,3.700193881988525391e+00,3.799286842346191406e+00,3.903833866119384766e+00,4.014294624328613281e+00,4.131188869476318359e+00,4.255095481872558594e+00,4.386663913726806641e+00,4.526628494262695312e+00,4.675818920135498047e+00,4.835178852081298828e+00,5.000000000000000000e+00,5.000000000000000000e+00,5.000000000000000000e+00,5.000000000000000000e+00,5.000000000000000000e+00,5.000000000000000000e+00,5.000000000000000000e+00,5.000000000000000000e+00,5.000000000000000000e+00,5.000000000000000000e+00,5.000000000000000000e+00,5.000000000000000000e+00,5.000000000000000000e+00,5.000000000000000000e+00,5.000000000000000000e+00,5.000000000000000000e+00,5.000000000000000000e+00,5.000000000000000000e+00,5.000000000000000000e+00,5.000000000000000000e+00,5.000000000000000000e+00,5.000000000000000000e+00,5.000000000000000000e+00,5.000000000000000000e+00,5.000000000000000000e+00,5.000000000000000000e+00,5.000000000000000000e+00,5.000000000000000000e+00,5.000000000000000000e+00,5.000000000000000000e+00,5.000000000000000000e+00,5.000000000000000000e+00,5.000000000000000000e+00,5.000000000000000000e+00,5.000000000000000000e+00
1.934319972991943359e+00,1.961058259010314941e+00,1.988546013832092285e+00,2.016815423965454102e+00,2.045900344848632812e+00,2.075836420059204102e+00,2.106661558151245117e+00,2.138415813446044922e+00,2.171142101287841797e+00,2.204885721206665039e+00,2.239694595336914062e+00,2.275620222091674805e+00,2.312717199325561523e+00,2.351043701171875000e+00,2.390661954879760742e+00,2.431638240814208984e+00,2.474045753479003906e+00,2.517961978912353516e+00,2.563465356826782227e+00,2.610643863677978516e+00,2.659591197967529297e+00,2.710409164428710938e+00,2.763206005096435547e+00,2.818094968795776367e+00,2.875208854675292969e+00,2.934685945510864258e+00,2.996675252914428711e+00,3.061340332031250000e+00,3.128857612609863281e+00,3.199419975280761719e+00,3.273238897323608398e+00,3.350543975830078125e+00,3.431589603424072266e+00,3.516652584075927734e+00,3.606040239334106445e+00,3.700090646743774414e+00,3.799178123474121094e+00,3.903718948364257812e+00,4.014175415039062500e+00,4.131062984466552734e+00,4.254961490631103516e+00,4.386521816253662109e+00,4.526477336883544922e+00,4.675657272338867188e+00,4.835006237030029297e+00,5.000000000000000000e+00,5.000000000000000000e+00,5.000000000000000000e+00,5.000000000000000000e+00,5.000000000000000000e+00,5.000000000000000000e+00,5.000000000000000000e+00,5.000000000000000000e+00,5.000000000000000000e+00,5.000000000000000000e+00,5.000000000000000000e+00,5.000000000000000000e+00,5.000000000000000000e+00,5.000000000000000000e+00,5.000000000000000000e+00,5.000000000000000000e+00,5.000000000000000000e+00,5.000000000000000000e+00,5.000000000000000000e+00,5.000000000000000000e+00,5.000000000000000000e+00,5.000000000000000000e+00,5.000000000000000000e+00,5.000000000000000000e+00,5.000000000000000000e+00,5.000000000000000000e+00,5.000000000000000000e+00,5.000000000000000000e+00,5.000000000000000000e+00,5.000000000000000000e+00,5.000000000000000000e+00,5.000000000000000000e+00,5.000000000000000000e+00,5.000000000000000000e+00,5.000000000000000000e+00
1.934291839599609375e+00,1.961029410362243652e+00,1.988516569137573242e+00,2.016785144805908203e+00,2.045869112014770508e+00,2.075804233551025391e+00,2.106628417968750000e+00,2.138381481170654297e+00,2.171106815338134766e+00,2.204849004745483398e+00,2.239656925201416016e+00,2.275581359863281250e+00,2.312677145004272461e+00,2.351002216339111328e+00,2.390619039535522461e+00,2.431593894958496094e+00,2.473997831344604492e+00,2.517906904220581055e+00,2.563404321670532227e+00,2.610580444335937500e+00,2.659525394439697266e+00,2.710340738296508789e+00,2.763136148452758789e+00,2.818028688430786133e+00,2.875146389007568359e+00,2.934620857238769531e+00,2.996607542037963867e+00,3.061269760131835938e+00,3.128783702850341797e+00,3.199342727661132812e+00,3.273158073425292969e+00,3.350459337234497070e+00,3.431500673294067383e+00,3.516559600830078125e+00,3.605942249298095703e+00,3.699987649917602539e+00,3.799069166183471680e+00,3.903604030609130859e+00,4.014053821563720703e+00,4.130936145782470703e+00,4.254827499389648438e+00,4.386379241943359375e+00,4.526325702667236328e+00,4.675496101379394531e+00,4.834833145141601562e+00,5.000000000000000000e+00,5.000000000000000000e+00,5.000000000000000000e+00,5.000000000000000000e+00,5.000000000000000000e+00,5.000000000000000000e+00,5.000000000000000000e+00,5.000000000000000000e+00,5.000000000000000000e+00,5.000000000000000000e+00,5.000000000000000000e+00,5.000000000000000000e+00,5.000000000000000000e+00,5.000000000000000000e+00,5.000000000000000000e+00,5.000000000000000000e+00,5.000000000000000000e+00,5.000000000000000000e+00,5.000000000000000000e+00,5.000000000000000000e+00,5.000000000000000000e+00,5.000000000000000000e+00,5.000000000000000000e+00,5.000000000000000000e+00,5.000000000000000000e+00,5.000000000000000000e+00,5.000000000000000000e+00,5.000000000000000000e+00,5.000000000000000000e+00,5.000000000000000000e+00,5.000000000000000000e+00,5.000000000000000000e+00,5.000000000000000000e+00,5.000000000000000000e+00,5.000000000000000000e+00
1.934263825416564941e+00,1.961000442504882812e+00,1.988486886024475098e+00,2.016754627227783203e+00,2.045837640762329102e+00,2.075771808624267578e+00,2.106595039367675781e+00,2.138347387313842773e+00,2.171071529388427734e+00,2.204812765121459961e+00,2.239619493484497070e+00,2.275542497634887695e+00,2.312637090682983398e+00,2.350960731506347656e+00,2.390576124191284180e+00,2.431549549102783203e+00,2.473951816558837891e+00,2.517859458923339844e+00,2.563353538513183594e+00,2.610522031784057617e+00,2.659459352493286133e+00,2.710272312164306641e+00,2.763065099716186523e+00,2.817955017089843750e+00,2.875069856643676758e+00,2.934548139572143555e+00,2.996538877487182617e+00,3.061198949813842773e+00,3.128710031509399414e+00,3.199265718460083008e+00,3.273077249526977539e+00,3.350374698638916016e+00,3.431411981582641602e+00,3.516466379165649414e+00,3.605844259262084961e+00,3.699884414672851562e+00,3.798960447311401367e+00,3.903489112854003906e+00,4.013932228088378906e+00,4.130807876586914062e+00,4.254693508148193359e+00,4.386237621307373047e+00,4.526174545288085938e+00,4.675334453582763672e+00,4.834661006927490234e+00,5.000000000000000000e+00,5.000000000000000000e+00,5.000000000000000000e+00,5.000000000000000000e+00,5.000000000000000000e+00,5.000000000000000000e+00,5.000000000000000000e+00,5.000000000000000000e+00,5.000000000000000000e+00,5.000000000000000000e+00,5.000000000000000000e+00,5.000000000000000000e+00,5.000000000000000000e+00,5.000000000000000000e+00,5.000000000000000000e+00,5.000000000000000000e+00,5.000000000000000000e+00,5.000000000000000000e+00,5.000000000000000000e+00,5.000000000000000000e+00,5.000000000000000000e+00,5.000000000000000000e+00,5.000000000000000000e+00,5.000000000000000000e+00,5.000000000000000000e+00,5.000000000000000000e+00,5.000000000000000000e+00,5.000000000000000000e+00,5.000000000000000000e+00,5.000000000000000000e+00,5.000000000000000000e+00,5.000000000000000000e+00,5.000000000000000000e+00,5.000000000000000000e+00,5.000000000000000000e+00
1.934235692024230957e+00,1.960971593856811523e+00,1.988457202911376953e+00,2.016723871231079102e+00,2.045806169509887695e+00,2.075739383697509766e+00,2.106561660766601562e+00,2.138313055038452148e+00,2.171036005020141602e+00,2.204776287078857422e+00,2.239581823348999023e+00,2.275503635406494141e+00,2.312596797943115234e+00,2.350919246673583984e+00,2.390533447265625000e+00,2.431505203247070312e+00,2.473906040191650391e+00,2.517812013626098633e+00,2.563304424285888672e+00,2.610471010208129883e+00,2.659405946731567383e+00,2.710210561752319336e+00,2.762994289398193359e+00,2.817880868911743164e+00,2.874992847442626953e+00,2.934467792510986328e+00,2.996455192565917969e+00,3.061118364334106445e+00,3.128633499145507812e+00,3.199188470840454102e+00,3.272996425628662109e+00,3.350290060043334961e+00,3.431323289871215820e+00,3.516373157501220703e+00,3.605746269226074219e+00,3.699781179428100586e+00,3.798851490020751953e+00,3.903374433517456055e+00,4.013810634613037109e+00,4.130679130554199219e+00,4.254556655883789062e+00,4.386094093322753906e+00,4.526023387908935547e+00,4.675173282623291016e+00,4.834488391876220703e+00,5.000000000000000000e+00,5.000000000000000000e+00,5.000000000000000000e+00,5.000000000000000000e+00,5.000000000000000000e+00,5.000000000000000000e+00,5.000000000000000000e+00,5.000000000000000000e+00,5.000000000000000000e+00,5.000000000000000000e+00,5.000000000000000000e+00,5.000000000000000000e+00,5.000000000000000000e+00,5.000000000000000000e+00,5.000000000000000000e+00,5.000000000000000000e+00,5.000000000000000000e+00,5.000000000000000000e+00,5.000000000000000000e+00,5.000000000000000000e+00,5.000000000000000000e+00,5.000000000000000000e+00,5.000000000000000000e+00,5.000000000000000000e+00,5.000000000000000000e+00,5.000000000000000000e+00,5.000000000000000000e+00,5.000000000000000000e+00,5.000000000000000000e+00,5.000000000000000000e+00,5.000000000000000000e+00,5.000000000000000000e+00,5.000000000000000000e+00,5.000000000000000000e+00,5.000000000000000000e+00
1.934207558631896973e+00,1.960942745208740234e+00,1.988427519798278809e+00,2.016693353652954102e+00,2.045774936676025391e+00,2.075707197189331055e+00,2.106528282165527344e+00,2.138278722763061523e+00,2.171000719070434570e+00,2.204739809036254883e+00,2.239544153213500977e+00,2.275464773178100586e+00,2.312556743621826172e+00,2.350877761840820312e+00,2.390490531921386719e+00,2.431460857391357422e+00,2.473860025405883789e+00,2.517764329910278320e+00,2.563255071640014648e+00,2.610419988632202148e+00,2.659353017807006836e+00,2.710155725479125977e+00,2.762937068939208984e+00,2.817815303802490234e+00,2.874917745590209961e+00,2.934387683868408203e+00,2.996371746063232422e+00,3.061031103134155273e+00,3.128542423248291016e+00,3.199099063873291016e+00,3.272911548614501953e+00,3.350205421447753906e+00,3.431234359741210938e+00,3.516279935836791992e+00,3.605648279190063477e+00,3.699677944183349609e+00,3.798742771148681641e+00,3.903259515762329102e+00,4.013689517974853516e+00,4.130550384521484375e+00,4.254420280456542969e+00,4.385949134826660156e+00,4.525870323181152344e+00,4.675011634826660156e+00,4.834315299987792969e+00,5.000000000000000000e+00,5.000000000000000000e+00,5.000000000000000000e+00,5.000000000000000000e+00,5.000000000000000000e+00,5.000000000000000000e+00,5.000000000000000000e+00,5.000000000000000000e+00,5.000000000000000000e+00,5.000000000000000000e+00,5.000000000000000000e+00,5.000000000000000000e+00,5.000000000000000000e+00,5.000000000000000000e+00,5.000000000000000000e+00,5.000000000000000000e+00,5.000000000000000000e+00,5.000000000000000000e+00,5.000000000000000000e+00,5.000000000000000000e+00,5.000000000000000000e+00,5.000000000000000000e+00,5.000000000000000000e+00,5.000000000000000000e+00,5.000000000000000000e+00,5.000000000000000000e+00,5.000000000000000000e+00,5.000000000000000000e+00,5.000000000000000000e+00,5.000000000000000000e+00,5.000000000000000000e+00,5.000000000000000000e+00,5.000000000000000000e+00,5.000000000000000000e+00,5.000000000000000000e+00
1.934179544448852539e+00,1.960913777351379395e+00,1.988397836685180664e+00,2.016662836074829102e+00,2.045743465423583984e+00,2.075674772262573242e+00,2.106495141983032227e+00,2.138244390487670898e+00,2.170965194702148438e+00,2.204703330993652344e+00,2.239506483078002930e+00,2.275425910949707031e+00,2.312516450881958008e+00,2.350836277008056641e+00,2.390447616577148438e+00,2.431416511535644531e+00,2.473814249038696289e+00,2.517716646194458008e+00,2.563205718994140625e+00,2.610368728637695312e+00,2.659299850463867188e+00,2.710100412368774414e+00,2.762879848480224609e+00,2.817755699157714844e+00,2.874855518341064453e+00,2.934317588806152344e+00,2.996291160583496094e+00,3.060944080352783203e+00,3.128451585769653320e+00,3.199003934860229492e+00,3.272811889648437500e+00,3.350106000900268555e+00,3.431139707565307617e+00,3.516186714172363281e+00,3.605550050735473633e+00,3.699574708938598633e+00,3.798634052276611328e+00,3.903144598007202148e+00,4.013567924499511719e+00,4.130422115325927734e+00,4.254283905029296875e+00,4.385804176330566406e+00,4.525715827941894531e+00,4.674848079681396484e+00,4.834143161773681641e+00,5.000000000000000000e+00,5.000000000000000000e+00,5.000000000000000000e+00,5.000000000000000000e+00,5.000000000000000000e+00,5.000000000000000000e+00,5.000000000000000000e+00,5.000000000000000000e+00,5.000000000000000000e+00,5.000000000000000000e+00,5.000000000000000000e+00,5.000000000000000000e+00,5.000000000000000000e+00,5.000000000000000000e+00,5.000000000000000000e+00,5.000000000000000000e+00,5.000000000000000000e+00,5.000000000000000000e+00,5.000000000000000000e+00,5.000000000000000000e+00,5.000000000000000000e+00,5.000000000000000000e+00,5.000000000000000000e+00,5.000000000000000000e+00,5.000000000000000000e+00,5.000000000000000000e+00,5.000000000000000000e+00,5.000000000000000000e+00,5.000000000000000000e+00,5.000000000000000000e+00,5.000000000000000000e+00,5.000000000000000000e+00,5.000000000000000000e+00,5.000000000000000000e+00,5.000000000000000000e+00
1.934151411056518555e+00,1.960885167121887207e+00,1.988368034362792969e+00,2.016632556915283203e+00,2.045711994171142578e+00,2.075642347335815430e+00,2.106461763381958008e+00,2.138210058212280273e+00,2.170929908752441406e+00,2.204666614532470703e+00,2.239468812942504883e+00,2.275387048721313477e+00,2.312476396560668945e+00,2.350794792175292969e+00,2.390404701232910156e+00,2.431371927261352539e+00,2.473768234252929688e+00,2.517669200897216797e+00,2.563156366348266602e+00,2.610317707061767578e+00,2.659246683120727539e+00,2.710045337677001953e+00,2.762822628021240234e+00,2.817696094512939453e+00,2.874793529510498047e+00,2.934252977371215820e+00,2.996223688125610352e+00,3.060868978500366211e+00,3.128364801406860352e+00,3.198908805847167969e+00,3.272712230682373047e+00,3.350001811981201172e+00,3.431030273437500000e+00,3.516075372695922852e+00,3.605443954467773438e+00,3.699471473693847656e+00,3.798525094985961914e+00,3.903029680252075195e+00,4.013446807861328125e+00,4.130293369293212891e+00,4.254147529602050781e+00,4.385659217834472656e+00,4.525561332702636719e+00,4.674683570861816406e+00,4.833967685699462891e+00,5.000000000000000000e+00,5.000000000000000000e+00,5.000000000000000000e+00,5.000000000000000000e+00,5.000000000000000000e+00,5.000000000000000000e+00,5.000000000000000000e+00,5.000000000000000000e+00,5.000000000000000000e+00,5.000000000000000000e+00,5.000000000000000000e+00,5.000000000000000000e+00,5.000000000000000000e+00,5.000000000000000000e+00,5.000000000000000000e+00,5.000000000000000000e+00,5.000000000000000000e+00,5.000000000000000000e+00,5.000000000000000000e+00,5.000000000000000000e+00,5.000000000000000000e+00,5.000000000000000000e+00,5.000000000000000000e+00,5.000000000000000000e+00,5.000000000000000000e+00,5.000000000000000000e+00,5.000000000000000000e+00,5.000000000000000000e+00,5.000000000000000000e+00,5.000000000000000000e+00,5.000000000000000000e+00,5.000000000000000000e+00,5.000000000000000000e+00,5.000000000000000000e+00,5.000000000000000000e+00
1.934123277664184570e+00,1.960856318473815918e+00,1.988338351249694824e+00,2.016602039337158203e+00,2.045680761337280273e+00,2.075610160827636719e+00,2.106428623199462891e+00,2.138175725936889648e+00,2.170894622802734375e+00,2.204630374908447266e+00,2.239431142807006836e+00,2.275348186492919922e+00,2.312436103820800781e+00,2.350753307342529297e+00,2.390361785888671875e+00,2.431327581405639648e+00,2.473722219467163086e+00,2.517621517181396484e+00,2.563107013702392578e+00,2.610266447067260742e+00,2.659193754196166992e+00,2.709990262985229492e+00,2.762765169143676758e+00,2.817636489868164062e+00,2.874731540679931641e+00,2.934188365936279297e+00,2.996156454086303711e+00,3.060798645019531250e+00,3.128291368484497070e+00,3.198827981948852539e+00,3.272618770599365234e+00,3.349897146224975586e+00,3.430920362472534180e+00,3.515960454940795898e+00,3.605323076248168945e+00,3.699346780776977539e+00,3.798405647277832031e+00,3.902914762496948242e+00,4.013325214385986328e+00,4.130164623260498047e+00,4.254011154174804688e+00,4.385514259338378906e+00,4.525406837463378906e+00,4.674519062042236328e+00,4.833791732788085938e+00,5.000000000000000000e+00,5.000000000000000000e+00,5.000000000000000000e+00,5.000000000000000000e+00,5.000000000000000000e+00,5.000000000000000000e+00,5.000000000000000000e+00,5.000000000000000000e+00,5.000000000000000000e+00,5.000000000000000000e+00,5.000000000000000000e+00,5.000000000000000000e+00,5.000000000000000000e+00,5.000000000000000000e+00,5.000000000000000000e+00,5.000000000000000000e+00,5.000000000000000000e+00,5.000000000000000000e+00,5.000000000000000000e+00,5.000000000000000000e+00,5.000000000000000000e+00,5.000000000000000000e+00,5.000000000000000000e+00,5.000000000000000000e+00,5.000000000000000000e+00,5.000000000000000000e+00,5.000000000000000000e+00,5.000000000000000000e+00,5.000000000000000000e+00,5.000000000000000000e+00,5.000000000000000000e+00,5.000000000000000000e+00,5.000000000000000000e+00,5.000000000000000000e+00,5.000000000000000000e+00
1.934095263481140137e+00,1.960827469825744629e+00,1.988308668136596680e+00,2.016571283340454102e+00,2.045649290084838867e+00,2.075577735900878906e+00,2.106395244598388672e+00,2.138141393661499023e+00,2.170859336853027344e+00,2.204593896865844727e+00,2.239393472671508789e+00,2.275309562683105469e+00,2.312396287918090820e+00,2.350712060928344727e+00,2.390318870544433594e+00,2.431283473968505859e+00,2.473676443099975586e+00,2.517573833465576172e+00,2.563057661056518555e+00,2.610215187072753906e+00,2.659140586853027344e+00,2.709934949874877930e+00,2.762707948684692383e+00,2.817576885223388672e+00,2.874669313430786133e+00,2.934123754501342773e+00,2.996088981628417969e+00,3.060728311538696289e+00,3.128217935562133789e+00,3.198751211166381836e+00,3.272538423538208008e+00,3.349810123443603516e+00,3.430819272994995117e+00,3.515845298767089844e+00,3.605201959609985352e+00,3.699218988418579102e+00,3.798270940780639648e+00,3.902773618698120117e+00,4.013189315795898438e+00,4.130034446716308594e+00,4.253874301910400391e+00,4.385368824005126953e+00,4.525252819061279297e+00,4.674354076385498047e+00,4.833615303039550781e+00,5.000000000000000000e+00,5.000000000000000000e+00,5.000000000000000000e+00,5.000000000000000000e+00,5.000000000000000000e+00,5.000000000000000000e+00,5.000000000000000000e+00,5.000000000000000000e+00,5.000000000000000000e+00,5.000000000000000000e+00,5.000000000000000000e+00,5.000000000000000000e+00,5.000000000000000000e+00,5.000000000000000000e+00,5.000000000000000000e+00,5.000000000000000000e+00,5.000000000000000000e+00,5.000000000000000000e+00,5.000000000000000000e+00,5.000000000000000000e+00,5.000000000000000000e+00,5.000000000000000000e+00,5.000000000000000000e+00,5.000000000000000000e+00,5.000000000000000000e+00,5.000000000000000000e+00,5.000000000000000000e+00,5.000000000000000000e+00,5.000000000000000000e+00,5.000000000000000000e+00,5.000000000000000000e+00,5.000000000000000000e+00,5.000000000000000000e+00,5.000000000000000000e+00,5.000000000000000000e+00
1.934067130088806152e+00,1.960798501968383789e+00,1.988278985023498535e+00,2.016540765762329102e+00,2.045617818832397461e+00,2.075545549392700195e+00,2.106361865997314453e+00,2.138107061386108398e+00,2.170823812484741211e+00,2.204557418823242188e+00,2.239355802536010742e+00,2.275270462036132812e+00,2.312355995178222656e+00,2.350670576095581055e+00,2.390275955200195312e+00,2.431239128112792969e+00,2.473630428314208984e+00,2.517526388168334961e+00,2.563008546829223633e+00,2.610164403915405273e+00,2.659087657928466797e+00,2.709880113601684570e+00,2.762650728225708008e+00,2.817517280578613281e+00,2.874607324600219727e+00,2.934058904647827148e+00,2.996021509170532227e+00,3.060657978057861328e+00,3.128144502639770508e+00,3.198674201965332031e+00,3.272457838058471680e+00,3.349725961685180664e+00,3.430731058120727539e+00,3.515750885009765625e+00,3.605091810226440430e+00,3.699091911315917969e+00,3.798136949539184570e+00,3.902631998062133789e+00,4.013039588928222656e+00,4.129876136779785156e+00,4.253719329833984375e+00,4.385220050811767578e+00,4.525098323822021484e+00,4.674189567565917969e+00,4.833439350128173828e+00,5.000000000000000000e+00,5.000000000000000000e+00,5.000000000000000000e+00,5.000000000000000000e+00,5.000000000000000000e+00,5.000000000000000000e+00,5.000000000000000000e+00,5.000000000000000000e+00,5.000000000000000000e+00,5.000000000000000000e+00,5.000000000000000000e+00,5.000000000000000000e+00,5.000000000000000000e+00,5.000000000000000000e+00,5.000000000000000000e+00,5.000000000000000000e+00,5.000000000000000000e+00,5.000000000000000000e+00,5.000000000000000000e+00,5.000000000000000000e+00,5.000000000000000000e+00,5.000000000000000000e+00,5.000000000000000000e+00,5.000000000000000000e+00,5.000000000000000000e+00,5.000000000000000000e+00,5.000000000000000000e+00,5.000000000000000000e+00,5.000000000000000000e+00,5.000000000000000000e+00,5.000000000000000000e+00,5.000000000000000000e+00,5.000000000000000000e+00,5.000000000000000000e+00,5.000000000000000000e+00
1.934038996696472168e+00,1.960769653320312500e+00,1.988249301910400391e+00,2.016510248184204102e+00,2.045586347579956055e+00,2.075513124465942383e+00,2.106328487396240234e+00,2.138072729110717773e+00,2.170788526535034180e+00,2.204520940780639648e+00,2.239318132400512695e+00,2.275231599807739258e+00,2.312315940856933594e+00,2.350629091262817383e+00,2.390233039855957031e+00,2.431194543838500977e+00,2.473584651947021484e+00,2.517478942871093750e+00,2.562959194183349609e+00,2.610113143920898438e+00,2.659034490585327148e+00,2.709825038909912109e+00,2.762593507766723633e+00,2.817457914352416992e+00,2.874545574188232422e+00,2.933994531631469727e+00,2.995954275131225586e+00,3.060587882995605469e+00,3.128071308135986328e+00,3.198597431182861328e+00,3.272377490997314453e+00,3.349641561508178711e+00,3.430642604827880859e+00,3.515658140182495117e+00,3.604994297027587891e+00,3.698989152908325195e+00,3.798016548156738281e+00,3.902492284774780273e+00,4.012889385223388672e+00,4.129717350006103516e+00,4.253551006317138672e+00,4.385040760040283203e+00,4.524919986724853516e+00,4.674016952514648438e+00,4.833263397216796875e+00,5.000000000000000000e+00,5.000000000000000000e+00,5.000000000000000000e+00,5.000000000000000000e+00,5.000000000000000000e+00,5.000000000000000000e+00,5.000000000000000000e+00,5.000000000000000000e+00,5.000000000000000000e+00,5.000000000000000000e+00,5.000000000000000000e+00,5.000000000000000000e+00,5.000000000000000000e+00,5.000000000000000000e+00,5.000000000000000000e+00,5.000000000000000000e+00,5.000000000000000000e+00,5.000000000000000000e+00,5.000000000000000000e+00,5.000000000000000000e+00,5.000000000000000000e+00,5.000000000000000000e+00,5.000000000000000000e+00,5.000000000000000000e+00,5.000000000000000000e+00,5.000000000000000000e+00,5.000000000000000000e+00,5.000000000000000000e+00,5.000000000000000000e+00,5.000000000000000000e+00,5.000000000000000000e+00,5.000000000000000000e+00,5.000000000000000000e+00,5.000000000000000000e+00,5.000000000000000000e+00
1.934011101722717285e+00,1.960740804672241211e+00,1.988219857215881348e+00,2.016479730606079102e+00,2.045554876327514648e+00,2.075480699539184570e+00,2.106295347213745117e+00,2.138038396835327148e+00,2.170753002166748047e+00,2.204484462738037109e+00,2.239280462265014648e+00,2.275192737579345703e+00,2.312275648117065430e+00,2.350587606430053711e+00,2.390190124511718750e+00,2.431150197982788086e+00,2.473538637161254883e+00,2.517431259155273438e+00,2.562909841537475586e+00,2.610061883926391602e+00,2.658981561660766602e+00,2.709769725799560547e+00,2.762536048889160156e+00,2.817398309707641602e+00,2.874483346939086914e+00,2.933929920196533203e+00,2.995887041091918945e+00,3.060517549514770508e+00,3.127997636795043945e+00,3.198520898818969727e+00,3.272297382354736328e+00,3.349557638168334961e+00,3.430554628372192383e+00,3.515565633773803711e+00,3.604897022247314453e+00,3.698886394500732422e+00,3.797908306121826172e+00,3.902377843856811523e+00,4.012757301330566406e+00,4.129562854766845703e+00,4.253382682800292969e+00,4.384861946105957031e+00,4.524729728698730469e+00,4.673813819885253906e+00,4.833056926727294922e+00,5.000000000000000000e+00,5.000000000000000000e+00,5.000000000000000000e+00,5.000000000000000000e+00,5.000000000000000000e+00,5.000000000000000000e+00,5.000000000000000000e+00,5.000000000000000000e+00,5.000000000000000000e+00,5.000000000000000000e+00,5.000000000000000000e+00,5.000000000000000000e+00,5.000000000000000000e+00,5.000000000000000000e+00,5.000000000000000000e+00,5.000000000000000000e+00,5.000000000000000000e+00,5.000000000000000000e+00,5.000000000000000000e+00,5.000000000000000000e+00,5.000000000000000000e+00,5.000000000000000000e+00,5.000000000000000000e+00,5.000000000000000000e+00,5.000000000000000000e+00,5.000000000000000000e+00,5.000000000000000000e+00,5.000000000000000000e+00,5.000000000000000000e+00,5.000000000000000000e+00,5.000000000000000000e+00,5.000000000000000000e+00,5.000000000000000000e+00,5.000000000000000000e+00,5.000000000000000000e+00
1.933983087539672852e+00,1.960711956024169922e+00,1.988190174102783203e+00,2.016449451446533203e+00,2.045523643493652344e+00,2.075448513031005859e+00,2.106261968612670898e+00,2.138004302978515625e+00,2.170717716217041016e+00,2.204447746276855469e+00,2.239243030548095703e+00,2.275153875350952148e+00,2.312235593795776367e+00,2.350546121597290039e+00,2.390147209167480469e+00,2.431105852127075195e+00,2.473492622375488281e+00,2.517383813858032227e+00,2.562860488891601562e+00,2.610010862350463867e+00,2.658928394317626953e+00,2.709714651107788086e+00,2.762478828430175781e+00,2.817338466644287109e+00,2.874421358108520508e+00,2.933865308761596680e+00,2.995819568634033203e+00,3.060446977615356445e+00,3.127924203872680664e+00,3.198444128036499023e+00,3.272217035293579102e+00,3.349473476409912109e+00,3.430466175079345703e+00,3.515472888946533203e+00,3.604799509048461914e+00,3.698783874511718750e+00,3.797800302505493164e+00,3.902263879776000977e+00,4.012636661529541016e+00,4.129435062408447266e+00,4.253236770629882812e+00,4.384690761566162109e+00,4.524538993835449219e+00,4.673610210418701172e+00,4.832839488983154297e+00,5.000000000000000000e+00,5.000000000000000000e+00,5.000000000000000000e+00,5.000000000000000000e+00,5.000000000000000000e+00,5.000000000000000000e+00,5.000000000000000000e+00,5.000000000000000000e+00,5.000000000000000000e+00,5.000000000000000000e+00,5.000000000000000000e+00,5.000000000000000000e+00,5.000000000000000000e+00,5.000000000000000000e+00,5.000000000000000000e+00,5.000000000000000000e+00,5.000000000000000000e+00,5.000000000000000000e+00,5.000000000000000000e+00,5.000000000000000000e+00,5.000000000000000000e+00,5.000000000000000000e+00,5.000000000000000000e+00,5.000000000000000000e+00,5.000000000000000000e+00,5.000000000000000000e+00,5.000000000000000000e+00,5.000000000000000000e+00,5.000000000000000000e+00,5.000000000000000000e+00,5.000000000000000000e+00,5.000000000000000000e+00,5.000000000000000000e+00,5.000000000000000000e+00,5.000000000000000000e+00
1.933954954147338867e+00,1.960683107376098633e+00,1.988160490989685059e+00,2.016418933868408203e+00,2.045492172241210938e+00,2.075416088104248047e+00,2.106228828430175781e+00,2.137969970703125000e+00,2.170682430267333984e+00,2.204411506652832031e+00,2.239205360412597656e+00,2.275115251541137695e+00,2.312195539474487305e+00,2.350504636764526367e+00,2.390104532241821289e+00,2.431061506271362305e+00,2.473446607589721680e+00,2.517336130142211914e+00,2.562811374664306641e+00,2.609959602355957031e+00,2.658875226974487305e+00,2.709659576416015625e+00,2.762421607971191406e+00,2.817278861999511719e+00,2.874359369277954102e+00,2.933800697326660156e+00,2.995752096176147461e+00,3.060376644134521484e+00,3.127850770950317383e+00,3.198367357254028320e+00,3.272136688232421875e+00,3.349389076232910156e+00,3.430377721786499023e+00,3.515379905700683594e+00,3.604701757431030273e+00,3.698681116104125977e+00,3.797692060470581055e+00,3.902149677276611328e+00,4.012515544891357422e+00,4.129306793212890625e+00,4.253100872039794922e+00,4.384546279907226562e+00,4.524376392364501953e+00,4.673418521881103516e+00,4.832622051239013672e+00,5.000000000000000000e+00,5.000000000000000000e+00,5.000000000000000000e+00,5.000000000000000000e+00,5.000000000000000000e+00,5.000000000000000000e+00,5.000000000000000000e+00,5.000000000000000000e+00,5.000000000000000000e+00,5.000000000000000000e+00,5.000000000000000000e+00,5.000000000000000000e+00,5.000000000000000000e+00,5.000000000000000000e+00,5.000000000000000000e+00,5.000000000000000000e+00,5.000000000000000000e+00,5.000000000000000000e+00,5.000000000000000000e+00,5.000000000000000000e+00,5.000000000000000000e+00,5.000000000000000000e+00,5.000000000000000000e+00,5.000000000000000000e+00,5.000000000000000000e+00,5.000000000000000000e+00,5.000000000000000000e+00,5.000000000000000000e+00,5.000000000000000000e+00,5.000000000000000000e+00,5.000000000000000000e+00,5.000000000000000000e+00,5.000000000000000000e+00,5.000000000000000000e+00,5.000000000000000000e+00
1.933926939964294434e+00,1.960654139518737793e+00,1.988130807876586914e+00,2.016388177871704102e+00,2.045460700988769531e+00,2.075383901596069336e+00,2.106195449829101562e+00,2.137935638427734375e+00,2.170647144317626953e+00,2.204375028610229492e+00,2.239167690277099609e+00,2.275076389312744141e+00,2.312155485153198242e+00,2.350463151931762695e+00,2.390061616897583008e+00,2.431017160415649414e+00,2.473400831222534180e+00,2.517288684844970703e+00,2.562762022018432617e+00,2.609908819198608398e+00,2.658822298049926758e+00,2.709604263305664062e+00,2.762364149093627930e+00,2.817219257354736328e+00,2.874297380447387695e+00,2.933736085891723633e+00,2.995684862136840820e+00,3.060306310653686523e+00,3.127777338027954102e+00,3.198290348052978516e+00,3.272056102752685547e+00,3.349304914474487305e+00,3.430289506912231445e+00,3.515287160873413086e+00,3.604604244232177734e+00,3.698578357696533203e+00,3.797583580017089844e+00,3.902035236358642578e+00,4.012394905090332031e+00,4.129179000854492188e+00,4.252964973449707031e+00,4.384402275085449219e+00,4.524222850799560547e+00,4.673254489898681641e+00,4.832439422607421875e+00,5.000000000000000000e+00,5.000000000000000000e+00,5.000000000000000000e+00,5.000000000000000000e+00,5.000000000000000000e+00,5.000000000000000000e+00,5.000000000000000000e+00,5.000000000000000000e+00,5.000000000000000000e+00,5.000000000000000000e+00,5.000000000000000000e+00,5.000000000000000000e+00,5.000000000000000000e+00,5.000000000000000000e+00,5.000000000000000000e+00,5.000000000000000000e+00,5.000000000000000000e+00,5.000000000000000000e+00,5.000000000000000000e+00,5.000000000000000000e+00,5.000000000000000000e+00,5.000000000000000000e+00,5.000000000000000000e+00,5.000000000000000000e+00,5.000000000000000000e+00,5.000000000000000000e+00,5.000000000000000000e+00,5.000000000000000000e+00,5.000000000000000000e+00,5.000000000000000000e+00,5.000000000000000000e+00,5.000000000000000000e+00,5.000000000000000000e+00,5.000000000000000000e+00,5.000000000000000000e+00
1.933898806571960449e+00,1.960625290870666504e+00,1.988101124763488770e+00,2.016357660293579102e+00,2.045429468154907227e+00,2.075351476669311523e+00,2.106162071228027344e+00,2.137901306152343750e+00,2.170611619949340820e+00,2.204338550567626953e+00,2.239130020141601562e+00,2.275037527084350586e+00,2.312115192413330078e+00,2.350421667098999023e+00,2.390018701553344727e+00,2.430972814559936523e+00,2.473355054855346680e+00,2.517241239547729492e+00,2.562712907791137695e+00,2.609857559204101562e+00,2.658769369125366211e+00,2.709549427032470703e+00,2.762307167053222656e+00,2.817159891128540039e+00,2.874235391616821289e+00,2.933671712875366211e+00,2.995617628097534180e+00,3.060235977172851562e+00,3.127703905105590820e+00,3.198213577270507812e+00,3.271975755691528320e+00,3.349220752716064453e+00,3.430201053619384766e+00,3.515194416046142578e+00,3.604506731033325195e+00,3.698475599288940430e+00,3.797475337982177734e+00,3.901920795440673828e+00,4.012273788452148438e+00,4.129051208496093750e+00,4.252829551696777344e+00,4.384257793426513672e+00,4.524069309234619141e+00,4.673090457916259766e+00,4.832263946533203125e+00,5.000000000000000000e+00,5.000000000000000000e+00,5.000000000000000000e+00,5.000000000000000000e+00,5.000000000000000000e+00,5.000000000000000000e+00,5.000000000000000000e+00,5.000000000000000000e+00,5.000000000000000000e+00,5.000000000000000000e+00,5.000000000000000000e+00,5.000000000000000000e+00,5.000000000000000000e+00,5.000000000000000000e+00,5.000000000000000000e+00,5.000000000000000000e+00,5.000000000000000000e+00,5.000000000000000000e+00,5.000000000000000000e+00,5.000000000000000000e+00,5.000000000000000000e+00,5.000000000000000000e+00,5.000000000000000000e+00,5.000000000000000000e+00,5.000000000000000000e+00,5.000000000000000000e+00,5.000000000000000000e+00,5.000000000000000000e+00,5.000000000000000000e+00,5.000000000000000000e+00,5.000000000000000000e+00,5.000000000000000000e+00,5.000000000000000000e+00,5.000000000000000000e+00,5.000000000000000000e+00
1.933870673179626465e+00,1.960596442222595215e+00,1.988071441650390625e+00,2.016327142715454102e+00,2.045397996902465820e+00,2.075319051742553711e+00,2.106128692626953125e+00,2.137866973876953125e+00,2.170576333999633789e+00,2.204302072525024414e+00,2.239092350006103516e+00,2.274998664855957031e+00,2.312075138092041016e+00,2.350380182266235352e+00,2.389975786209106445e+00,2.430928468704223633e+00,2.473309040069580078e+00,2.517193555831909180e+00,2.562663555145263672e+00,2.609806299209594727e+00,2.658716201782226562e+00,2.709494352340698242e+00,2.762249708175659180e+00,2.817100286483764648e+00,2.874173402786254883e+00,2.933607101440429688e+00,2.995550155639648438e+00,3.060166120529174805e+00,3.127630710601806641e+00,3.198137044906616211e+00,3.271895647048950195e+00,3.349136829376220703e+00,3.430113077163696289e+00,3.515101671218872070e+00,3.604409217834472656e+00,3.698373079299926758e+00,3.797367095947265625e+00,3.901806592941284180e+00,4.012153148651123047e+00,4.128922939300537109e+00,4.252693653106689453e+00,4.384113788604736328e+00,4.523915290832519531e+00,4.672926902770996094e+00,4.832088947296142578e+00,5.000000000000000000e+00,5.000000000000000000e+00,5.000000000000000000e+00,5.000000000000000000e+00,5.000000000000000000e+00,5.000000000000000000e+00,5.000000000000000000e+00,5.000000000000000000e+00,5.000000000000000000e+00,5.000000000000000000e+00,5.000000000000000000e+00,5.000000000000000000e+00,5.000000000000000000e+00,5.000000000000000000e+00,5.000000000000000000e+00,5.000000000000000000e+00,5.000000000000000000e+00,5.000000000000000000e+00,5.000000000000000000e+00,5.000000000000000000e+00,5.000000000000000000e+00,5.000000000000000000e+00,5.000000000000000000e+00,5.000000000000000000e+00,5.000000000000000000e+00,5.000000000000000000e+00,5.000000000000000000e+00,5.000000000000000000e+00,5.000000000000000000e+00,5.000000000000000000e+00,5.000000000000000000e+00,5.000000000000000000e+00,5.000000000000000000e+00,5.000000000000000000e+00,5.000000000000000000e+00
1.933842658996582031e+00,1.960567831993103027e+00,1.988041758537292480e+00,2.016296863555908203e+00,2.045366764068603516e+00,2.075286865234375000e+00,2.106095552444458008e+00,2.137832641601562500e+00,2.170540809631347656e+00,2.204265594482421875e+00,2.239054679870605469e+00,2.274959802627563477e+00,2.312035083770751953e+00,2.350338697433471680e+00,2.389932870864868164e+00,2.430884122848510742e+00,2.473263025283813477e+00,2.517145872116088867e+00,2.562614202499389648e+00,2.609755277633666992e+00,2.658663034439086914e+00,2.709439277648925781e+00,2.762192487716674805e+00,2.817040681838989258e+00,2.874111413955688477e+00,2.933542490005493164e+00,2.995482921600341797e+00,3.060095787048339844e+00,3.127557277679443359e+00,3.198060274124145508e+00,3.271815299987792969e+00,3.349052429199218750e+00,3.430024623870849609e+00,3.515009164810180664e+00,3.604311943054199219e+00,3.698270559310913086e+00,3.797259092330932617e+00,3.901692628860473633e+00,4.012032508850097656e+00,4.128795146942138672e+00,4.252557754516601562e+00,4.383969306945800781e+00,4.523761749267578125e+00,4.672762870788574219e+00,4.831913471221923828e+00,5.000000000000000000e+00,5.000000000000000000e+00,5.000000000000000000e+00,5.000000000000000000e+00,5.000000000000000000e+00,5.000000000000000000e+00,5.000000000000000000e+00,5.000000000000000000e+00,5.000000000000000000e+00,5.000000000000000000e+00,5.000000000000000000e+00,5.000000000000000000e+00,5.000000000000000000e+00,5.000000000000000000e+00,5.000000000000000000e+00,5.000000000000000000e+00,5.000000000000000000e+00,5.000000000000000000e+00,5.000000000000000000e+00,5.000000000000000000e+00,5.000000000000000000e+00,5.000000000000000000e+00,5.000000000000000000e+00,5.000000000000000000e+00,5.000000000000000000e+00,5.000000000000000000e+00,5.000000000000000000e+00,5.000000000000000000e+00,5.000000000000000000e+00,5.000000000000000000e+00,5.000000000000000000e+00,5.000000000000000000e+00,5.000000000000000000e+00,5.000000000000000000e+00,5.000000000000000000e+00
1.933814525604248047e+00,1.960538983345031738e+00,1.988012075424194336e+00,2.016266345977783203e+00,2.045335292816162109e+00,2.075254440307617188e+00,2.106062173843383789e+00,2.137798309326171875e+00,2.170505523681640625e+00,2.204229116439819336e+00,2.239017248153686523e+00,2.274920940399169922e+00,2.311995029449462891e+00,2.350297212600708008e+00,2.389890193939208984e+00,2.430839776992797852e+00,2.473217248916625977e+00,2.517098426818847656e+00,2.562564849853515625e+00,2.609704017639160156e+00,2.658610105514526367e+00,2.709383964538574219e+00,2.762135267257690430e+00,2.816981077194213867e+00,2.874049425125122070e+00,2.933477640151977539e+00,2.995415449142456055e+00,3.060025453567504883e+00,3.127483606338500977e+00,3.197983503341674805e+00,3.271734952926635742e+00,3.348968267440795898e+00,3.429936408996582031e+00,3.514916419982910156e+00,3.604214429855346680e+00,3.698168039321899414e+00,3.797150850296020508e+00,3.901578426361083984e+00,4.011911392211914062e+00,4.128667354583740234e+00,4.252422332763671875e+00,4.383825302124023438e+00,4.523608207702636719e+00,4.672599315643310547e+00,4.831738471984863281e+00,5.000000000000000000e+00,5.000000000000000000e+00,5.000000000000000000e+00,5.000000000000000000e+00,5.000000000000000000e+00,5.000000000000000000e+00,5.000000000000000000e+00,5.000000000000000000e+00,5.000000000000000000e+00,5.000000000000000000e+00,5.000000000000000000e+00,5.000000000000000000e+00,5.000000000000000000e+00,5.000000000000000000e+00,5.000000000000000000e+00,5.000000000000000000e+00,5.000000000000000000e+00,5.000000000000000000e+00,5.000000000000000000e+00,5.000000000000000000e+00,5.000000000000000000e+00,5.000000000000000000e+00,5.000000000000000000e+00,5.000000000000000000e+00,5.000000000000000000e+00,5.000000000000000000e+00,5.000000000000000000e+00,5.000000000000000000e+00,5.000000000000000000e+00,5.000000000000000000e+00,5.000000000000000000e+00,5.000000000000000000e+00,5.000000000000000000e+00,5.000000000000000000e+00,5.000000000000000000e+00
1.933786511421203613e+00,1.960510134696960449e+00,1.987982392311096191e+00,2.016235828399658203e+00,2.045303821563720703e+00,2.075222253799438477e+00,2.106029033660888672e+00,2.137764215469360352e+00,2.170470237731933594e+00,2.204192638397216797e+00,2.238979578018188477e+00,2.274882078170776367e+00,2.311954975128173828e+00,2.350255966186523438e+00,2.389847278594970703e+00,2.430795431137084961e+00,2.473171472549438477e+00,2.517050981521606445e+00,2.562515735626220703e+00,2.609652996063232422e+00,2.658556938171386719e+00,2.709328889846801758e+00,2.762077808380126953e+00,2.816921710968017578e+00,2.873987436294555664e+00,2.933413028717041016e+00,2.995348215103149414e+00,3.059955120086669922e+00,3.127410173416137695e+00,3.197906732559204102e+00,3.271654605865478516e+00,3.348884105682373047e+00,3.429847955703735352e+00,3.514823675155639648e+00,3.604116916656494141e+00,3.698065280914306641e+00,3.797042608261108398e+00,3.901463985443115234e+00,4.011790752410888672e+00,4.128539085388183594e+00,4.252286434173583984e+00,4.383680820465087891e+00,4.523454666137695312e+00,4.672435283660888672e+00,4.831563472747802734e+00,5.000000000000000000e+00,5.000000000000000000e+00,5.000000000000000000e+00,5.000000000000000000e+00,5.000000000000000000e+00,5.000000000000000000e+00,5.000000000000000000e+00,5.000000000000000000e+00,5.000000000000000000e+00,5.000000000000000000e+00,5.000000000000000000e+00,5.000000000000000000e+00,5.000000000000000000e+00,5.000000000000000000e+00,5.000000000000000000e+00,5.000000000000000000e+00,5.000000000000000000e+00,5.000000000000000000e+00,5.000000000000000000e+00,5.000000000000000000e+00,5.000000000000000000e+00,5.000000000000000000e+00,5.000000000000000000e+00,5.000000000000000000e+00,5.000000000000000000e+00,5.000000000000000000e+00,5.000000000000000000e+00,5.000000000000000000e+00,5.000000000000000000e+00,5.000000000000000000e+00,5.000000000000000000e+00,5.000000000000000000e+00,5.000000000000000000e+00,5.000000000000000000e+00,5.000000000000000000e+00
1.933758378028869629e+00,1.960481166839599609e+00,1.987952709197998047e+00,2.016205310821533203e+00,2.045272350311279297e+00,2.075189828872680664e+00,2.105995655059814453e+00,2.137729883193969727e+00,2.170434951782226562e+00,2.204156160354614258e+00,2.238941907882690430e+00,2.274843215942382812e+00,2.311914682388305664e+00,2.350214481353759766e+00,2.389804363250732422e+00,2.430751085281372070e+00,2.473125457763671875e+00,2.517003297805786133e+00,2.562466382980346680e+00,2.609601974487304688e+00,2.658504009246826172e+00,2.709274053573608398e+00,2.762020826339721680e+00,2.816862344741821289e+00,2.873925685882568359e+00,2.933348417282104492e+00,2.995280742645263672e+00,3.059884786605834961e+00,3.127336740493774414e+00,3.197829961776733398e+00,3.271574020385742188e+00,3.348799705505371094e+00,3.429759740829467773e+00,3.514730691909790039e+00,3.604019403457641602e+00,3.697962522506713867e+00,3.796934366226196289e+00,3.901349782943725586e+00,4.011670112609863281e+00,4.128411293029785156e+00,4.252151012420654297e+00,4.383536815643310547e+00,4.523301124572753906e+00,4.672271251678466797e+00,4.821058273315429688e+00,4.819876670837402344e+00,4.818696022033691406e+00,4.817515850067138672e+00,4.816336154937744141e+00,4.815156936645507812e+00,4.813978672027587891e+00,4.812800407409667969e+00,4.811623573303222656e+00,4.810446739196777344e+00,4.809270381927490234e+00,4.808094978332519531e+00,4.806919574737548828e+00,4.805745601654052734e+00,4.804571628570556641e+00,4.803398132324218750e+00,4.802225589752197266e+00,4.801053047180175781e+00,4.799881935119628906e+00,4.798710823059082031e+00,4.797540187835693359e+00,4.796370506286621094e+00,4.795201301574707031e+00,4.794032573699951172e+00,4.792864322662353516e+00,4.791697025299072266e+00,4.790529727935791016e+00,4.789363384246826172e+00,4.788197517395019531e+00,4.787032604217529297e+00,4.785867691040039062e+00,4.784703254699707031e+00,4.783539295196533203e+00,4.782376766204833984e+00,4.781214237213134766e+00,4.780052185058593750e+00
1.933730244636535645e+00,1.960452318191528320e+00,1.987923026084899902e+00,2.016174793243408203e+00,2.045240879058837891e+00,2.075157403945922852e+00,2.105962276458740234e+00,2.137695550918579102e+00,2.170399427413940430e+00,2.204119682312011719e+00,2.238904237747192383e+00,2.274804353713989258e+00,2.311874628067016602e+00,2.350172996520996094e+00,2.389761686325073242e+00,2.430706739425659180e+00,2.473079442977905273e+00,2.516955852508544922e+00,2.562417030334472656e+00,2.609550952911376953e+00,2.658451080322265625e+00,2.709218978881835938e+00,2.761963605880737305e+00,2.816802740097045898e+00,2.873863458633422852e+00,2.933284044265747070e+00,2.995213508605957031e+00,3.059814691543579102e+00,3.127263545989990234e+00,3.197753429412841797e+00,3.271494150161743164e+00,3.348715543746948242e+00,3.429671287536621094e+00,3.514637947082519531e+00,3.603921651840209961e+00,3.697859764099121094e+00,3.751358032226562500e+00,3.750642776489257812e+00,3.749927282333374023e+00,3.749212503433227539e+00,3.748497962951660156e+00,3.747783660888671875e+00,3.747069597244262695e+00,3.746355533599853516e+00,3.745641946792602539e+00,3.744928836822509766e+00,3.744215965270996094e+00,3.743503808975219727e+00,3.742791414260864258e+00,3.742079257965087891e+00,3.741367578506469727e+00,3.740655899047851562e+00,3.739944696426391602e+00,3.739233732223510742e+00,3.738523006439208984e+00,3.737812519073486328e+00,3.737102270126342773e+00,3.736392736434936523e+00,3.735682964324951172e+00,3.734973669052124023e+00,3.734264612197875977e+00,3.733555793762207031e+00,3.732847213745117188e+00,3.732138872146606445e+00,3.731430768966674805e+00,3.730722904205322266e+00,3.730015516281127930e+00,3.729308605194091797e+00,3.728601694107055664e+00,3.727895021438598633e+00,3.727188587188720703e+00,3.726482391357421875e+00,3.725776433944702148e+00,3.725070714950561523e+00,3.724365472793579102e+00,3.723660230636596680e+00,3.722955465316772461e+00,3.722251176834106445e+00,3.721546888351440430e+00,3.720842838287353516e+00
1.933702468872070312e+00,1.960423469543457031e+00,1.987893581390380859e+00,2.016144275665283203e+00,2.045209646224975586e+00,2.075125217437744141e+00,2.105929136276245117e+00,2.137661218643188477e+00,2.170364141464233398e+00,2.204083204269409180e+00,2.238866806030273438e+00,2.274765491485595703e+00,2.311834335327148438e+00,2.350131511688232422e+00,2.389718770980834961e+00,2.430662393569946289e+00,2.473033666610717773e+00,2.516908168792724609e+00,2.562367916107177734e+00,2.609499692916870117e+00,2.658397912979125977e+00,2.709163665771484375e+00,2.761906385421752930e+00,2.816743135452270508e+00,2.873801469802856445e+00,2.933219432830810547e+00,2.995146274566650391e+00,3.059744358062744141e+00,3.070150852203369141e+00,3.069671869277954102e+00,3.069192886352539062e+00,3.068713665008544922e+00,3.068234920501708984e+00,3.067756414413452148e+00,3.067277908325195312e+00,3.066799640655517578e+00,3.066321611404418945e+00,3.065843343734741211e+00,3.065365552902221680e+00,3.064888000488281250e+00,3.064410448074340820e+00,3.063933134078979492e+00,3.063455581665039062e+00,3.062978506088256836e+00,3.062501430511474609e+00,3.062024831771850586e+00,3.061548233032226562e+00,3.061071395874023438e+00,3.060595035552978516e+00,3.060118913650512695e+00,3.059642791748046875e+00,3.059166908264160156e+00,3.058691501617431641e+00,3.058215856552124023e+00,3.057740449905395508e+00,3.057265043258666992e+00,3.056789875030517578e+00,3.056314945220947266e+00,3.055840015411376953e+00,3.055365324020385742e+00,3.054890871047973633e+00,3.054416418075561523e+00,3.053942441940307617e+00,3.053468227386474609e+00,3.052994251251220703e+00,3.052520513534545898e+00,3.052046775817871094e+00,3.051573276519775391e+00,3.051100015640258789e+00,3.050626754760742188e+00,3.050153732299804688e+00,3.049680709838867188e+00,3.049208164215087891e+00,3.048735618591308594e+00,3.048263072967529297e+00,3.047790765762329102e+00,3.047318458557128906e+00,3.046846389770507812e+00,3.046374559402465820e+00,3.045902729034423828e+00
1.933674335479736328e+00,1.960394620895385742e+00,1.987863898277282715e+00,2.016113758087158203e+00,2.045178174972534180e+00,2.075093030929565430e+00,2.105895757675170898e+00,2.137626886367797852e+00,2.170328855514526367e+00,2.204046964645385742e+00,2.238829135894775391e+00,2.274726629257202148e+00,2.311794281005859375e+00,2.350090026855468750e+00,2.389675855636596680e+00,2.430618047714233398e+00,2.472987651824951172e+00,2.516860723495483398e+00,2.562318563461303711e+00,2.598666191101074219e+00,2.598322868347167969e+00,2.597979545593261719e+00,2.597636461257934570e+00,2.597293376922607422e+00,2.596950531005859375e+00,2.596607446670532227e+00,2.596264839172363281e+00,2.595921993255615234e+00,2.595579385757446289e+00,2.595237016677856445e+00,2.594894409179687500e+00,2.594552040100097656e+00,2.594209909439086914e+00,2.593867778778076172e+00,2.593525648117065430e+00,2.593183517456054688e+00,2.592841625213623047e+00,2.592499971389770508e+00,2.592158317565917969e+00,2.591816663742065430e+00,2.591475009918212891e+00,2.591133594512939453e+00,2.590792417526245117e+00,2.590451002120971680e+00,2.590110063552856445e+00,2.589768886566162109e+00,2.589427709579467773e+00,2.589087009429931641e+00,2.588746070861816406e+00,2.588405370712280273e+00,2.588064908981323242e+00,2.587724208831787109e+00,2.587383747100830078e+00,2.587043523788452148e+00,2.586703300476074219e+00,2.586363077163696289e+00,2.586023092269897461e+00,2.585683345794677734e+00,2.585343360900878906e+00,2.585003614425659180e+00,2.584663867950439453e+00,2.584324359893798828e+00,2.583984851837158203e+00,2.583645343780517578e+00,2.583306074142456055e+00,2.582966804504394531e+00,2.582627534866333008e+00,2.582288742065429688e+00,2.581949710845947266e+00,2.581610918045043945e+00,2.581272125244140625e+00,2.580933332443237305e+00,2.580594778060913086e+00,2.580256223678588867e+00,2.579917669296264648e+00,2.579579353332519531e+00,2.579241037368774414e+00,2.578902959823608398e+00,2.578564882278442383e+00,2.578227043151855469e+00
1.933646321296691895e+00,1.960365772247314453e+00,1.987834215164184570e+00,2.016083240509033203e+00,2.045146942138671875e+00,2.075060606002807617e+00,2.105862617492675781e+00,2.137592554092407227e+00,2.170293569564819336e+00,2.204010486602783203e+00,2.238791465759277344e+00,2.252457618713378906e+00,2.252199649810791016e+00,2.251941680908203125e+00,2.251683950424194336e+00,2.251425981521606445e+00,2.251168489456176758e+00,2.250910758972167969e+00,2.250653028488159180e+00,2.250395536422729492e+00,2.250138044357299805e+00,2.249880790710449219e+00,2.249623298645019531e+00,2.249366044998168945e+00,2.249108791351318359e+00,2.248851537704467773e+00,2.248594522476196289e+00,2.248337507247924805e+00,2.248080492019653320e+00,2.247823476791381836e+00,2.247566461563110352e+00,2.247309684753417969e+00,2.247052907943725586e+00,2.246796369552612305e+00,2.246539592742919922e+00,2.246283054351806641e+00,2.246026515960693359e+00,2.245769977569580078e+00,2.245513439178466797e+00,2.245257139205932617e+00,2.245000839233398438e+00,2.244744539260864258e+00,2.244488477706909180e+00,2.244232177734375000e+00,2.243976116180419922e+00,2.243720054626464844e+00,2.243464231491088867e+00,2.243208408355712891e+00,2.242952585220336914e+00,2.242696523666381836e+00,2.242440938949584961e+00,2.242185354232788086e+00,2.241929769515991211e+00,2.241674184799194336e+00,2.241418600082397461e+00,2.241163253784179688e+00,2.240907907485961914e+00,2.240652561187744141e+00,2.240397214889526367e+00,2.240142107009887695e+00,2.239886999130249023e+00,2.239631891250610352e+00,2.239377021789550781e+00,2.239122152328491211e+00,2.238867282867431641e+00,2.238612413406372070e+00,2.238357782363891602e+00,2.238102912902832031e+00,2.237848281860351562e+00,2.237593650817871094e+00,2.237339258193969727e+00,2.237084865570068359e+00,2.236830472946166992e+00,2.236576080322265625e+00,2.236321926116943359e+00,2.236067533493041992e+00,2.235813379287719727e+00,2.235559225082397461e+00,2.235305070877075195e+00,2.235051155090332031e+00
1.933618187904357910e+00,1.960336923599243164e+00,1.987852334976196289e+00,1.987651467323303223e+00,1.987450599670410156e+00,1.987249851226806641e+00,1.987049102783203125e+00,1.986848354339599609e+00,1.986647725105285645e+00,1.986447095870971680e+00,1.986246466636657715e+00,1.986045837402343750e+00,1.985845088958740234e+00,1.985644698143005371e+00,1.985444188117980957e+00,1.985243797302246094e+00,1.985043525695800781e+00,1.984843134880065918e+00,1.984642863273620605e+00,1.984442591667175293e+00,1.984242439270019531e+00,1.984042286872863770e+00,1.983841896057128906e+00,1.983641862869262695e+00,1.983441829681396484e+00,1.983241796493530273e+00,1.983041882514953613e+00,1.982841968536376953e+00,1.982642054557800293e+00,1.982442259788513184e+00,1.982242465019226074e+00,1.982042670249938965e+00,1.981842994689941406e+00,1.981643080711364746e+00,1.981443405151367188e+00,1.981243848800659180e+00,1.981044292449951172e+00,1.980844736099243164e+00,1.980645298957824707e+00,1.980445861816406250e+00,1.980246424674987793e+00,1.980047106742858887e+00,1.979847788810729980e+00,1.979648232460021973e+00,1.979449033737182617e+00,1.979249835014343262e+00,1.979050636291503906e+00,1.978851556777954102e+00,1.978652477264404297e+00,1.978453516960144043e+00,1.978254437446594238e+00,1.978055477142333984e+00,1.977856636047363281e+00,1.977657437324523926e+00,1.977458596229553223e+00,1.977259874343872070e+00,1.977061152458190918e+00,1.976862430572509766e+00,1.976663708686828613e+00,1.976465106010437012e+00,1.976266503334045410e+00,1.976067900657653809e+00,1.975869417190551758e+00,1.975670933723449707e+00,1.975472450256347656e+00,1.975274085998535156e+00,1.975075721740722656e+00,1.974877476692199707e+00,1.974679112434387207e+00,1.974480867385864258e+00,1.974282741546630859e+00,1.974084615707397461e+00,1.973886489868164062e+00,1.973688364028930664e+00,1.973490357398986816e+00,1.973292350769042969e+00,1.973094344139099121e+00,1.972896695137023926e+00,1.972698807716369629e+00,1.972501039505004883e+00
1.777754783630371094e+00,1.777594089508056641e+00,1.777433514595031738e+00,1.777272820472717285e+00,1.777112245559692383e+00,1.776951789855957031e+00,1.776790976524353027e+00,1.776630520820617676e+00,1.776470065116882324e+00,1.776309609413146973e+00,1.776149272918701172e+00,1.775988817214965820e+00,1.775828480720520020e+00,1.775668144226074219e+00,1.775507926940917969e+00,1.775347590446472168e+00,1.775187253952026367e+00,1.775027036666870117e+00,1.774866819381713867e+00,1.774706721305847168e+00,1.774546623229980469e+00,1.774386525154113770e+00,1.774226427078247070e+00,1.774066329002380371e+00,1.773906350135803223e+00,1.773746371269226074e+00,1.773586273193359375e+00,1.773426294326782227e+00,1.773266434669494629e+00,1.773106575012207031e+00,1.772946715354919434e+00,1.772786974906921387e+00,1.772627234458923340e+00,1.772467494010925293e+00,1.772307753562927246e+00,1.772148013114929199e+00,1.771988391876220703e+00,1.771828532218933105e+00,1.771668910980224609e+00,1.771509408950805664e+00,1.771349787712097168e+00,1.771190285682678223e+00,1.771030783653259277e+00,1.770871400833129883e+00,1.770711898803710938e+00,1.770552515983581543e+00,1.770393133163452148e+00,1.770233631134033203e+00,1.770074367523193359e+00,1.769914984703063965e+00,1.769755721092224121e+00,1.769596576690673828e+00,1.769437313079833984e+00,1.769278168678283691e+00,1.769119024276733398e+00,1.768959879875183105e+00,1.768800854682922363e+00,1.768641591072082520e+00,1.768482565879821777e+00,1.768323540687561035e+00,1.768164634704589844e+00,1.768005609512329102e+00,1.767846703529357910e+00,1.767687797546386719e+00,1.767529010772705078e+00,1.767370223999023438e+00,1.767211318016052246e+00,1.767052650451660156e+00,1.766893863677978516e+00,1.766735196113586426e+00,1.766576409339904785e+00,1.766417860984802246e+00,1.766259193420410156e+00,1.766100525856018066e+00,1.765941977500915527e+00,1.765783429145812988e+00,1.765625000000000000e+00,1.765466570854187012e+00,1.765308022499084473e+00,1.765149593353271484e+00
1.607559800148010254e+00,1.607428431510925293e+00,1.607297062873840332e+00,1.607165813446044922e+00,1.607034444808959961e+00,1.606903195381164551e+00,1.606771826744079590e+00,1.606640577316284180e+00,1.606509447097778320e+00,1.606378078460693359e+00,1.606246829032897949e+00,1.606115698814392090e+00,1.605984568595886230e+00,1.605853438377380371e+00,1.605722308158874512e+00,1.605591297149658203e+00,1.605460166931152344e+00,1.605329155921936035e+00,1.605198144912719727e+00,1.605067133903503418e+00,1.604936003684997559e+00,1.604805111885070801e+00,1.604674100875854492e+00,1.604543209075927734e+00,1.604412317276000977e+00,1.604281425476074219e+00,1.604150652885437012e+00,1.604019761085510254e+00,1.603888988494873047e+00,1.603758215904235840e+00,1.603627324104309082e+00,1.603496551513671875e+00,1.603365898132324219e+00,1.603235125541687012e+00,1.603104472160339355e+00,1.602973818778991699e+00,1.602843165397644043e+00,1.602712631225585938e+00,1.602581977844238281e+00,1.602451443672180176e+00,1.602320790290832520e+00,1.602190256118774414e+00,1.602059721946716309e+00,1.601929187774658203e+00,1.601798772811889648e+00,1.601668357849121094e+00,1.601537942886352539e+00,1.601407527923583984e+00,1.601277112960815430e+00,1.601146817207336426e+00,1.601016402244567871e+00,1.600885987281799316e+00,1.600755691528320312e+00,1.600625395774841309e+00,1.600495219230651855e+00,1.600364923477172852e+00,1.600234746932983398e+00,1.600104570388793945e+00,1.599974393844604492e+00,1.599844217300415039e+00,1.599714159965515137e+00,1.599583864212036133e+00,1.599453806877136230e+00,1.599323749542236328e+00,1.599193692207336426e+00,1.599063634872436523e+00,1.598933696746826172e+00,1.598803758621215820e+00,1.598673701286315918e+00,1.598543882369995117e+00,1.598413944244384766e+00,1.598284006118774414e+00,1.598154187202453613e+00,1.598024368286132812e+00,1.597894549369812012e+00,1.597764730453491211e+00,1.597634911537170410e+00,1.597505092620849609e+00,1.597375392913818359e+00,1.597245693206787109e+00
1.467105269432067871e+00,1.466995835304260254e+00,1.466886520385742188e+00,1.466776967048645020e+00,1.466667532920837402e+00,1.466558218002319336e+00,1.466448903083801270e+00,1.466339588165283203e+00,1.466230273246765137e+00,1.466120958328247070e+00,1.466011643409729004e+00,1.465902328491210938e+00,1.465793132781982422e+00,1.465683817863464355e+00,1.465574622154235840e+00,1.465465426445007324e+00,1.465356230735778809e+00,1.465247035026550293e+00,1.465137839317321777e+00,1.465028762817382812e+00,1.464919567108154297e+00,1.464810490608215332e+00,1.464701414108276367e+00,1.464592337608337402e+00,1.464483141899108887e+00,1.464374184608459473e+00,1.464265108108520508e+00,1.464156150817871094e+00,1.464047193527221680e+00,1.463938117027282715e+00,1.463829159736633301e+00,1.463720321655273438e+00,1.463611364364624023e+00,1.463502407073974609e+00,1.463393449783325195e+00,1.463284611701965332e+00,1.463175654411315918e+00,1.463066816329956055e+00,1.462957978248596191e+00,1.462849259376525879e+00,1.462740421295166016e+00,1.462631702423095703e+00,1.462522864341735840e+00,1.462414145469665527e+00,1.462305307388305664e+00,1.462196588516235352e+00,1.462087869644165039e+00,1.461979269981384277e+00,1.461870551109313965e+00,1.461761951446533203e+00,1.461653351783752441e+00,1.461544632911682129e+00,1.461436033248901367e+00,1.461327552795410156e+00,1.461218953132629395e+00,1.461110234260559082e+00,1.461001753807067871e+00,1.460893273353576660e+00,1.460784673690795898e+00,1.460676193237304688e+00,1.460567712783813477e+00,1.460459351539611816e+00,1.460350871086120605e+00,1.460242509841918945e+00,1.460134029388427734e+00,1.460025548934936523e+00,1.459917187690734863e+00,1.459808826446533203e+00,1.459700465202331543e+00,1.459592103958129883e+00,1.459483861923217773e+00,1.459375500679016113e+00,1.459267258644104004e+00,1.459159016609191895e+00,1.459050774574279785e+00,1.458942532539367676e+00,1.458834290504455566e+00,1.458726167678833008e+00,1.458617925643920898e+00,1.458509802818298340e+00
1.349221944808959961e+00,1.349129438400268555e+00,1.349036812782287598e+00,1.348944306373596191e+00,1.348851799964904785e+00,1.348759293556213379e+00,1.348666787147521973e+00,1.348574280738830566e+00,1.348481774330139160e+00,1.348389387130737305e+00,1.348296880722045898e+00,1.348204493522644043e+00,1.348112106323242188e+00,1.348019719123840332e+00,1.347927331924438477e+00,1.347834944725036621e+00,1.347742557525634766e+00,1.347650170326232910e+00,1.347557783126831055e+00,1.347465515136718750e+00,1.347373127937316895e+00,1.347280979156494141e+00,1.347188591957092285e+00,1.347096323966979980e+00,1.347004175186157227e+00,1.346911907196044922e+00,1.346819639205932617e+00,1.346727371215820312e+00,1.346635103225708008e+00,1.346542954444885254e+00,1.346450686454772949e+00,1.346358537673950195e+00,1.346266388893127441e+00,1.346174240112304688e+00,1.346082091331481934e+00,1.345990061759948730e+00,1.345897912979125977e+00,1.345805883407592773e+00,1.345713615417480469e+00,1.345621585845947266e+00,1.345529556274414062e+00,1.345437526702880859e+00,1.345345497131347656e+00,1.345253467559814453e+00,1.345161437988281250e+00,1.345069408416748047e+00,1.344977498054504395e+00,1.344885468482971191e+00,1.344793438911437988e+00,1.344701528549194336e+00,1.344609498977661133e+00,1.344517588615417480e+00,1.344425678253173828e+00,1.344333887100219727e+00,1.344241976737976074e+00,1.344150066375732422e+00,1.344058275222778320e+00,1.343966364860534668e+00,1.343874454498291016e+00,1.343782663345336914e+00,1.343690872192382812e+00,1.343599081039428711e+00,1.343507289886474609e+00,1.343415498733520508e+00,1.343323707580566406e+00,1.343232035636901855e+00,1.343140244483947754e+00,1.343048572540283203e+00,1.342956900596618652e+00,1.342865109443664551e+00,1.342773437500000000e+00,1.342681765556335449e+00,1.342590093612670898e+00,1.342498421669006348e+00,1.342406749725341797e+00,1.342315196990966797e+00,1.342223525047302246e+00,1.342131972312927246e+00,1.342040419578552246e+00,1.341948866844177246e+00
1.248873710632324219e+00,1.248794436454772949e+00,1.248715162277221680e+00,1.248635888099670410e+00,1.248556613922119141e+00,1.248477339744567871e+00,1.248398065567016602e+00,1.248318910598754883e+00,1.248239636421203613e+00,1.248160481452941895e+00,1.248081207275390625e+00,1.248001933097839355e+00,1.247922778129577637e+00,1.247843623161315918e+00,1.247764468193054199e+00,1.247685313224792480e+00,1.247606158256530762e+00,1.247527003288269043e+00,1.247447848320007324e+00,1.247368812561035156e+00,1.247289657592773438e+00,1.247210502624511719e+00,1.247131347656250000e+00,1.247052311897277832e+00,1.246973276138305664e+00,1.246894240379333496e+00,1.246815204620361328e+00,1.246736168861389160e+00,1.246657133102416992e+00,1.246578097343444824e+00,1.246499061584472656e+00,1.246420025825500488e+00,1.246340990066528320e+00,1.246262073516845703e+00,1.246183037757873535e+00,1.246104121208190918e+00,1.246025204658508301e+00,1.245946288108825684e+00,1.245867371559143066e+00,1.245788455009460449e+00,1.245709538459777832e+00,1.245630621910095215e+00,1.245551705360412598e+00,1.245472788810729980e+00,1.245393872261047363e+00,1.245315074920654297e+00,1.245236277580261230e+00,1.245157361030578613e+00,1.245078563690185547e+00,1.244999766349792480e+00,1.244920969009399414e+00,1.244842171669006348e+00,1.244763255119323730e+00,1.244684576988220215e+00,1.244605779647827148e+00,1.244526982307434082e+00,1.244448304176330566e+00,1.244369506835937500e+00,1.244290828704833984e+00,1.244212150573730469e+00,1.244133353233337402e+00,1.244054675102233887e+00,1.243975877761840820e+00,1.243897199630737305e+00,1.243818640708923340e+00,1.243739962577819824e+00,1.243661284446716309e+00,1.243582606315612793e+00,1.243504047393798828e+00,1.243425488471984863e+00,1.243346810340881348e+00,1.243268251419067383e+00,1.243189692497253418e+00,1.243111014366149902e+00,1.243032455444335938e+00,1.242953896522521973e+00,1.242875337600708008e+00,1.242796778678894043e+00,1.242718338966369629e+00,1.242639780044555664e+00
1.162419080734252930e+00,1.162350416183471680e+00,1.162281632423400879e+00,1.162212967872619629e+00,1.162144303321838379e+00,1.162075638771057129e+00,1.162006974220275879e+00,1.161938309669494629e+00,1.161869645118713379e+00,1.161800980567932129e+00,1.161732435226440430e+00,1.161663770675659180e+00,1.161595225334167480e+00,1.161526560783386230e+00,1.161458015441894531e+00,1.161389350891113281e+00,1.161320686340332031e+00,1.161252140998840332e+00,1.161183595657348633e+00,1.161115050315856934e+00,1.161046504974365234e+00,1.160977959632873535e+00,1.160909414291381836e+00,1.160840988159179688e+00,1.160772442817687988e+00,1.160703897476196289e+00,1.160635352134704590e+00,1.160566926002502441e+00,1.160498380661010742e+00,1.160429954528808594e+00,1.160361409187316895e+00,1.160292983055114746e+00,1.160224556922912598e+00,1.160156130790710449e+00,1.160087704658508301e+00,1.160019159317016602e+00,1.159950733184814453e+00,1.159882426261901855e+00,1.159814000129699707e+00,1.159745573997497559e+00,1.159677147865295410e+00,1.159608840942382812e+00,1.159540414810180664e+00,1.159472107887268066e+00,1.159403800964355469e+00,1.159335374832153320e+00,1.159266948699951172e+00,1.159198641777038574e+00,1.159130334854125977e+00,1.159062027931213379e+00,1.158993721008300781e+00,1.158925414085388184e+00,1.158857226371765137e+00,1.158788919448852539e+00,1.158720612525939941e+00,1.158652424812316895e+00,1.158583998680114746e+00,1.158515810966491699e+00,1.158447504043579102e+00,1.158379316329956055e+00,1.158311128616333008e+00,1.158242940902709961e+00,1.158174753189086914e+00,1.158106565475463867e+00,1.158038377761840820e+00,1.157970190048217773e+00,1.157901883125305176e+00,1.157833814620971680e+00,1.157765626907348633e+00,1.157697439193725586e+00,1.157629370689392090e+00,1.157561182975769043e+00,1.157493114471435547e+00,1.157424926757812500e+00,1.157356858253479004e+00,1.157288789749145508e+00,1.157220602035522461e+00,1.157152533531188965e+00,1.157084465026855469e+00,1.157016396522521973e+00
1.087159156799316406e+00,1.087099075317382812e+00,1.087038993835449219e+00,1.086978912353515625e+00,1.086918830871582031e+00,1.086858749389648438e+00,1.086798667907714844e+00,1.086738705635070801e+00,1.086678504943847656e+00,1.086618542671203613e+00,1.086558461189270020e+00,1.086498498916625977e+00,1.086438417434692383e+00,1.086378455162048340e+00,1.086318492889404297e+00,1.086258411407470703e+00,1.086198449134826660e+00,1.086138486862182617e+00,1.086078405380249023e+00,1.086018443107604980e+00,1.085958480834960938e+00,1.085898518562316895e+00,1.085838556289672852e+00,1.085778713226318359e+00,1.085718750953674316e+00,1.085658788681030273e+00,1.085598826408386230e+00,1.085538983345031738e+00,1.085479021072387695e+00,1.085419058799743652e+00,1.085359215736389160e+00,1.085299253463745117e+00,1.085239410400390625e+00,1.085179567337036133e+00,1.085119724273681641e+00,1.085059762001037598e+00,1.084999918937683105e+00,1.084940075874328613e+00,1.084880232810974121e+00,1.084820389747619629e+00,1.084760546684265137e+00,1.084700703620910645e+00,1.084640860557556152e+00,1.084581017494201660e+00,1.084521293640136719e+00,1.084461450576782227e+00,1.084401607513427734e+00,1.084341883659362793e+00,1.084282159805297852e+00,1.084222316741943359e+00,1.084162473678588867e+00,1.084102749824523926e+00,1.084043025970458984e+00,1.083983302116394043e+00,1.083923459053039551e+00,1.083863735198974609e+00,1.083804011344909668e+00,1.083744287490844727e+00,1.083684682846069336e+00,1.083624958992004395e+00,1.083565115928649902e+00,1.083505511283874512e+00,1.083445787429809570e+00,1.083386063575744629e+00,1.083326458930969238e+00,1.083266735076904297e+00,1.083207130432128906e+00,1.083147406578063965e+00,1.083087801933288574e+00,1.083028197288513184e+00,1.082968473434448242e+00,1.082908868789672852e+00,1.082849264144897461e+00,1.082789659500122070e+00,1.082730054855346680e+00,1.082670450210571289e+00,1.082610845565795898e+00,1.082551240921020508e+00,1.082491636276245117e+00,1.082432031631469727e+00
1.021052002906799316e+00,1.020998954772949219e+00,1.020945906639099121e+00,1.020892977714538574e+00,1.020839929580688477e+00,1.020787000656127930e+00,1.020734071731567383e+00,1.020681023597717285e+00,1.020628094673156738e+00,1.020575165748596191e+00,1.020522117614746094e+00,1.020469188690185547e+00,1.020416259765625000e+00,1.020363330841064453e+00,1.020310401916503906e+00,1.020257472991943359e+00,1.020204544067382812e+00,1.020151615142822266e+00,1.020098686218261719e+00,1.020045757293701172e+00,1.019992828369140625e+00,1.019940018653869629e+00,1.019887089729309082e+00,1.019834160804748535e+00,1.019781231880187988e+00,1.019728422164916992e+00,1.019675493240356445e+00,1.019622683525085449e+00,1.019569873809814453e+00,1.019516944885253906e+00,1.019464135169982910e+00,1.019411325454711914e+00,1.019358515739440918e+00,1.019305586814880371e+00,1.019252777099609375e+00,1.019199967384338379e+00,1.019147157669067383e+00,1.019094347953796387e+00,1.019041538238525391e+00,1.018988728523254395e+00,1.018935918807983398e+00,1.018883109092712402e+00,1.018830418586730957e+00,1.018777489662170410e+00,1.018724799156188965e+00,1.018671989440917969e+00,1.018619298934936523e+00,1.018566489219665527e+00,1.018513798713684082e+00,1.018460988998413086e+00,1.018408298492431641e+00,1.018355607986450195e+00,1.018302798271179199e+00,1.018250107765197754e+00,1.018197298049926758e+00,1.018144607543945312e+00,1.018091917037963867e+00,1.018039226531982422e+00,1.017986536026000977e+00,1.017933845520019531e+00,1.017881155014038086e+00,1.017828464508056641e+00,1.017775893211364746e+00,1.017723202705383301e+00,1.017670392990112305e+00,1.017617821693420410e+00,1.017565131187438965e+00,1.017512559890747070e+00,1.017459869384765625e+00,1.017407298088073730e+00,1.017354607582092285e+00,1.017302036285400391e+00,1.017249345779418945e+00,1.017196774482727051e+00,1.017144083976745605e+00,1.017091512680053711e+00,1.017038941383361816e+00,1.016986370086669922e+00,1.016933798789978027e+00,1.016881227493286133e+00
9.625236392021179199e-01,9.624764919281005859e-01,9.624294638633728027e-01,9.623822569847106934e-01,9.623352289199829102e-01,9.622880816459655762e-01,9.622409939765930176e-01,9.621939659118652344e-01,9.621468186378479004e-01,9.620998501777648926e-01,9.620527029037475586e-01,9.620057344436645508e-01,9.619585871696472168e-01,9.619116187095642090e-01,9.618645310401916504e-01,9.618175625801086426e-01,9.617704749107360840e-01,9.617233872413635254e-01,9.616764187812805176e-01,9.616293311119079590e-01,9.615823626518249512e-01,9.615353345870971680e-01,9.614883661270141602e-01,9.614413380622863770e-01,9.613943696022033691e-01,9.613473415374755859e-01,9.613003134727478027e-01,9.612533450126647949e-01,9.612063169479370117e-01,9.611594080924987793e-01,9.611123800277709961e-01,9.610654711723327637e-01,9.610185027122497559e-01,9.609715938568115234e-01,9.609245657920837402e-01,9.608776569366455078e-01,9.608306884765625000e-01,9.607837200164794922e-01,9.607368111610412598e-01,9.606898427009582520e-01,9.606429934501647949e-01,9.605960249900817871e-01,9.605491161346435547e-01,9.605022072792053223e-01,9.604553580284118652e-01,9.604083895683288574e-01,9.603615403175354004e-01,9.603145718574523926e-01,9.602676630020141602e-01,9.602208137512207031e-01,9.601739048957824707e-01,9.601270556449890137e-01,9.600801467895507812e-01,9.600333571434020996e-01,9.599864482879638672e-01,9.599396586418151855e-01,9.598927497863769531e-01,9.598458409309387207e-01,9.597990512847900391e-01,9.597521424293518066e-01,9.597053527832031250e-01,9.596585035324096680e-01,9.596117138862609863e-01,9.595648646354675293e-01,9.595181345939636230e-01,9.594712257385253906e-01,9.594244956970214844e-01,9.593776464462280273e-01,9.593307971954345703e-01,9.592840671539306641e-01,9.592372179031372070e-01,9.591904878616333008e-01,9.591436386108398438e-01,9.590969681739807129e-01,9.590501189231872559e-01,9.590033888816833496e-01,9.589565992355346680e-01,9.589099287986755371e-01,9.588630795478820801e-01,9.588162899017333984e-01
9.103412628173828125e-01,9.102991819381713867e-01,9.102569818496704102e-01,9.102149009704589844e-01,9.101727604866027832e-01,9.101306796073913574e-01,9.100885391235351562e-01,9.100464582443237305e-01,9.100043177604675293e-01,9.099621772766113281e-01,9.099200963973999023e-01,9.098779559135437012e-01,9.098359346389770508e-01,9.097937941551208496e-01,9.097517728805541992e-01,9.097096323966979980e-01,9.096676111221313477e-01,9.096254706382751465e-01,9.095834493637084961e-01,9.095413684844970703e-01,9.094992280006408691e-01,9.094572067260742188e-01,9.094151258468627930e-01,9.093731641769409180e-01,9.093310236930847168e-01,9.092890620231628418e-01,9.092469811439514160e-01,9.092049598693847656e-01,9.091629385948181152e-01,9.091209173202514648e-01,9.090788960456848145e-01,9.090368151664733887e-01,9.089948534965515137e-01,9.089527726173400879e-01,9.089108109474182129e-01,9.088687896728515625e-01,9.088268280029296875e-01,9.087848067283630371e-01,9.087428450584411621e-01,9.087008237838745117e-01,9.086588025093078613e-01,9.086168408393859863e-01,9.085748195648193359e-01,9.085329174995422363e-01,9.084908962249755859e-01,9.084489941596984863e-01,9.084069728851318359e-01,9.083650708198547363e-01,9.083231091499328613e-01,9.082812070846557617e-01,9.082391858100891113e-01,9.081972241401672363e-01,9.081553220748901367e-01,9.081133604049682617e-01,9.080714583396911621e-01,9.080294966697692871e-01,9.079876542091369629e-01,9.079456925392150879e-01,9.079037904739379883e-01,9.078618288040161133e-01,9.078199863433837891e-01,9.077780246734619141e-01,9.077361226081848145e-01,9.076942801475524902e-01,9.076523184776306152e-01,9.076104760169982910e-01,9.075685739517211914e-01,9.075267314910888672e-01,9.074848294258117676e-01,9.074429869651794434e-01,9.074010848999023438e-01,9.073591828346252441e-01,9.073173403739929199e-01,9.072754383087158203e-01,9.072336554527282715e-01,9.071917533874511719e-01,9.071499705314636230e-01,9.071080684661865234e-01,9.070662856101989746e-01,9.070244431495666504e-01
8.635260462760925293e-01,8.634881973266601562e-01,8.634502291679382324e-01,8.634122610092163086e-01,8.633744120597839355e-01,8.633365035057067871e-01,8.632986545562744141e-01,8.632606863975524902e-01,8.632228374481201172e-01,8.631849288940429688e-01,8.631470799446105957e-01,8.631091713905334473e-01,8.630713224411010742e-01,8.630334138870239258e-01,8.629955053329467773e-01,8.629576563835144043e-01,8.629198074340820312e-01,8.628819584846496582e-01,8.628440499305725098e-01,8.628062605857849121e-01,8.627683520317077637e-01,8.627305626869201660e-01,8.626926541328430176e-01,8.626548647880554199e-01,8.626170158386230469e-01,8.625791072845458984e-01,8.625413775444030762e-01,8.625034689903259277e-01,8.624656796455383301e-01,8.624278306961059570e-01,8.623901009559631348e-01,8.623521924018859863e-01,8.623144626617431641e-01,8.622766137123107910e-01,8.622387647628784180e-01,8.622010350227355957e-01,8.621631860733032227e-01,8.621253967285156250e-01,8.620876073837280273e-01,8.620498776435852051e-01,8.620120286941528320e-01,8.619742989540100098e-01,8.619364500045776367e-01,8.618987202644348145e-01,8.618609309196472168e-01,8.618231415748596191e-01,8.617854118347167969e-01,8.617476224899291992e-01,8.617098927497863770e-01,8.616721034049987793e-01,8.616343736648559570e-01,8.615965843200683594e-01,8.615589141845703125e-01,8.615211248397827148e-01,8.614834547042846680e-01,8.614456653594970703e-01,8.614078760147094727e-01,8.613702058792114258e-01,8.613324165344238281e-01,8.612947463989257812e-01,8.612570166587829590e-01,8.612193465232849121e-01,8.611816167831420898e-01,8.611439466476440430e-01,8.611061573028564453e-01,8.610684275627136230e-01,8.610307574272155762e-01,8.609930276870727539e-01,8.609554171562194824e-01,8.609176874160766602e-01,8.608800172805786133e-01,8.608422875404357910e-01,8.608046770095825195e-01,8.607669472694396973e-01,8.607293367385864258e-01,8.606916069984436035e-01,8.606539368629455566e-01,8.606163263320922852e-01,8.605785965919494629e-01,8.605409860610961914e-01
8.212903738021850586e-01,8.212560415267944336e-01,8.212217688560485840e-01,8.211874365806579590e-01,8.211532235145568848e-01,8.211188912391662598e-01,8.210846185684204102e-01,8.210503458976745605e-01,8.210160136222839355e-01,8.209818005561828613e-01,8.209474682807922363e-01,8.209132552146911621e-01,8.208789825439453125e-01,8.208447098731994629e-01,8.208104372024536133e-01,8.207762241363525391e-01,8.207419514656066895e-01,8.207076787948608398e-01,8.206734657287597656e-01,8.206391930580139160e-01,8.206049799919128418e-01,8.205707073211669922e-01,8.205364942550659180e-01,8.205022215843200684e-01,8.204680681228637695e-01,8.204337954521179199e-01,8.203995823860168457e-01,8.203653693199157715e-01,8.203310966491699219e-01,8.202969431877136230e-01,8.202626705169677734e-01,8.202285170555114746e-01,8.201942443847656250e-01,8.201600909233093262e-01,8.201258778572082520e-01,8.200917243957519531e-01,8.200574517250061035e-01,8.200232982635498047e-01,8.199890851974487305e-01,8.199548721313476562e-01,8.199207186698913574e-01,8.198865056037902832e-01,8.198523521423339844e-01,8.198181390762329102e-01,8.197840452194213867e-01,8.197498321533203125e-01,8.197156786918640137e-01,8.196815252304077148e-01,8.196473121643066406e-01,8.196131587028503418e-01,8.195790052413940430e-01,8.195448517799377441e-01,8.195106983184814453e-01,8.194766044616699219e-01,8.194423913955688477e-01,8.194082975387573242e-01,8.193741440773010254e-01,8.193400502204895020e-01,8.193058967590332031e-01,8.192716836929321289e-01,8.192375898361206055e-01,8.192034363746643066e-01,8.191694021224975586e-01,8.191352486610412598e-01,8.191011548042297363e-01,8.190670013427734375e-01,8.190329074859619141e-01,8.189987540245056152e-01,8.189647197723388672e-01,8.189305663108825684e-01,8.188964724540710449e-01,8.188623785972595215e-01,8.188282847404479980e-01,8.187941908836364746e-01,8.187600970268249512e-01,8.187260627746582031e-01,8.186919093132019043e-01,8.186578750610351562e-01,8.186237812042236328e-01,8.185896873474121094e-01
7.829934954643249512e-01,7.829623818397521973e-01,7.829312086105346680e-01,7.829000353813171387e-01,7.828688621520996094e-01,7.828377485275268555e-01,7.828065156936645508e-01,7.827754020690917969e-01,7.827442288398742676e-01,7.827131152153015137e-01,7.826819419860839844e-01,7.826507687568664551e-01,7.826196551322937012e-01,7.825884819030761719e-01,7.825573682785034180e-01,7.825261950492858887e-01,7.824950814247131348e-01,7.824639081954956055e-01,7.824328541755676270e-01,7.824016809463500977e-01,7.823706269264221191e-01,7.823394536972045898e-01,7.823082804679870605e-01,7.822772264480590820e-01,7.822460532188415527e-01,7.822149991989135742e-01,7.821838259696960449e-01,7.821527719497680664e-01,7.821216583251953125e-01,7.820905447006225586e-01,7.820594310760498047e-01,7.820283174514770508e-01,7.819972634315490723e-01,7.819661498069763184e-01,7.819350957870483398e-01,7.819039225578308105e-01,7.818729281425476074e-01,7.818417549133300781e-01,7.818107604980468750e-01,7.817796468734741211e-01,7.817485928535461426e-01,7.817174792289733887e-01,7.816863656044006348e-01,7.816553711891174316e-01,7.816242575645446777e-01,7.815932035446166992e-01,7.815621495246887207e-01,7.815310955047607422e-01,7.815000414848327637e-01,7.814689874649047852e-01,7.814379334449768066e-01,7.814069390296936035e-01,7.813758254051208496e-01,7.813447713851928711e-01,7.813137769699096680e-01,7.812826633453369141e-01,7.812516689300537109e-01,7.812206149101257324e-01,7.811896204948425293e-01,7.811585664749145508e-01,7.811275720596313477e-01,7.810965180397033691e-01,7.810654640197753906e-01,7.810344696044921875e-01,7.810034155845642090e-01,7.809724807739257812e-01,7.809414267539978027e-01,7.809104323387145996e-01,7.808793783187866211e-01,7.808484435081481934e-01,7.808173894882202148e-01,7.807864546775817871e-01,7.807554006576538086e-01,7.807244062423706055e-01,7.806934118270874023e-01,7.806624174118041992e-01,7.806314826011657715e-01,7.806004285812377930e-01,7.805694937705993652e-01,7.805384993553161621e-01
7.481091618537902832e-01,7.480807900428771973e-01,7.480522990226745605e-01,7.480238676071166992e-01,7.479953765869140625e-01,7.479668855667114258e-01,7.479385137557983398e-01,7.479100227355957031e-01,7.478815913200378418e-01,7.478531599044799805e-01,7.478247284889221191e-01,7.477962970733642578e-01,7.477678656578063965e-01,7.477394342422485352e-01,7.477110028266906738e-01,7.476825714111328125e-01,7.476541399955749512e-01,7.476257085800170898e-01,7.475972771644592285e-01,7.475689053535461426e-01,7.475404739379882812e-01,7.475120425224304199e-01,7.474836111068725586e-01,7.474552392959594727e-01,7.474268078804016113e-01,7.473983764648437500e-01,7.473700046539306641e-01,7.473415732383728027e-01,7.473132014274597168e-01,7.472847700119018555e-01,7.472564578056335449e-01,7.472280263900756836e-01,7.471996545791625977e-01,7.471712231636047363e-01,7.471429109573364258e-01,7.471144795417785645e-01,7.470860481262207031e-01,7.470577359199523926e-01,7.470293045043945312e-01,7.470009922981262207e-01,7.469725608825683594e-01,7.469442486763000488e-01,7.469158172607421875e-01,7.468875050544738770e-01,7.468591332435607910e-01,7.468307614326477051e-01,7.468023896217346191e-01,7.467740178108215332e-01,7.467457056045532227e-01,7.467173337936401367e-01,7.466889619827270508e-01,7.466605901718139648e-01,7.466322779655456543e-01,7.466039061546325684e-01,7.465755939483642578e-01,7.465472221374511719e-01,7.465188503265380859e-01,7.464905977249145508e-01,7.464622259140014648e-01,7.464339137077331543e-01,7.464055418968200684e-01,7.463772892951965332e-01,7.463489174842834473e-01,7.463206052780151367e-01,7.462922930717468262e-01,7.462639808654785156e-01,7.462356686592102051e-01,7.462072968482971191e-01,7.461790442466735840e-01,7.461506724357604980e-01,7.461224198341369629e-01,7.460940480232238770e-01,7.460657954216003418e-01,7.460374832153320312e-01,7.460092306137084961e-01,7.459808588027954102e-01,7.459526062011718750e-01,7.459242939949035645e-01,7.458959817886352539e-01,7.458677291870117188e-01
7.162006497383117676e-01,7.161745429039001465e-01,7.161484956741333008e-01,7.161223888397216797e-01,7.160963416099548340e-01,7.160702347755432129e-01,7.160441875457763672e-01,7.160180807113647461e-01,7.159919738769531250e-01,7.159659862518310547e-01,7.159398794174194336e-01,7.159138321876525879e-01,7.158877253532409668e-01,7.158617377281188965e-01,7.158356308937072754e-01,7.158096432685852051e-01,7.157835364341735840e-01,7.157575488090515137e-01,7.157314419746398926e-01,7.157053947448730469e-01,7.156793475151062012e-01,7.156533002853393555e-01,7.156272530555725098e-01,7.156012058258056641e-01,7.155752182006835938e-01,7.155491709709167480e-01,7.155231237411499023e-01,7.154970765113830566e-01,7.154710888862609863e-01,7.154450416564941406e-01,7.154189944267272949e-01,7.153930068016052246e-01,7.153669595718383789e-01,7.153409719467163086e-01,7.153149247169494629e-01,7.152889370918273926e-01,7.152628898620605469e-01,7.152369022369384766e-01,7.152108550071716309e-01,7.151848077774047852e-01,7.151588797569274902e-01,7.151328325271606445e-01,7.151068449020385742e-01,7.150807976722717285e-01,7.150548696517944336e-01,7.150288224220275879e-01,7.150028944015502930e-01,7.149768471717834473e-01,7.149509191513061523e-01,7.149248719215393066e-01,7.148988842964172363e-01,7.148728966712951660e-01,7.148469090461730957e-01,7.148209214210510254e-01,7.147949337959289551e-01,7.147690057754516602e-01,7.147429585456848145e-01,7.147170305252075195e-01,7.146910429000854492e-01,7.146651148796081543e-01,7.146391272544860840e-01,7.146130800247192383e-01,7.145871520042419434e-01,7.145611643791198730e-01,7.145352363586425781e-01,7.145092487335205078e-01,7.144833207130432129e-01,7.144573330879211426e-01,7.144314646720886230e-01,7.144054770469665527e-01,7.143794894218444824e-01,7.143535614013671875e-01,7.143275737762451172e-01,7.143017053604125977e-01,7.142757177352905273e-01,7.142497897148132324e-01,7.142238020896911621e-01,7.141979336738586426e-01,7.141719460487365723e-01,7.141460776329040527e-01
6.869027018547058105e-01,6.868786811828613281e-01,6.868546605110168457e-01,6.868306994438171387e-01,6.868066787719726562e-01,6.867827177047729492e-01,6.867586970329284668e-01,6.867347955703735352e-01,6.867107748985290527e-01,6.866868138313293457e-01,6.866628527641296387e-01,6.866388916969299316e-01,6.866148710250854492e-01,6.865909099578857422e-01,6.865669488906860352e-01,6.865429282188415527e-01,6.865190267562866211e-01,6.864950060844421387e-01,6.864711046218872070e-01,6.864470839500427246e-01,6.864231824874877930e-01,6.863992214202880859e-01,6.863752007484436035e-01,6.863512992858886719e-01,6.863273382186889648e-01,6.863033771514892578e-01,6.862794160842895508e-01,6.862555146217346191e-01,6.862315535545349121e-01,6.862075924873352051e-01,6.861836314201354980e-01,6.861597299575805664e-01,6.861357688903808594e-01,6.861118078231811523e-01,6.860879063606262207e-01,6.860639452934265137e-01,6.860400438308715820e-01,6.860160827636718750e-01,6.859921813011169434e-01,6.859682202339172363e-01,6.859443187713623047e-01,6.859203577041625977e-01,6.858965158462524414e-01,6.858725547790527344e-01,6.858485937118530273e-01,6.858246922492980957e-01,6.858007907867431641e-01,6.857768893241882324e-01,6.857529282569885254e-01,6.857290863990783691e-01,6.857051253318786621e-01,6.856812834739685059e-01,6.856573224067687988e-01,6.856334209442138672e-01,6.856095194816589355e-01,6.855856180191040039e-01,6.855617165565490723e-01,6.855378150939941406e-01,6.855139732360839844e-01,6.854900121688842773e-01,6.854661703109741211e-01,6.854422688484191895e-01,6.854183673858642578e-01,6.853944659233093262e-01,6.853705644607543945e-01,6.853467226028442383e-01,6.853228211402893066e-01,6.852989792823791504e-01,6.852750778198242188e-01,6.852511763572692871e-01,6.852272748947143555e-01,6.852034330368041992e-01,6.851795315742492676e-01,6.851556897163391113e-01,6.851318478584289551e-01,6.851079463958740234e-01,6.850841045379638672e-01,6.850602030754089355e-01,6.850363612174987793e-01,6.850124597549438477e-01
6.599075198173522949e-01,6.598854064941406250e-01,6.598632335662841797e-01,6.598411202430725098e-01,6.598189473152160645e-01,6.597968339920043945e-01,6.597746610641479492e-01,6.597525477409362793e-01,6.597304344177246094e-01,6.597082614898681641e-01,6.596861481666564941e-01,6.596640348434448242e-01,6.596419215202331543e-01,6.596197485923767090e-01,6.595976948738098145e-01,6.595755219459533691e-01,6.595534086227416992e-01,6.595312952995300293e-01,6.595091819763183594e-01,6.594870686531066895e-01,6.594649553298950195e-01,6.594428420066833496e-01,6.594207286834716797e-01,6.593986153602600098e-01,6.593765020370483398e-01,6.593544483184814453e-01,6.593322753906250000e-01,6.593101620674133301e-01,6.592881083488464355e-01,6.592659354209899902e-01,6.592438817024230957e-01,6.592217683792114258e-01,6.591997146606445312e-01,6.591776013374328613e-01,6.591555476188659668e-01,6.591334342956542969e-01,6.591113209724426270e-01,6.590892076492309570e-01,6.590670943260192871e-01,6.590450406074523926e-01,6.590229272842407227e-01,6.590008735656738281e-01,6.589788198471069336e-01,6.589567661285400391e-01,6.589346528053283691e-01,6.589125990867614746e-01,6.588904857635498047e-01,6.588683724403381348e-01,6.588463187217712402e-01,6.588242650032043457e-01,6.588022112846374512e-01,6.587800979614257812e-01,6.587581038475036621e-01,6.587359905242919922e-01,6.587139368057250977e-01,6.586918830871582031e-01,6.586698293685913086e-01,6.586477756500244141e-01,6.586256623268127441e-01,6.586036682128906250e-01,6.585815548896789551e-01,6.585595607757568359e-01,6.585374474525451660e-01,6.585154533386230469e-01,6.584933400154113770e-01,6.584713459014892578e-01,6.584492921829223633e-01,6.584272384643554688e-01,6.584051847457885742e-01,6.583831310272216797e-01,6.583611369132995605e-01,6.583390235900878906e-01,6.583170294761657715e-01,6.582949757575988770e-01,6.582729816436767578e-01,6.582509279251098633e-01,6.582289338111877441e-01,6.582068800926208496e-01,6.581848263740539551e-01,6.581628322601318359e-01
6.349539160728454590e-01,6.349334120750427246e-01,6.349129080772399902e-01,6.348924040794372559e-01,6.348719596862792969e-01,6.348513960838317871e-01,6.348309516906738281e-01,6.348104476928710938e-01,6.347900032997131348e-01,6.347694396972656250e-01,6.347489356994628906e-01,6.347284913063049316e-01,6.347079873085021973e-01,6.346875429153442383e-01,6.346670389175415039e-01,6.346465945243835449e-01,6.346260905265808105e-01,6.346056461334228516e-01,6.345851421356201172e-01,6.345646381378173828e-01,6.345441937446594238e-01,6.345236897468566895e-01,6.345032453536987305e-01,6.344827413558959961e-01,6.344622969627380371e-01,6.344417929649353027e-01,6.344213485717773438e-01,6.344009041786193848e-01,6.343804597854614258e-01,6.343599557876586914e-01,6.343394517898559570e-01,6.343190670013427734e-01,6.342985630035400391e-01,6.342781186103820801e-01,6.342576742172241211e-01,6.342372298240661621e-01,6.342167258262634277e-01,6.341963410377502441e-01,6.341758370399475098e-01,6.341554522514343262e-01,6.341349482536315918e-01,6.341145038604736328e-01,6.340940594673156738e-01,6.340736150741577148e-01,6.340531706809997559e-01,6.340327262878417969e-01,6.340122818946838379e-01,6.339918375015258789e-01,6.339714527130126953e-01,6.339510083198547363e-01,6.339305639266967773e-01,6.339101195335388184e-01,6.338896751403808594e-01,6.338692307472229004e-01,6.338487863540649414e-01,6.338284015655517578e-01,6.338079571723937988e-01,6.337875723838806152e-01,6.337671279907226562e-01,6.337467432022094727e-01,6.337262988090515137e-01,6.337058544158935547e-01,6.336854100227355957e-01,6.336650252342224121e-01,6.336445808410644531e-01,6.336241364479064941e-01,6.336037516593933105e-01,6.335833668708801270e-01,6.335629820823669434e-01,6.335425376892089844e-01,6.335221529006958008e-01,6.335017085075378418e-01,6.334812641143798828e-01,6.334608793258666992e-01,6.334404945373535156e-01,6.334201097488403320e-01,6.333996653556823730e-01,6.333793401718139648e-01,6.333588957786560059e-01,6.333385109901428223e-01
6.118187904357910156e-01,6.117997169494628906e-01,6.117807030677795410e-01,6.117616891860961914e-01,6.117426156997680664e-01,6.117236018180847168e-01,6.117045879364013672e-01,6.116855740547180176e-01,6.116665005683898926e-01,6.116475462913513184e-01,6.116284728050231934e-01,6.116094589233398438e-01,6.115904450416564941e-01,6.115714311599731445e-01,6.115524172782897949e-01,6.115334033966064453e-01,6.115143895149230957e-01,6.114953756332397461e-01,6.114763617515563965e-01,6.114573478698730469e-01,6.114383339881896973e-01,6.114193201065063477e-01,6.114003062248229980e-01,6.113812923431396484e-01,6.113622784614562988e-01,6.113433241844177246e-01,6.113242506980895996e-01,6.113052964210510254e-01,6.112862825393676758e-01,6.112673282623291016e-01,6.112482547760009766e-01,6.112293004989624023e-01,6.112102866172790527e-01,6.111913323402404785e-01,6.111723184585571289e-01,6.111533045768737793e-01,6.111343502998352051e-01,6.111153364181518555e-01,6.110963225364685059e-01,6.110773682594299316e-01,6.110583543777465820e-01,6.110393404960632324e-01,6.110203862190246582e-01,6.110014319419860840e-01,6.109824180603027344e-01,6.109634637832641602e-01,6.109444499015808105e-01,6.109254956245422363e-01,6.109064817428588867e-01,6.108875274658203125e-01,6.108685731887817383e-01,6.108496189117431641e-01,6.108306050300598145e-01,6.108116507530212402e-01,6.107926368713378906e-01,6.107736825942993164e-01,6.107547283172607422e-01,6.107357144355773926e-01,6.107168197631835938e-01,6.106978058815002441e-01,6.106788516044616699e-01,6.106598973274230957e-01,6.106409430503845215e-01,6.106219887733459473e-01,6.106030344963073730e-01,6.105840802192687988e-01,6.105650663375854492e-01,6.105461716651916504e-01,6.105271577835083008e-01,6.105082631111145020e-01,6.104893088340759277e-01,6.104703545570373535e-01,6.104514002799987793e-01,6.104324460029602051e-01,6.104134917259216309e-01,6.103945374488830566e-01,6.103755831718444824e-01,6.103566288948059082e-01,6.103377342224121094e-01,6.103187799453735352e-01
5.903102159500122070e-01,5.902925133705139160e-01,5.902747511863708496e-01,5.902571082115173340e-01,5.902393460273742676e-01,5.902216434478759766e-01,5.902039408683776855e-01,5.901861786842346191e-01,5.901685357093811035e-01,5.901507735252380371e-01,5.901330709457397461e-01,5.901153683662414551e-01,5.900976657867431641e-01,5.900799632072448730e-01,5.900622606277465820e-01,5.900445580482482910e-01,5.900268554687500000e-01,5.900091528892517090e-01,5.899914503097534180e-01,5.899737477302551270e-01,5.899560451507568359e-01,5.899383425712585449e-01,5.899206399917602539e-01,5.899029970169067383e-01,5.898852944374084473e-01,5.898675918579101562e-01,5.898498892784118652e-01,5.898321866989135742e-01,5.898145437240600586e-01,5.897968411445617676e-01,5.897791385650634766e-01,5.897614359855651855e-01,5.897437930107116699e-01,5.897260904312133789e-01,5.897084474563598633e-01,5.896907448768615723e-01,5.896730422973632812e-01,5.896553397178649902e-01,5.896376967430114746e-01,5.896199941635131836e-01,5.896023511886596680e-01,5.895846486091613770e-01,5.895669460296630859e-01,5.895493030548095703e-01,5.895316600799560547e-01,5.895139575004577637e-01,5.894963145256042480e-01,5.894786715507507324e-01,5.894609689712524414e-01,5.894432663917541504e-01,5.894256234169006348e-01,5.894079208374023438e-01,5.893902778625488281e-01,5.893726348876953125e-01,5.893549919128417969e-01,5.893372893333435059e-01,5.893196463584899902e-01,5.893020033836364746e-01,5.892843008041381836e-01,5.892666578292846680e-01,5.892490148544311523e-01,5.892313718795776367e-01,5.892136693000793457e-01,5.891960859298706055e-01,5.891783833503723145e-01,5.891607403755187988e-01,5.891430974006652832e-01,5.891254544258117676e-01,5.891078114509582520e-01,5.890901684761047363e-01,5.890725255012512207e-01,5.890548825263977051e-01,5.890372395515441895e-01,5.890195965766906738e-01,5.890019536018371582e-01,5.889843106269836426e-01,5.889666676521301270e-01,5.889490246772766113e-01,5.889314413070678711e-01,5.889137387275695801e-01
5.702626109123229980e-01,5.702460408210754395e-01,5.702295303344726562e-01,5.702130198478698730e-01,5.701965093612670898e-01,5.701799392700195312e-01,5.701634287834167480e-01,5.701468586921691895e-01,5.701303482055664062e-01,5.701138377189636230e-01,5.700973272323608398e-01,5.700807571411132812e-01,5.700642466545104980e-01,5.700477361679077148e-01,5.700311660766601562e-01,5.700147151947021484e-01,5.699981451034545898e-01,5.699816346168518066e-01,5.699651241302490234e-01,5.699486136436462402e-01,5.699321031570434570e-01,5.699155330657958984e-01,5.698990821838378906e-01,5.698825120925903320e-01,5.698660016059875488e-01,5.698494911193847656e-01,5.698329806327819824e-01,5.698164701461791992e-01,5.698000192642211914e-01,5.697834491729736328e-01,5.697669982910156250e-01,5.697504281997680664e-01,5.697339177131652832e-01,5.697174668312072754e-01,5.697008967399597168e-01,5.696844458580017090e-01,5.696679353713989258e-01,5.696514248847961426e-01,5.696349143981933594e-01,5.696184635162353516e-01,5.696019530296325684e-01,5.695854425430297852e-01,5.695689320564270020e-01,5.695524215698242188e-01,5.695359706878662109e-01,5.695194602012634277e-01,5.695029497146606445e-01,5.694864392280578613e-01,5.694699883460998535e-01,5.694534778594970703e-01,5.694370269775390625e-01,5.694205164909362793e-01,5.694040060043334961e-01,5.693875551223754883e-01,5.693710446357727051e-01,5.693545937538146973e-01,5.693380832672119141e-01,5.693216323852539062e-01,5.693051218986511230e-01,5.692886710166931152e-01,5.692721605300903320e-01,5.692557096481323242e-01,5.692391991615295410e-01,5.692226886749267578e-01,5.692062377929687500e-01,5.691897869110107422e-01,5.691733360290527344e-01,5.691568255424499512e-01,5.691403746604919434e-01,5.691238641738891602e-01,5.691074132919311523e-01,5.690909624099731445e-01,5.690745115280151367e-01,5.690580010414123535e-01,5.690415501594543457e-01,5.690250992774963379e-01,5.690085887908935547e-01,5.689921975135803223e-01,5.689756870269775391e-01,5.689592361450195312e-01
