3.777055501937866211e+00,3.736841678619384766e+00,3.697475194931030273e+00,3.658929586410522461e+00,3.621179103851318359e+00,3.584199666976928711e+00,3.547968149185180664e+00,3.512461423873901367e+00,3.477658510208129883e+00,3.443538427352905273e+00,3.410081624984741211e+00,3.377268552780151367e+00,3.345080852508544922e+00,3.313500881195068359e+00,3.282511949539184570e+00,3.252097129821777344e+00,3.222240686416625977e+00,3.192927360534667969e+00,3.164142608642578125e+00,3.135872364044189453e+00,3.108102560043334961e+00,3.080820560455322266e+00,3.054013013839721680e+00,3.027668237686157227e+00,3.001773834228515625e+00,2.976318836212158203e+00,2.951291799545288086e+00,2.926682233810424805e+00,2.902479648590087891e+00,2.878674030303955078e+00,2.855256080627441406e+00,2.832215785980224609e+00,2.809544324874877930e+00,2.787232875823974609e+00,2.765273094177246094e+00,2.743656635284423828e+00,2.722375392913818359e+00,2.701421976089477539e+00,2.680788516998291016e+00,2.660467863082885742e+00,2.640452861785888672e+00,2.620736837387084961e+00,2.601313114166259766e+00,2.582175254821777344e+00,2.563316822052001953e+00,2.544731855392456055e+00,2.526414632797241211e+00,2.508359193801879883e+00,2.490559816360473633e+00,2.473011255264282227e+00,2.455708265304565430e+00,2.438645839691162109e+00,2.421818733215332031e+00,2.405222415924072266e+00,2.388851881027221680e+00,2.372702836990356445e+00,2.356770515441894531e+00,2.341050624847412109e+00,2.325539350509643555e+00,2.310232162475585938e+00,2.295125007629394531e+00,2.280214309692382812e+00,2.265496253967285156e+00,2.250966787338256836e+00,2.236622571945190430e+00,2.222459793090820312e+00,2.208475351333618164e+00,2.194665908813476562e+00,2.181028127670288086e+00,2.167558670043945312e+00,2.154254674911499023e+00,2.141112804412841797e+00,2.128130435943603516e+00,2.115304470062255859e+00,2.102632045745849609e+00,2.090110778808593750e+00,2.077737569808959961e+00,2.065510272979736328e+00,2.053426027297973633e+00,2.041482210159301758e+00
3.777055978775024414e+00,3.736842155456542969e+00,3.697475910186767578e+00,3.658930301666259766e+00,3.621179819107055664e+00,3.584200382232666016e+00,3.547968864440917969e+00,3.512462139129638672e+00,3.477659225463867188e+00,3.443539142608642578e+00,3.410082101821899414e+00,3.377269029617309570e+00,3.345081567764282227e+00,3.313501596450805664e+00,3.282512426376342773e+00,3.252097368240356445e+00,3.222240924835205078e+00,3.192927598953247070e+00,3.164143085479736328e+00,3.135872840881347656e+00,3.108103036880493164e+00,3.080821037292480469e+00,3.054013490676879883e+00,3.027668714523315430e+00,3.001774549484252930e+00,2.976319313049316406e+00,2.951292276382446289e+00,2.926682710647583008e+00,2.902480125427246094e+00,2.878674507141113281e+00,2.855256319046020508e+00,2.832216024398803711e+00,2.809544563293457031e+00,2.787233114242553711e+00,2.765273571014404297e+00,2.743657112121582031e+00,2.722375869750976562e+00,2.701422452926635742e+00,2.680788755416870117e+00,2.660468101501464844e+00,2.640453338623046875e+00,2.620737314224243164e+00,2.601313591003417969e+00,2.582175731658935547e+00,2.563317060470581055e+00,2.544732332229614258e+00,2.526414871215820312e+00,2.508359193801879883e+00,2.490559816360473633e+00,2.473011493682861328e+00,2.455708742141723633e+00,2.438646078109741211e+00,2.421819210052490234e+00,2.405222654342651367e+00,2.388852119445800781e+00,2.372703075408935547e+00,2.356770753860473633e+00,2.341051101684570312e+00,2.325539588928222656e+00,2.310232400894165039e+00,2.295125246047973633e+00,2.280214548110961914e+00,2.265496253967285156e+00,2.250967025756835938e+00,2.236622571945190430e+00,2.222460031509399414e+00,2.208475828170776367e+00,2.194666147232055664e+00,2.181028366088867188e+00,2.167558908462524414e+00,2.154254913330078125e+00,2.141113042831420898e+00,2.128130435943603516e+00,2.115304470062255859e+00,2.102632284164428711e+00,2.090111017227172852e+00,2.077737808227539062e+00,2.065510511398315430e+00,2.053426265716552734e+00,2.041482210159301758e+00
3.777056694030761719e+00,3.736842870712280273e+00,3.697476387023925781e+00,3.658930778503417969e+00,3.621180295944213867e+00,3.584200859069824219e+00,3.547969579696655273e+00,3.512462854385375977e+00,3.477659940719604492e+00,3.443539857864379883e+00,3.410082817077636719e+00,3.377269744873046875e+00,3.345082283020019531e+00,3.313502311706542969e+00,3.282512903213500977e+00,3.252098083496093750e+00,3.222241640090942383e+00,3.192928314208984375e+00,3.164143562316894531e+00,3.135873317718505859e+00,3.108103275299072266e+00,3.080821275711059570e+00,3.054014205932617188e+00,3.027669191360473633e+00,3.001775026321411133e+00,2.976319789886474609e+00,2.951292753219604492e+00,2.926683187484741211e+00,2.902480602264404297e+00,2.878674983978271484e+00,2.855256795883178711e+00,2.832216501235961914e+00,2.809545040130615234e+00,2.787233591079711914e+00,2.765273809432983398e+00,2.743657350540161133e+00,2.722376108169555664e+00,2.701422691345214844e+00,2.680789232254028320e+00,2.660468578338623047e+00,2.640453815460205078e+00,2.620737791061401367e+00,2.601314067840576172e+00,2.582175970077514648e+00,2.563317537307739258e+00,2.544732570648193359e+00,2.526415109634399414e+00,2.508359670639038086e+00,2.490560293197631836e+00,2.473011732101440430e+00,2.455708742141723633e+00,2.438646316528320312e+00,2.421819448471069336e+00,2.405222892761230469e+00,2.388852596282958984e+00,2.372703313827514648e+00,2.356771230697631836e+00,2.341051340103149414e+00,2.325540065765380859e+00,2.310232639312744141e+00,2.295125722885131836e+00,2.280215024948120117e+00,2.265496492385864258e+00,2.250967264175415039e+00,2.236623048782348633e+00,2.222460269927978516e+00,2.208475828170776367e+00,2.194666385650634766e+00,2.181028604507446289e+00,2.167558908462524414e+00,2.154254913330078125e+00,2.141113042831420898e+00,2.128130674362182617e+00,2.115304708480834961e+00,2.102632522583007812e+00,2.090111255645751953e+00,2.077738285064697266e+00,2.065510749816894531e+00,2.053426504135131836e+00,2.041482686996459961e+00
3.777057647705078125e+00,3.736843824386596680e+00,3.697477102279663086e+00,3.658931493759155273e+00,3.621181011199951172e+00,3.584201574325561523e+00,3.547969818115234375e+00,3.512463331222534180e+00,3.477660417556762695e+00,3.443540334701538086e+00,3.410083532333374023e+00,3.377270460128784180e+00,3.345082759857177734e+00,3.313502788543701172e+00,3.282513618469238281e+00,3.252098798751831055e+00,3.222242116928100586e+00,3.192929029464721680e+00,3.164144039154052734e+00,3.135873794555664062e+00,3.108103990554809570e+00,3.080821990966796875e+00,3.054014444351196289e+00,3.027669429779052734e+00,3.001775264739990234e+00,2.976320028305053711e+00,2.951293468475341797e+00,2.926683664321899414e+00,2.902481079101562500e+00,2.878675460815429688e+00,2.855257272720336914e+00,2.832216978073120117e+00,2.809545516967773438e+00,2.787234067916870117e+00,2.765274286270141602e+00,2.743657827377319336e+00,2.722376585006713867e+00,2.701422929763793945e+00,2.680789470672607422e+00,2.660468816757202148e+00,2.640454053878784180e+00,2.620738029479980469e+00,2.601314306259155273e+00,2.582176446914672852e+00,2.563318014144897461e+00,2.544733047485351562e+00,2.526415586471557617e+00,2.508360147476196289e+00,2.490560531616210938e+00,2.473012208938598633e+00,2.455709218978881836e+00,2.438646554946899414e+00,2.421819686889648438e+00,2.405223131179809570e+00,2.388852834701538086e+00,2.372703552246093750e+00,2.356771469116210938e+00,2.341051578521728516e+00,2.325540304183959961e+00,2.310233116149902344e+00,2.295125961303710938e+00,2.280215263366699219e+00,2.265496969223022461e+00,2.250967502593994141e+00,2.236623287200927734e+00,2.222460508346557617e+00,2.208475828170776367e+00,2.194666385650634766e+00,2.181028604507446289e+00,2.167559146881103516e+00,2.154254913330078125e+00,2.141113281250000000e+00,2.128130912780761719e+00,2.115304946899414062e+00,2.102632761001586914e+00,2.090111494064331055e+00,2.077738523483276367e+00,2.065510988235473633e+00,2.053426742553710938e+00,2.041482925415039062e+00
3.777058362960815430e+00,3.736844539642333984e+00,3.697478055953979492e+00,3.658932209014892578e+00,3.621181964874267578e+00,3.584202289581298828e+00,3.547970771789550781e+00,3.512464046478271484e+00,3.477661132812500000e+00,3.443541049957275391e+00,3.410084009170532227e+00,3.377270698547363281e+00,3.345083236694335938e+00,3.313503265380859375e+00,3.282513856887817383e+00,3.252099275588989258e+00,3.222242832183837891e+00,3.192929506301879883e+00,3.164144754409790039e+00,3.135874271392822266e+00,3.108104467391967773e+00,3.080822467803955078e+00,3.054014921188354492e+00,3.027670145034790039e+00,3.001775741577148438e+00,2.976320743560791016e+00,2.951293706893920898e+00,2.926683902740478516e+00,2.902481317520141602e+00,2.878675699234008789e+00,2.855257511138916016e+00,2.832217454910278320e+00,2.809545993804931641e+00,2.787234544754028320e+00,2.765274763107299805e+00,2.743658304214477539e+00,2.722377061843872070e+00,2.701423406600952148e+00,2.680789947509765625e+00,2.660469293594360352e+00,2.640454292297363281e+00,2.620738267898559570e+00,2.601314544677734375e+00,2.582176685333251953e+00,2.563318252563476562e+00,2.544733285903930664e+00,2.526415824890136719e+00,2.508360385894775391e+00,2.490561008453369141e+00,2.473012447357177734e+00,2.455709457397460938e+00,2.438647031784057617e+00,2.421820163726806641e+00,2.405223608016967773e+00,2.388853073120117188e+00,2.372704029083251953e+00,2.356771707534790039e+00,2.341051816940307617e+00,2.325540542602539062e+00,2.310233116149902344e+00,2.295126199722290039e+00,2.280215501785278320e+00,2.265496969223022461e+00,2.250967741012573242e+00,2.236623287200927734e+00,2.222460746765136719e+00,2.208476305007934570e+00,2.194666624069213867e+00,2.181028842926025391e+00,2.167559385299682617e+00,2.154255390167236328e+00,2.141113519668579102e+00,2.128131151199340820e+00,2.115305185317993164e+00,2.102632999420166016e+00,2.090111732482910156e+00,2.077738523483276367e+00,2.065511226654052734e+00,2.053426742553710938e+00,2.041483163833618164e+00
3.777058839797973633e+00,3.736845016479492188e+00,3.697478532791137695e+00,3.658933162689208984e+00,3.621182680130004883e+00,3.584203243255615234e+00,3.547971487045288086e+00,3.512464761734008789e+00,3.477661848068237305e+00,3.443541765213012695e+00,3.410084724426269531e+00,3.377271413803100586e+00,3.345083951950073242e+00,3.313503742218017578e+00,3.282514572143554688e+00,3.252099752426147461e+00,3.222243070602416992e+00,3.192929744720458984e+00,3.164144992828369141e+00,3.135874986648559570e+00,3.108105182647705078e+00,3.080822944641113281e+00,3.054015636444091797e+00,3.027670621871948242e+00,3.001776218414306641e+00,2.976321220397949219e+00,2.951294183731079102e+00,2.926684379577636719e+00,2.902482032775878906e+00,2.878676176071166992e+00,2.855257987976074219e+00,2.832217693328857422e+00,2.809546232223510742e+00,2.787234783172607422e+00,2.765275001525878906e+00,2.743658781051635742e+00,2.722377538681030273e+00,2.701423883438110352e+00,2.680790424346923828e+00,2.660469770431518555e+00,2.640454769134521484e+00,2.620738744735717773e+00,2.601315021514892578e+00,2.582176923751831055e+00,2.563318490982055664e+00,2.544733524322509766e+00,2.526416063308715820e+00,2.508360624313354492e+00,2.490561246871948242e+00,2.473012685775756836e+00,2.455709695816040039e+00,2.438647270202636719e+00,2.421820402145385742e+00,2.405223846435546875e+00,2.388853311538696289e+00,2.372704267501831055e+00,2.356771945953369141e+00,2.341052293777465820e+00,2.325540781021118164e+00,2.310233592987060547e+00,2.295126438140869141e+00,2.280215501785278320e+00,2.265497207641601562e+00,2.250967741012573242e+00,2.236623525619506836e+00,2.222460746765136719e+00,2.208476305007934570e+00,2.194666862487792969e+00,2.181029081344604492e+00,2.167559623718261719e+00,2.154255628585815430e+00,2.141113758087158203e+00,2.128131389617919922e+00,2.115305423736572266e+00,2.102633237838745117e+00,2.090111970901489258e+00,2.077738761901855469e+00,2.065511465072631836e+00,2.053426980972290039e+00,2.041483163833618164e+00
3.777059793472290039e+00,3.736845970153808594e+00,3.697479248046875000e+00,3.658933401107788086e+00,3.621183156967163086e+00,3.584203481674194336e+00,3.547971725463867188e+00,3.512465476989746094e+00,3.477662563323974609e+00,3.443542480468750000e+00,3.410085439682006836e+00,3.377272129058837891e+00,3.345084428787231445e+00,3.313504457473754883e+00,3.282515287399291992e+00,3.252100229263305664e+00,3.222243785858154297e+00,3.192930459976196289e+00,3.164145469665527344e+00,3.135875225067138672e+00,3.108105421066284180e+00,3.080823183059692383e+00,3.054015874862670898e+00,3.027671098709106445e+00,3.001776933670043945e+00,2.976321697235107422e+00,2.951294660568237305e+00,2.926685094833374023e+00,2.902482509613037109e+00,2.878676652908325195e+00,2.855258464813232422e+00,2.832218170166015625e+00,2.809546709060668945e+00,2.787235260009765625e+00,2.765275478363037109e+00,2.743658781051635742e+00,2.722377777099609375e+00,2.701424121856689453e+00,2.680790662765502930e+00,2.660470008850097656e+00,2.640455245971679688e+00,2.620739221572875977e+00,2.601315259933471680e+00,2.582177400588989258e+00,2.563318967819213867e+00,2.544734001159667969e+00,2.526416540145874023e+00,2.508360862731933594e+00,2.490561485290527344e+00,2.473012924194335938e+00,2.455710172653198242e+00,2.438647508621215820e+00,2.421820640563964844e+00,2.405224084854125977e+00,2.388853549957275391e+00,2.372704505920410156e+00,2.356772422790527344e+00,2.341052532196044922e+00,2.325540781021118164e+00,2.310233592987060547e+00,2.295126438140869141e+00,2.280215740203857422e+00,2.265497446060180664e+00,2.250967979431152344e+00,2.236623764038085938e+00,2.222461223602294922e+00,2.208476781845092773e+00,2.194667100906372070e+00,2.181029319763183594e+00,2.167559862136840820e+00,2.154255628585815430e+00,2.141113996505737305e+00,2.128131628036499023e+00,2.115305662155151367e+00,2.102633476257324219e+00,2.090112209320068359e+00,2.077739000320434570e+00,2.065511703491210938e+00,2.053427219390869141e+00,2.041483402252197266e+00
3.777060508728027344e+00,3.736846685409545898e+00,3.697479963302612305e+00,3.658934354782104492e+00,3.621183872222900391e+00,3.584204196929931641e+00,3.547972440719604492e+00,3.512465953826904297e+00,3.477662801742553711e+00,3.443542718887329102e+00,3.410085678100585938e+00,3.377272844314575195e+00,3.345085144042968750e+00,3.313505172729492188e+00,3.282516002655029297e+00,3.252100944519042969e+00,3.222244262695312500e+00,3.192930936813354492e+00,3.164146184921264648e+00,3.135875940322875977e+00,3.108105897903442383e+00,3.080823898315429688e+00,3.054016351699829102e+00,3.027671337127685547e+00,3.001777172088623047e+00,2.976321935653686523e+00,2.951294898986816406e+00,2.926685571670532227e+00,2.902482986450195312e+00,2.878677129745483398e+00,2.855258941650390625e+00,2.832218647003173828e+00,2.809547185897827148e+00,2.787235736846923828e+00,2.765275955200195312e+00,2.743659257888793945e+00,2.722378015518188477e+00,2.701424598693847656e+00,2.680790901184082031e+00,2.660470247268676758e+00,2.640455484390258789e+00,2.620739459991455078e+00,2.601315498352050781e+00,2.582177877426147461e+00,2.563319206237792969e+00,2.544734477996826172e+00,2.526417016983032227e+00,2.508361339569091797e+00,2.490561962127685547e+00,2.473013401031494141e+00,2.455710411071777344e+00,2.438647985458374023e+00,2.421820878982543945e+00,2.405224323272705078e+00,2.388854026794433594e+00,2.372704505920410156e+00,2.356772184371948242e+00,2.341052532196044922e+00,2.325541019439697266e+00,2.310233831405639648e+00,2.295126914978027344e+00,2.280216217041015625e+00,2.265498161315917969e+00,2.250968694686889648e+00,2.236624479293823242e+00,2.222461700439453125e+00,2.208477258682250977e+00,2.194667816162109375e+00,2.181030035018920898e+00,2.167560577392578125e+00,2.154256582260131836e+00,2.141114950180053711e+00,2.128132343292236328e+00,2.115306377410888672e+00,2.102634191513061523e+00,2.090113162994384766e+00,2.077739715576171875e+00,2.065512180328369141e+00,2.053427934646606445e+00,2.041484117507934570e+00
3.777061462402343750e+00,3.736847400665283203e+00,3.697480916976928711e+00,3.658935070037841797e+00,3.621184587478637695e+00,3.584205150604248047e+00,3.547973394393920898e+00,3.512466669082641602e+00,3.477663516998291016e+00,3.443543434143066406e+00,3.410086393356323242e+00,3.377273082733154297e+00,3.345085620880126953e+00,3.313505411148071289e+00,3.282516241073608398e+00,3.252101659774780273e+00,3.222244977951049805e+00,3.192931652069091797e+00,3.164146661758422852e+00,3.135876417160034180e+00,3.108106613159179688e+00,3.080824375152587891e+00,3.054016828536987305e+00,3.027672052383422852e+00,3.001777648925781250e+00,2.976322412490844727e+00,2.951295375823974609e+00,2.926685810089111328e+00,2.902483224868774414e+00,2.878677368164062500e+00,2.855259180068969727e+00,2.832219123840332031e+00,2.809547662734985352e+00,2.787236213684082031e+00,2.765276432037353516e+00,2.743659734725952148e+00,2.722378492355346680e+00,2.701425075531005859e+00,2.680791616439819336e+00,2.660470962524414062e+00,2.640455961227416992e+00,2.620739936828613281e+00,2.601316452026367188e+00,2.582178354263305664e+00,2.563319921493530273e+00,2.544734954833984375e+00,2.526417493820190430e+00,2.508362054824829102e+00,2.490562677383422852e+00,2.473014116287231445e+00,2.455711126327514648e+00,2.438648700714111328e+00,2.421821832656860352e+00,2.405225276947021484e+00,2.388854742050170898e+00,2.372705698013305664e+00,2.356773614883422852e+00,2.341053724288940430e+00,2.325542211532592773e+00,2.310235023498535156e+00,2.295128107070922852e+00,2.280217170715332031e+00,2.265498876571655273e+00,2.250969409942626953e+00,2.236625432968139648e+00,2.222462654113769531e+00,2.208478212356567383e+00,2.194668531417846680e+00,2.181030750274658203e+00,2.167561531066894531e+00,2.154257297515869141e+00,2.141115665435791016e+00,2.128133058547973633e+00,2.115307331085205078e+00,2.102635145187377930e+00,2.090113639831542969e+00,2.077740430831909180e+00,2.065512895584106445e+00,2.053428649902343750e+00,2.041484832763671875e+00
3.777061939239501953e+00,3.736847877502441406e+00,3.697481155395507812e+00,3.658935785293579102e+00,3.621185302734375000e+00,3.584205865859985352e+00,3.547974109649658203e+00,3.512467384338378906e+00,3.477664232254028320e+00,3.443544149398803711e+00,3.410087108612060547e+00,3.377273797988891602e+00,3.345086097717285156e+00,3.313506126403808594e+00,3.282516956329345703e+00,3.252102136611938477e+00,3.222245693206787109e+00,3.192932367324829102e+00,3.164147615432739258e+00,3.135877370834350586e+00,3.108107328414916992e+00,3.080825328826904297e+00,3.054017782211303711e+00,3.027673006057739258e+00,3.001778841018676758e+00,2.976323604583740234e+00,2.951296567916870117e+00,2.926687002182006836e+00,2.902484416961669922e+00,2.878678798675537109e+00,2.855260372161865234e+00,2.832220315933227539e+00,2.809548854827880859e+00,2.787237167358398438e+00,2.765277385711669922e+00,2.743660926818847656e+00,2.722379922866821289e+00,2.701426267623901367e+00,2.680792808532714844e+00,2.660471916198730469e+00,2.640457391738891602e+00,2.620741128921508789e+00,2.601317405700683594e+00,2.582179307937622070e+00,2.563320875167846680e+00,2.544736146926879883e+00,2.526418685913085938e+00,2.508363008499145508e+00,2.490563631057739258e+00,2.473015308380126953e+00,2.455712318420410156e+00,2.438649654388427734e+00,2.421822786331176758e+00,2.405226230621337891e+00,2.388855695724487305e+00,2.372706651687622070e+00,2.356774330139160156e+00,2.341054439544677734e+00,2.325543165206909180e+00,2.310235977172851562e+00,2.295128822326660156e+00,2.280218124389648438e+00,2.265499830245971680e+00,2.250970363616943359e+00,2.236626148223876953e+00,2.222463369369506836e+00,2.208478927612304688e+00,2.194669485092163086e+00,2.181031703948974609e+00,2.167562246322631836e+00,2.154258012771606445e+00,2.141116380691528320e+00,2.128134012222290039e+00,2.115308046340942383e+00,2.102635622024536133e+00,2.090114593505859375e+00,2.077741146087646484e+00,2.065513610839843750e+00,2.053429365158081055e+00,2.041485309600830078e+00
3.777063608169555664e+00,3.736849546432495117e+00,3.697482824325561523e+00,3.658937454223632812e+00,3.621186971664428711e+00,3.584207296371459961e+00,3.547975540161132812e+00,3.512469053268432617e+00,3.477666139602661133e+00,3.443546056747436523e+00,3.410088777542114258e+00,3.377275466918945312e+00,3.345088243484497070e+00,3.313508033752441406e+00,3.282518863677978516e+00,3.252103805541992188e+00,3.222247362136840820e+00,3.192934036254882812e+00,3.164149045944213867e+00,3.135878801345825195e+00,3.108109235763549805e+00,3.080826997756958008e+00,3.054019451141357422e+00,3.027674436569213867e+00,3.001780033111572266e+00,2.976325273513793945e+00,2.951297998428344727e+00,2.926688194274902344e+00,2.902485609054565430e+00,2.878680229187011719e+00,2.855261802673339844e+00,2.832221508026123047e+00,2.809549808502197266e+00,2.787238359451293945e+00,2.765278816223144531e+00,2.743662357330322266e+00,2.722381114959716797e+00,2.701427459716796875e+00,2.680794000625610352e+00,2.660473346710205078e+00,2.640458345413208008e+00,2.620742321014404297e+00,2.601318597793579102e+00,2.582180500030517578e+00,2.563322067260742188e+00,2.544737100601196289e+00,2.526419639587402344e+00,2.508364200592041016e+00,2.490564584732055664e+00,2.473016023635864258e+00,2.455713033676147461e+00,2.438650846481323242e+00,2.421823740005493164e+00,2.405227184295654297e+00,2.388856649398803711e+00,2.372707366943359375e+00,2.356775283813476562e+00,2.341055393218994141e+00,2.325544118881225586e+00,2.310236692428588867e+00,2.295129776000976562e+00,2.280219078063964844e+00,2.265500545501708984e+00,2.250971078872680664e+00,2.236626863479614258e+00,2.222464323043823242e+00,2.208479881286621094e+00,2.194670200347900391e+00,2.181032419204711914e+00,2.167562961578369141e+00,2.154258966445922852e+00,2.141117095947265625e+00,2.128134489059448242e+00,2.115308761596679688e+00,2.102636575698852539e+00,2.090115070343017578e+00,2.077741861343383789e+00,2.065514326095581055e+00,2.053430080413818359e+00,2.041486263275146484e+00
3.777065753936767578e+00,3.736852169036865234e+00,3.697485446929931641e+00,3.658939361572265625e+00,3.621188879013061523e+00,3.584209680557250977e+00,3.547977685928344727e+00,3.512470960617065430e+00,3.477668046951293945e+00,3.443547964096069336e+00,3.410090923309326172e+00,3.377277612686157227e+00,3.345089912414550781e+00,3.313509702682495117e+00,3.282520771026611328e+00,3.252105712890625000e+00,3.222249031066894531e+00,3.192935705184936523e+00,3.164150953292846680e+00,3.135880470275878906e+00,3.108110666275024414e+00,3.080828428268432617e+00,3.054020881652832031e+00,3.027676105499267578e+00,3.001781702041625977e+00,2.976326465606689453e+00,2.951299428939819336e+00,2.926689863204956055e+00,2.902487277984619141e+00,2.878681421279907227e+00,2.855263233184814453e+00,2.832222938537597656e+00,2.809551239013671875e+00,2.787239789962768555e+00,2.765280008316040039e+00,2.743663311004638672e+00,2.722382307052612305e+00,2.701428651809692383e+00,2.680795192718505859e+00,2.660474300384521484e+00,2.640459537506103516e+00,2.620743513107299805e+00,2.601319551467895508e+00,2.582181692123413086e+00,2.563323020935058594e+00,2.544738292694091797e+00,2.526420831680297852e+00,2.508365154266357422e+00,2.490565538406372070e+00,2.473017215728759766e+00,2.455714225769042969e+00,2.438651561737060547e+00,2.421824693679809570e+00,2.405228137969970703e+00,2.388857603073120117e+00,2.372708559036254883e+00,2.356776237487792969e+00,2.341056346893310547e+00,2.325545072555541992e+00,2.310237646102905273e+00,2.295130491256713867e+00,2.280219793319702148e+00,2.265501499176025391e+00,2.250972032546997070e+00,2.236627817153930664e+00,2.222465038299560547e+00,2.208480596542358398e+00,2.194671154022216797e+00,2.181033134460449219e+00,2.167563676834106445e+00,2.154259443283081055e+00,2.141117811203002930e+00,2.128135442733764648e+00,2.115309476852416992e+00,2.102637052536010742e+00,2.090115785598754883e+00,2.077742576599121094e+00,2.065515041351318359e+00,2.053430795669555664e+00,2.041486740112304688e+00
3.777068138122558594e+00,3.736854076385498047e+00,3.697487354278564453e+00,3.658941745758056641e+00,3.621191263198852539e+00,3.584211587905883789e+00,3.547979593276977539e+00,3.512473106384277344e+00,3.477670192718505859e+00,3.443549871444702148e+00,3.410092592239379883e+00,3.377279281616210938e+00,3.345091819763183594e+00,3.313511610031127930e+00,3.282522439956665039e+00,3.252107143402099609e+00,3.222250938415527344e+00,3.192937374114990234e+00,3.164152383804321289e+00,3.135881900787353516e+00,3.108112096786499023e+00,3.080830097198486328e+00,3.054022550582885742e+00,3.027677536010742188e+00,3.001783132553100586e+00,2.976328134536743164e+00,2.951300859451293945e+00,2.926691055297851562e+00,2.902488470077514648e+00,2.878682851791381836e+00,2.855264663696289062e+00,2.832224130630493164e+00,2.809552431106567383e+00,2.787240982055664062e+00,2.765281438827514648e+00,2.743664741516113281e+00,2.722383499145507812e+00,2.701429843902587891e+00,2.680796384811401367e+00,2.660475492477416992e+00,2.640460729598999023e+00,2.620744466781616211e+00,2.601320505142211914e+00,2.582182884216308594e+00,2.563324213027954102e+00,2.544739246368408203e+00,2.526421785354614258e+00,2.508366107940673828e+00,2.490566730499267578e+00,2.473018169403076172e+00,2.455715179443359375e+00,2.438652753829956055e+00,2.421825647354125977e+00,2.405229091644287109e+00,2.388858556747436523e+00,2.372709274291992188e+00,2.356777191162109375e+00,2.341057300567626953e+00,2.325545787811279297e+00,2.310238361358642578e+00,2.295131444931030273e+00,2.280220746994018555e+00,2.265502214431762695e+00,2.250972747802734375e+00,2.236628532409667969e+00,2.222465991973876953e+00,2.208481311798095703e+00,2.194671869277954102e+00,2.181033849716186523e+00,2.167564630508422852e+00,2.154260396957397461e+00,2.141118526458740234e+00,2.128136157989501953e+00,2.115310192108154297e+00,2.102638006210327148e+00,2.090116500854492188e+00,2.077743291854858398e+00,2.065515756607055664e+00,2.053431510925292969e+00,2.041487455368041992e+00
3.777070283889770508e+00,3.736856698989868164e+00,3.697489738464355469e+00,3.658943891525268555e+00,3.621193170547485352e+00,3.584213972091674805e+00,3.547981977462768555e+00,3.512475013732910156e+00,3.477671861648559570e+00,3.443551540374755859e+00,3.410094738006591797e+00,3.377281427383422852e+00,3.345093488693237305e+00,3.313513278961181641e+00,3.282524347305297852e+00,3.252109050750732422e+00,3.222252368927001953e+00,3.192939043045043945e+00,3.164154291152954102e+00,3.135883808135986328e+00,3.108113765716552734e+00,3.080831527709960938e+00,3.054023981094360352e+00,3.027679204940795898e+00,3.001784563064575195e+00,2.976329326629638672e+00,2.951302289962768555e+00,2.926692724227905273e+00,2.902489900588989258e+00,2.878684043884277344e+00,2.855265855789184570e+00,2.832225322723388672e+00,2.809553861618041992e+00,2.787242412567138672e+00,2.765282392501831055e+00,2.743665933609008789e+00,2.722384691238403320e+00,2.701431035995483398e+00,2.680797338485717773e+00,2.660476684570312500e+00,2.640461921691894531e+00,2.620745658874511719e+00,2.601321935653686523e+00,2.582183837890625000e+00,2.563325166702270508e+00,2.544740438461303711e+00,2.526422739028930664e+00,2.508367061614990234e+00,2.490567684173583984e+00,2.473019123077392578e+00,2.455716133117675781e+00,2.438653469085693359e+00,2.421826601028442383e+00,2.405230045318603516e+00,2.388859510421752930e+00,2.372710227966308594e+00,2.356777906417846680e+00,2.341058015823364258e+00,2.325546741485595703e+00,2.310239315032958984e+00,2.295132160186767578e+00,2.280221462249755859e+00,2.265502929687500000e+00,2.250973701477050781e+00,2.236629247665405273e+00,2.222466707229614258e+00,2.208482027053833008e+00,2.194672584533691406e+00,2.181034803390502930e+00,2.167565345764160156e+00,2.154261112213134766e+00,2.141119480133056641e+00,2.128136873245239258e+00,2.115310907363891602e+00,2.102638483047485352e+00,2.090117216110229492e+00,2.077744007110595703e+00,2.065516471862792969e+00,2.053431987762451172e+00,2.041488170623779297e+00
3.777072906494140625e+00,3.736858844757080078e+00,3.697491884231567383e+00,3.658946275711059570e+00,3.621195554733276367e+00,3.584215879440307617e+00,3.547983884811401367e+00,3.512477159500122070e+00,3.477674007415771484e+00,3.443553686141967773e+00,3.410096406936645508e+00,3.377283096313476562e+00,3.345095634460449219e+00,3.313515186309814453e+00,3.282525777816772461e+00,3.252110719680786133e+00,3.222254276275634766e+00,3.192940711975097656e+00,3.164155721664428711e+00,3.135885238647460938e+00,3.108115196228027344e+00,3.080833196640014648e+00,3.054025650024414062e+00,3.027680397033691406e+00,3.001785993576049805e+00,2.976330995559692383e+00,2.951303720474243164e+00,2.926693916320800781e+00,2.902491331100463867e+00,2.878685712814331055e+00,2.855267286300659180e+00,2.832226753234863281e+00,2.809555053710937500e+00,2.787243604660034180e+00,2.765283823013305664e+00,2.743667125701904297e+00,2.722385883331298828e+00,2.701432228088378906e+00,2.680798768997192383e+00,2.660477876663208008e+00,2.640462875366210938e+00,2.620746850967407227e+00,2.601322889328002930e+00,2.582185029983520508e+00,2.563326358795166016e+00,2.544741392135620117e+00,2.526423692703247070e+00,2.508368253707885742e+00,2.490568876266479492e+00,2.473020076751708984e+00,2.455717086791992188e+00,2.438654422760009766e+00,2.421827554702758789e+00,2.405230998992919922e+00,2.388860464096069336e+00,2.372711181640625000e+00,2.356778860092163086e+00,2.341058969497680664e+00,2.325547456741333008e+00,2.310240268707275391e+00,2.295133113861083984e+00,2.280222415924072266e+00,2.265503883361816406e+00,2.250974416732788086e+00,2.236630201339721680e+00,2.222467422485351562e+00,2.208482980728149414e+00,2.194673299789428711e+00,2.181035518646240234e+00,2.167566061019897461e+00,2.154261827468872070e+00,2.141120195388793945e+00,2.128137588500976562e+00,2.115311622619628906e+00,2.102639436721801758e+00,2.090117931365966797e+00,2.077744722366333008e+00,2.065517187118530273e+00,2.053432703018188477e+00,2.041488885879516602e+00
3.777075052261352539e+00,3.736861228942871094e+00,3.697494268417358398e+00,3.658948183059692383e+00,3.621197462081909180e+00,3.584218025207519531e+00,3.547986030578613281e+00,3.512479066848754883e+00,3.477675914764404297e+00,3.443555593490600586e+00,3.410098552703857422e+00,3.377285003662109375e+00,3.345097303390502930e+00,3.313516855239868164e+00,3.282527685165405273e+00,3.252112627029418945e+00,3.222255706787109375e+00,3.192942380905151367e+00,3.164157390594482422e+00,3.135886907577514648e+00,3.108116865158081055e+00,3.080834627151489258e+00,3.054026842117309570e+00,3.027682065963745117e+00,3.001787662506103516e+00,2.976332187652587891e+00,2.951305150985717773e+00,2.926695346832275391e+00,2.902492761611938477e+00,2.878686904907226562e+00,2.855268478393554688e+00,2.832227945327758789e+00,2.809556484222412109e+00,2.787244796752929688e+00,2.765285015106201172e+00,2.743668317794799805e+00,2.722387075424194336e+00,2.701433420181274414e+00,2.680799722671508789e+00,2.660479068756103516e+00,2.640463829040527344e+00,2.620748043060302734e+00,2.601324081420898438e+00,2.582185983657836914e+00,2.563327312469482422e+00,2.544742584228515625e+00,2.526424884796142578e+00,2.508369207382202148e+00,2.490569591522216797e+00,2.473021268844604492e+00,2.455718278884887695e+00,2.438655614852905273e+00,2.421828508377075195e+00,2.405231714248657227e+00,2.388861417770385742e+00,2.372712135314941406e+00,2.356779813766479492e+00,2.341059923171997070e+00,2.325548410415649414e+00,2.310241222381591797e+00,2.295134067535400391e+00,2.280223131179809570e+00,2.265504837036132812e+00,2.250975370407104492e+00,2.236630916595458984e+00,2.222468376159667969e+00,2.208483695983886719e+00,2.194674253463745117e+00,2.181036472320556641e+00,2.167566776275634766e+00,2.154262542724609375e+00,2.141120910644531250e+00,2.128138303756713867e+00,2.115312337875366211e+00,2.102640151977539062e+00,2.090118646621704102e+00,2.077745437622070312e+00,2.065517902374267578e+00,2.053433418273925781e+00,2.041489601135253906e+00
3.777077674865722656e+00,3.736863374710083008e+00,3.697496414184570312e+00,3.658950567245483398e+00,3.621199846267700195e+00,3.584219932556152344e+00,3.547987937927246094e+00,3.512480974197387695e+00,3.477678060531616211e+00,3.443557500839233398e+00,3.410100221633911133e+00,3.377286672592163086e+00,3.345099210739135742e+00,3.313519001007080078e+00,3.282529354095458984e+00,3.252114057540893555e+00,3.222257614135742188e+00,3.192944049835205078e+00,3.164159059524536133e+00,3.135888338088989258e+00,3.108118295669555664e+00,3.080836296081542969e+00,3.054028511047363281e+00,3.027683496475219727e+00,3.001788854598999023e+00,2.976333856582641602e+00,2.951306581497192383e+00,2.926696777343750000e+00,2.902493953704833984e+00,2.878688097000122070e+00,2.855269908905029297e+00,2.832229375839233398e+00,2.809557676315307617e+00,2.787245988845825195e+00,2.765286445617675781e+00,2.743669748306274414e+00,2.722388267517089844e+00,2.701434612274169922e+00,2.680801153182983398e+00,2.660480260848999023e+00,2.640465259552001953e+00,2.620748996734619141e+00,2.601325035095214844e+00,2.582187175750732422e+00,2.563328504562377930e+00,2.544743537902832031e+00,2.526425838470458984e+00,2.508370399475097656e+00,2.490570783615112305e+00,2.473022222518920898e+00,2.455718994140625000e+00,2.438656330108642578e+00,2.421829462051391602e+00,2.405232906341552734e+00,2.388862133026123047e+00,2.372713088989257812e+00,2.356780767440795898e+00,2.341060876846313477e+00,2.325549364089965820e+00,2.310241937637329102e+00,2.295135021209716797e+00,2.280224084854125977e+00,2.265505552291870117e+00,2.250976085662841797e+00,2.236631631851196289e+00,2.222469091415405273e+00,2.208484649658203125e+00,2.194674968719482422e+00,2.181036949157714844e+00,2.167567729949951172e+00,2.154263496398925781e+00,2.141121625900268555e+00,2.128139019012451172e+00,2.115313053131103516e+00,2.102640867233276367e+00,2.090119361877441406e+00,2.077745914459228516e+00,2.065518379211425781e+00,2.053434133529663086e+00,2.041490316390991211e+00
3.777079820632934570e+00,3.736865758895874023e+00,3.697498798370361328e+00,3.658952713012695312e+00,3.621201753616333008e+00,3.584222316741943359e+00,3.547990083694458008e+00,3.512483119964599609e+00,3.477679729461669922e+00,3.443559408187866211e+00,3.410102367401123047e+00,3.377288818359375000e+00,3.345100879669189453e+00,3.313520431518554688e+00,3.282531261444091797e+00,3.252115964889526367e+00,3.222259283065795898e+00,3.192945718765258789e+00,3.164160490036010742e+00,3.135890245437622070e+00,3.108120203018188477e+00,3.080837726593017578e+00,3.054029941558837891e+00,3.027685165405273438e+00,3.001790523529052734e+00,2.976335287094116211e+00,2.951307773590087891e+00,2.926698207855224609e+00,2.902495384216308594e+00,2.878689527511596680e+00,2.855271100997924805e+00,2.832230567932128906e+00,2.809559106826782227e+00,2.787247419357299805e+00,2.765287399291992188e+00,2.743670701980590820e+00,2.722389698028564453e+00,2.701435804367065430e+00,2.680802106857299805e+00,2.660481214523315430e+00,2.640466213226318359e+00,2.620750188827514648e+00,2.601326227188110352e+00,2.582188129425048828e+00,2.563329458236694336e+00,2.544744491577148438e+00,2.526427030563354492e+00,2.508371353149414062e+00,2.490571737289428711e+00,2.473023176193237305e+00,2.455720186233520508e+00,2.438657522201538086e+00,2.421830415725708008e+00,2.405233621597290039e+00,2.388863325119018555e+00,2.372714042663574219e+00,2.356781721115112305e+00,2.341061592102050781e+00,2.325550317764282227e+00,2.310242891311645508e+00,2.295135736465454102e+00,2.280224800109863281e+00,2.265506505966186523e+00,2.250977039337158203e+00,2.236632585525512695e+00,2.222469806671142578e+00,2.208485364913940430e+00,2.194675922393798828e+00,2.181037902832031250e+00,2.167568445205688477e+00,2.154264211654663086e+00,2.141122341156005859e+00,2.128139972686767578e+00,2.115313768386840820e+00,2.102641582489013672e+00,2.090120077133178711e+00,2.077746868133544922e+00,2.065519332885742188e+00,2.053434848785400391e+00,2.041490793228149414e+00
3.777082204818725586e+00,3.736867904663085938e+00,3.697500944137573242e+00,3.658955097198486328e+00,3.621204137802124023e+00,3.584224224090576172e+00,3.547991991043090820e+00,3.512485027313232422e+00,3.477682113647460938e+00,3.443561553955078125e+00,3.410104036331176758e+00,3.377290487289428711e+00,3.345102787017822266e+00,3.313522577285766602e+00,3.282532930374145508e+00,3.252117633819580078e+00,3.222260951995849609e+00,3.192947387695312500e+00,3.164162158966064453e+00,3.135891675949096680e+00,3.108121633529663086e+00,3.080839395523071289e+00,3.054031610488891602e+00,3.027686357498168945e+00,3.001791954040527344e+00,2.976336717605590820e+00,2.951309442520141602e+00,2.926699638366699219e+00,2.902496814727783203e+00,2.878690719604492188e+00,2.855272531509399414e+00,2.832231998443603516e+00,2.809560298919677734e+00,2.787248611450195312e+00,2.765288829803466797e+00,2.743672132492065430e+00,2.722390651702880859e+00,2.701436996459960938e+00,2.680803298950195312e+00,2.660482645034790039e+00,2.640467405319213867e+00,2.620751380920410156e+00,2.601327180862426758e+00,2.582189321517944336e+00,2.563330650329589844e+00,2.544745445251464844e+00,2.526427984237670898e+00,2.508372306823730469e+00,2.490572929382324219e+00,2.473024129867553711e+00,2.455721139907836914e+00,2.438658237457275391e+00,2.421831369400024414e+00,2.405234813690185547e+00,2.388864040374755859e+00,2.372714757919311523e+00,2.356782674789428711e+00,2.341062545776367188e+00,2.325551033020019531e+00,2.310243606567382812e+00,2.295136451721191406e+00,2.280225753784179688e+00,2.265507221221923828e+00,2.250977754592895508e+00,2.236633300781250000e+00,2.222470760345458984e+00,2.208486318588256836e+00,2.194676637649536133e+00,2.181038618087768555e+00,2.167569160461425781e+00,2.154264926910400391e+00,2.141123056411743164e+00,2.128140449523925781e+00,2.115314483642578125e+00,2.102642297744750977e+00,2.090120792388916016e+00,2.077747344970703125e+00,2.065519809722900391e+00,2.053435564041137695e+00,2.041491746902465820e+00
3.777084350585937500e+00,3.736870288848876953e+00,3.697503328323364258e+00,3.658957004547119141e+00,3.621206045150756836e+00,3.584226608276367188e+00,3.547994375228881836e+00,3.512487173080444336e+00,3.477683782577514648e+00,3.443563222885131836e+00,3.410106182098388672e+00,3.377292633056640625e+00,3.345104455947875977e+00,3.313524246215820312e+00,3.282534837722778320e+00,3.252119541168212891e+00,3.222262620925903320e+00,3.192949056625366211e+00,3.164163827896118164e+00,3.135893344879150391e+00,3.108123302459716797e+00,3.080840826034545898e+00,3.054033041000366211e+00,3.027688026428222656e+00,3.001793384552001953e+00,2.976338148117065430e+00,2.951310634613037109e+00,2.926700830459594727e+00,2.902498245239257812e+00,2.878692388534545898e+00,2.855273723602294922e+00,2.832233190536499023e+00,2.809561729431152344e+00,2.787250041961669922e+00,2.765290021896362305e+00,2.743673324584960938e+00,2.722392082214355469e+00,2.701438188552856445e+00,2.680804491043090820e+00,2.660483598709106445e+00,2.640468597412109375e+00,2.620752573013305664e+00,2.601328372955322266e+00,2.582190275192260742e+00,2.563331604003906250e+00,2.544746637344360352e+00,2.526429176330566406e+00,2.508373260498046875e+00,2.490573644638061523e+00,2.473025083541870117e+00,2.455722093582153320e+00,2.438659429550170898e+00,2.421832323074340820e+00,2.405235528945922852e+00,2.388865232467651367e+00,2.372715950012207031e+00,2.356783390045166016e+00,2.341063499450683594e+00,2.325551986694335938e+00,2.310244560241699219e+00,2.295137405395507812e+00,2.280226469039916992e+00,2.265508174896240234e+00,2.250978708267211914e+00,2.236634254455566406e+00,2.222471475601196289e+00,2.208487033843994141e+00,2.194677352905273438e+00,2.181039571762084961e+00,2.167569875717163086e+00,2.154265642166137695e+00,2.141123771667480469e+00,2.128141403198242188e+00,2.115315198898315430e+00,2.102643013000488281e+00,2.090121507644653320e+00,2.077748298645019531e+00,2.065520763397216797e+00,2.053436279296875000e+00,2.041492223739624023e+00
3.777086973190307617e+00,3.736872434616088867e+00,3.697505235671997070e+00,3.658959388732910156e+00,3.621208429336547852e+00,3.584228515625000000e+00,3.547996282577514648e+00,3.512489080429077148e+00,3.477685928344726562e+00,3.443565368652343750e+00,3.410107851028442383e+00,3.377294301986694336e+00,3.345106601715087891e+00,3.313526153564453125e+00,3.282536506652832031e+00,3.252121210098266602e+00,3.222264051437377930e+00,3.192950725555419922e+00,3.164165496826171875e+00,3.135894775390625000e+00,3.108124732971191406e+00,3.080842494964599609e+00,3.054034709930419922e+00,3.027689456939697266e+00,3.001794815063476562e+00,2.976339578628540039e+00,2.951312303543090820e+00,2.926702260971069336e+00,2.902499437332153320e+00,2.878693580627441406e+00,2.855275154113769531e+00,2.832234621047973633e+00,2.809562921524047852e+00,2.787251234054565430e+00,2.765291452407836914e+00,2.743674516677856445e+00,2.722393035888671875e+00,2.701439380645751953e+00,2.680805683135986328e+00,2.660484790802001953e+00,2.640469789505004883e+00,2.620753526687622070e+00,2.601329565048217773e+00,2.582191467285156250e+00,2.563332796096801758e+00,2.544747591018676758e+00,2.526430130004882812e+00,2.508374452590942383e+00,2.490574836730957031e+00,2.473026275634765625e+00,2.455723047256469727e+00,2.438660383224487305e+00,2.421833276748657227e+00,2.405236721038818359e+00,2.388865947723388672e+00,2.372716665267944336e+00,2.356784343719482422e+00,2.341064453125000000e+00,2.325552940368652344e+00,2.310245513916015625e+00,2.295138120651245117e+00,2.280227422714233398e+00,2.265508890151977539e+00,2.250979423522949219e+00,2.236634969711303711e+00,2.222472429275512695e+00,2.208487749099731445e+00,2.194678068161010742e+00,2.181040287017822266e+00,2.167570590972900391e+00,2.154266357421875000e+00,2.141124486923217773e+00,2.128142118453979492e+00,2.115315914154052734e+00,2.102643728256225586e+00,2.090122222900390625e+00,2.077748775482177734e+00,2.065521240234375000e+00,2.053436994552612305e+00,2.041492938995361328e+00
3.777089118957519531e+00,3.736875057220458984e+00,3.697507858276367188e+00,3.658961296081542969e+00,3.621210336685180664e+00,3.584230422973632812e+00,3.547998428344726562e+00,3.512491226196289062e+00,3.477687835693359375e+00,3.443567037582397461e+00,3.410109996795654297e+00,3.377296209335327148e+00,3.345108270645141602e+00,3.313527822494506836e+00,3.282538414001464844e+00,3.252122879028320312e+00,3.222265958786010742e+00,3.192952394485473633e+00,3.164166927337646484e+00,3.135896682739257812e+00,3.108126401901245117e+00,3.080843925476074219e+00,3.054036140441894531e+00,3.027691125869750977e+00,3.001796483993530273e+00,2.976341009140014648e+00,2.951313495635986328e+00,2.926703691482543945e+00,2.902501106262207031e+00,2.878695011138916016e+00,2.855276584625244141e+00,2.832235813140869141e+00,2.809564352035522461e+00,2.787252664566040039e+00,2.765292406082153320e+00,2.743675708770751953e+00,2.722394227981567383e+00,2.701440572738647461e+00,2.680806875228881836e+00,2.660485982894897461e+00,2.640470743179321289e+00,2.620754718780517578e+00,2.601330757141113281e+00,2.582192420959472656e+00,2.563333749771118164e+00,2.544748783111572266e+00,2.526431083679199219e+00,2.508375406265258789e+00,2.490575790405273438e+00,2.473026990890502930e+00,2.455724000930786133e+00,2.438661336898803711e+00,2.421834230422973633e+00,2.405237436294555664e+00,2.388866901397705078e+00,2.372717618942260742e+00,2.356785297393798828e+00,2.341065168380737305e+00,2.325553655624389648e+00,2.310246467590332031e+00,2.295139074325561523e+00,2.280228376388549805e+00,2.265509843826293945e+00,2.250980377197265625e+00,2.236635923385620117e+00,2.222473144531250000e+00,2.208488464355468750e+00,2.194679021835327148e+00,2.181041002273559570e+00,2.167571544647216797e+00,2.154267072677612305e+00,2.141125202178955078e+00,2.128142833709716797e+00,2.115316629409790039e+00,2.102644443511962891e+00,2.090122938156127930e+00,2.077749729156494141e+00,2.065521955490112305e+00,2.053437471389770508e+00,2.041493654251098633e+00
3.777091503143310547e+00,3.736876964569091797e+00,3.697509765625000000e+00,3.658963680267333984e+00,3.621212720870971680e+00,3.584232568740844727e+00,3.548000335693359375e+00,3.512493133544921875e+00,3.477689981460571289e+00,3.443569183349609375e+00,3.410111665725708008e+00,3.377298116683959961e+00,3.345110177993774414e+00,3.313529729843139648e+00,3.282540082931518555e+00,3.252124547958374023e+00,3.222267627716064453e+00,3.192954063415527344e+00,3.164168834686279297e+00,3.135898113250732422e+00,3.108127832412719727e+00,3.080845594406127930e+00,3.054037809371948242e+00,3.027692556381225586e+00,3.001797914505004883e+00,2.976342201232910156e+00,2.951315164566040039e+00,2.926705121994018555e+00,2.902502298355102539e+00,2.878696203231811523e+00,2.855278015136718750e+00,2.832237243652343750e+00,2.809565544128417969e+00,2.787253618240356445e+00,2.765293836593627930e+00,2.743677139282226562e+00,2.722395658493041992e+00,2.701441764831542969e+00,2.680807828903198242e+00,2.660487174987792969e+00,2.640471935272216797e+00,2.620755672454833984e+00,2.601331710815429688e+00,2.582193613052368164e+00,2.563334941864013672e+00,2.544749736785888672e+00,2.526432037353515625e+00,2.508376359939575195e+00,2.490576982498168945e+00,2.473028182983398438e+00,2.455724954605102539e+00,2.438662290573120117e+00,2.421835184097290039e+00,2.405238628387451172e+00,2.388867855072021484e+00,2.372718572616577148e+00,2.356786251068115234e+00,2.341066122055053711e+00,2.325554609298706055e+00,2.310247182846069336e+00,2.295140027999877930e+00,2.280229091644287109e+00,2.265510797500610352e+00,2.250981092453002930e+00,2.236636638641357422e+00,2.222474098205566406e+00,2.208489418029785156e+00,2.194679737091064453e+00,2.181041717529296875e+00,2.167572021484375000e+00,2.154268026351928711e+00,2.141126155853271484e+00,2.128143548965454102e+00,2.115317344665527344e+00,2.102645158767700195e+00,2.090123653411865234e+00,2.077750205993652344e+00,2.065522670745849609e+00,2.053438186645507812e+00,2.041494369506835938e+00
3.777093648910522461e+00,3.736879587173461914e+00,3.697512149810791016e+00,3.658965826034545898e+00,3.621214628219604492e+00,3.584234476089477539e+00,3.548002481460571289e+00,3.512495279312133789e+00,3.477691650390625000e+00,3.443571090698242188e+00,3.410113811492919922e+00,3.377300024032592773e+00,3.345111846923828125e+00,3.313531398773193359e+00,3.282541513442993164e+00,3.252126455307006836e+00,3.222269296646118164e+00,3.192955732345581055e+00,3.164170265197753906e+00,3.135899782180786133e+00,3.108129501342773438e+00,3.080847024917602539e+00,3.054039239883422852e+00,3.027694225311279297e+00,3.001799345016479492e+00,2.976343870162963867e+00,2.951316356658935547e+00,2.926706552505493164e+00,2.902503728866577148e+00,2.878697633743286133e+00,2.855279207229614258e+00,2.832238435745239258e+00,2.809566974639892578e+00,2.787255048751831055e+00,2.765295028686523438e+00,2.743678092956542969e+00,2.722396612167358398e+00,2.701442956924438477e+00,2.680809259414672852e+00,2.660488128662109375e+00,2.640473127365112305e+00,2.620757102966308594e+00,2.601332902908325195e+00,2.582194805145263672e+00,2.563335895538330078e+00,2.544750928878784180e+00,2.526433229446411133e+00,2.508377552032470703e+00,2.490577936172485352e+00,2.473029136657714844e+00,2.455726146697998047e+00,2.438663244247436523e+00,2.421836137771606445e+00,2.405239343643188477e+00,2.388868808746337891e+00,2.372719526290893555e+00,2.356786966323852539e+00,2.341067075729370117e+00,2.325555562973022461e+00,2.310248136520385742e+00,2.295140981674194336e+00,2.280230045318603516e+00,2.265511512756347656e+00,2.250982046127319336e+00,2.236637592315673828e+00,2.222474813461303711e+00,2.208490133285522461e+00,2.194680452346801758e+00,2.181042671203613281e+00,2.167572975158691406e+00,2.154268741607666016e+00,2.141126871109008789e+00,2.128144264221191406e+00,2.115318298339843750e+00,2.102645874023437500e+00,2.090124368667602539e+00,2.077751159667968750e+00,2.065523386001586914e+00,2.053438901901245117e+00,2.041495084762573242e+00
3.777096271514892578e+00,3.736881732940673828e+00,3.697514295578002930e+00,3.658967733383178711e+00,3.621217012405395508e+00,3.584236860275268555e+00,3.548004388809204102e+00,3.512497186660766602e+00,3.477693796157836914e+00,3.443573236465454102e+00,3.410115480422973633e+00,3.377301692962646484e+00,3.345113992691040039e+00,3.313533306121826172e+00,3.282543420791625977e+00,3.252128124237060547e+00,3.222270965576171875e+00,3.192957401275634766e+00,3.164172172546386719e+00,3.135901451110839844e+00,3.108130931854248047e+00,3.080848693847656250e+00,3.054040908813476562e+00,3.027695417404174805e+00,3.001800775527954102e+00,2.976345300674438477e+00,2.951318025588989258e+00,2.926707983016967773e+00,2.902504920959472656e+00,2.878699064254760742e+00,2.855280637741088867e+00,2.832239866256713867e+00,2.809567928314208984e+00,2.787256240844726562e+00,2.765296459197998047e+00,2.743679523468017578e+00,2.722398042678833008e+00,2.701444149017333984e+00,2.680810213088989258e+00,2.660489559173583984e+00,2.640474319458007812e+00,2.620758056640625000e+00,2.601333856582641602e+00,2.582195997238159180e+00,2.563337087631225586e+00,2.544751882553100586e+00,2.526434183120727539e+00,2.508378505706787109e+00,2.490578889846801758e+00,2.473030090332031250e+00,2.455726861953735352e+00,2.438664197921752930e+00,2.421837091445922852e+00,2.405240535736083984e+00,2.388869762420654297e+00,2.372720479965209961e+00,2.356787919998168945e+00,2.341068029403686523e+00,2.325556516647338867e+00,2.310248851776123047e+00,2.295141696929931641e+00,2.280230998992919922e+00,2.265512466430664062e+00,2.250982761383056641e+00,2.236638307571411133e+00,2.222475528717041016e+00,2.208491086959838867e+00,2.194681167602539062e+00,2.181043386459350586e+00,2.167573690414428711e+00,2.154269456863403320e+00,2.141127586364746094e+00,2.128144979476928711e+00,2.115318775177001953e+00,2.102646589279174805e+00,2.090125083923339844e+00,2.077751636505126953e+00,2.065524101257324219e+00,2.053439617156982422e+00,2.041495800018310547e+00
3.777098417282104492e+00,3.736884117126464844e+00,3.697516679763793945e+00,3.658970117568969727e+00,3.621218919754028320e+00,3.584238767623901367e+00,3.548006772994995117e+00,3.512499332427978516e+00,3.477695703506469727e+00,3.443574905395507812e+00,3.410117626190185547e+00,3.377303838729858398e+00,3.345115661621093750e+00,3.313534975051879883e+00,3.282545089721679688e+00,3.252130031585693359e+00,3.222272872924804688e+00,3.192959070205688477e+00,3.164173603057861328e+00,3.135903120040893555e+00,3.108132839202880859e+00,3.080850124359130859e+00,3.054042100906372070e+00,3.027696847915649414e+00,3.001802444458007812e+00,2.976346731185913086e+00,2.951319217681884766e+00,2.926709175109863281e+00,2.902506589889526367e+00,2.878700494766235352e+00,2.855281829833984375e+00,2.832241058349609375e+00,2.809569358825683594e+00,2.787257671356201172e+00,2.765297651290893555e+00,2.743680715560913086e+00,2.722398996353149414e+00,2.701445341110229492e+00,2.680811643600463867e+00,2.660490512847900391e+00,2.640475273132324219e+00,2.620759248733520508e+00,2.601335048675537109e+00,2.582196950912475586e+00,2.563338041305541992e+00,2.544752836227416992e+00,2.526435375213623047e+00,2.508379459381103516e+00,2.490579843521118164e+00,2.473031044006347656e+00,2.455728054046630859e+00,2.438665151596069336e+00,2.421838045120239258e+00,2.405241250991821289e+00,2.388870716094970703e+00,2.372721433639526367e+00,2.356788873672485352e+00,2.341068744659423828e+00,2.325557231903076172e+00,2.310249805450439453e+00,2.295142650604248047e+00,2.280231714248657227e+00,2.265513181686401367e+00,2.250983715057373047e+00,2.236639261245727539e+00,2.222476243972778320e+00,2.208491802215576172e+00,2.194681882858276367e+00,2.181044101715087891e+00,2.167574405670166016e+00,2.154270172119140625e+00,2.141128301620483398e+00,2.128145694732666016e+00,2.115319728851318359e+00,2.102647304534912109e+00,2.090125799179077148e+00,2.077752351760864258e+00,2.065524816513061523e+00,2.053440332412719727e+00,2.041496276855468750e+00
3.777101039886474609e+00,3.736886262893676758e+00,3.697518825531005859e+00,3.658972263336181641e+00,3.621221303939819336e+00,3.584241151809692383e+00,3.548008680343627930e+00,3.512501239776611328e+00,3.477697849273681641e+00,3.443577051162719727e+00,3.410119295120239258e+00,3.377305507659912109e+00,3.345117330551147461e+00,3.313536882400512695e+00,3.282546997070312500e+00,3.252131462097167969e+00,3.222274303436279297e+00,3.192960739135742188e+00,3.164175271987915039e+00,3.135904550552368164e+00,3.108134269714355469e+00,3.080851793289184570e+00,3.054043769836425781e+00,3.027698516845703125e+00,3.001803636550903320e+00,2.976348161697387695e+00,2.951320886611938477e+00,2.926710844039916992e+00,2.902507781982421875e+00,2.878701686859130859e+00,2.855283260345458984e+00,2.832242488861083984e+00,2.809570550918579102e+00,2.787258863449096680e+00,2.765298604965209961e+00,2.743681907653808594e+00,2.722400426864624023e+00,2.701446533203125000e+00,2.680812597274780273e+00,2.660491943359375000e+00,2.640476703643798828e+00,2.620760202407836914e+00,2.601336240768432617e+00,2.582198143005371094e+00,2.563339233398437500e+00,2.544754028320312500e+00,2.526436328887939453e+00,2.508380413055419922e+00,2.490581035614013672e+00,2.473032236099243164e+00,2.455729007720947266e+00,2.438666105270385742e+00,2.421838998794555664e+00,2.405242443084716797e+00,2.388871669769287109e+00,2.372722148895263672e+00,2.356789827346801758e+00,2.341069936752319336e+00,2.325558185577392578e+00,2.310250759124755859e+00,2.295143365859985352e+00,2.280232667922973633e+00,2.265514135360717773e+00,2.250984430313110352e+00,2.236639976501464844e+00,2.222477197647094727e+00,2.208492517471313477e+00,2.194682836532592773e+00,2.181044816970825195e+00,2.167575120925903320e+00,2.154271125793457031e+00,2.141129016876220703e+00,2.128146409988403320e+00,2.115320444107055664e+00,2.102648019790649414e+00,2.090126514434814453e+00,2.077753067016601562e+00,2.065525531768798828e+00,2.053441047668457031e+00,2.041496992111206055e+00
3.777103185653686523e+00,3.736888408660888672e+00,3.697521209716796875e+00,3.658974647521972656e+00,3.621223211288452148e+00,3.584243059158325195e+00,3.548010826110839844e+00,3.512503385543823242e+00,3.477699756622314453e+00,3.443578720092773438e+00,3.410121440887451172e+00,3.377307415008544922e+00,3.345119237899780273e+00,3.313538551330566406e+00,3.282548666000366211e+00,3.252133369445800781e+00,3.222276210784912109e+00,3.192962408065795898e+00,3.164176940917968750e+00,3.135906219482421875e+00,3.108135938644409180e+00,3.080853223800659180e+00,3.054045200347900391e+00,3.027699947357177734e+00,3.001805305480957031e+00,2.976349592208862305e+00,2.951322078704833984e+00,2.926712036132812500e+00,2.902509212493896484e+00,2.878703117370605469e+00,2.855284452438354492e+00,2.832243680953979492e+00,2.809571981430053711e+00,2.787260293960571289e+00,2.765300035476684570e+00,2.743683099746704102e+00,2.722401618957519531e+00,2.701447725296020508e+00,2.680814027786254883e+00,2.660492897033691406e+00,2.640477657318115234e+00,2.620761394500732422e+00,2.601337432861328125e+00,2.582199096679687500e+00,2.563340187072753906e+00,2.544754981994628906e+00,2.526437520980834961e+00,2.508381605148315430e+00,2.490581989288330078e+00,2.473033189773559570e+00,2.455729961395263672e+00,2.438667297363281250e+00,2.421839952468872070e+00,2.405243158340454102e+00,2.388872385025024414e+00,2.372723102569580078e+00,2.356790781021118164e+00,2.341070652008056641e+00,2.325558900833129883e+00,2.310251712799072266e+00,2.295144319534301758e+00,2.280233383178710938e+00,2.265514850616455078e+00,2.250985145568847656e+00,2.236640930175781250e+00,2.222477912902832031e+00,2.208493232727050781e+00,2.194683551788330078e+00,2.181045532226562500e+00,2.167575836181640625e+00,2.154271602630615234e+00,2.141129732131958008e+00,2.128147125244140625e+00,2.115320920944213867e+00,2.102648496627807617e+00,2.090126991271972656e+00,2.077753543853759766e+00,2.065525770187377930e+00,2.053441524505615234e+00,2.041497468948364258e+00
3.777105569839477539e+00,3.736890792846679688e+00,3.697523355484008789e+00,3.658976554870605469e+00,3.621225595474243164e+00,3.584245204925537109e+00,3.548012733459472656e+00,3.512505292892456055e+00,3.477701902389526367e+00,3.443580865859985352e+00,3.410123109817504883e+00,3.377309322357177734e+00,3.345120906829833984e+00,3.313540458679199219e+00,3.282550573348999023e+00,3.252135038375854492e+00,3.222277879714965820e+00,3.192964076995849609e+00,3.164178609848022461e+00,3.135907888412475586e+00,3.108137369155883789e+00,3.080854892730712891e+00,3.054046869277954102e+00,3.027701377868652344e+00,3.001806735992431641e+00,2.976351022720336914e+00,2.951323747634887695e+00,2.926713705062866211e+00,2.902510643005371094e+00,2.878704309463500977e+00,2.855285882949829102e+00,2.832245111465454102e+00,2.809573173522949219e+00,2.787261247634887695e+00,2.765301227569580078e+00,2.743684530258178711e+00,2.722402811050415039e+00,2.701448917388916016e+00,2.680814981460571289e+00,2.660494089126586914e+00,2.640478849411010742e+00,2.620762586593627930e+00,2.601338386535644531e+00,2.582200050354003906e+00,2.563341140747070312e+00,2.544755935668945312e+00,2.526438474655151367e+00,2.508382558822631836e+00,2.490582704544067383e+00,2.473033905029296875e+00,2.455730676651000977e+00,2.438668012619018555e+00,2.421840667724609375e+00,2.405243873596191406e+00,2.388873100280761719e+00,2.372723817825317383e+00,2.356791257858276367e+00,2.341071128845214844e+00,2.325559377670288086e+00,2.310251951217651367e+00,2.295144796371459961e+00,2.280233860015869141e+00,2.265515327453613281e+00,2.250985622406005859e+00,2.236641168594360352e+00,2.222478389739990234e+00,2.208493709564208984e+00,2.194683790206909180e+00,2.181045770645141602e+00,2.167576313018798828e+00,2.154271841049194336e+00,2.141129970550537109e+00,2.128147363662719727e+00,2.115321159362792969e+00,2.102648735046386719e+00,2.090127468109130859e+00,2.077753782272338867e+00,2.065526247024536133e+00,2.053441762924194336e+00,2.041497707366943359e+00
3.777107715606689453e+00,3.736892938613891602e+00,3.697525739669799805e+00,3.658978939056396484e+00,3.621227502822875977e+00,3.584247112274169922e+00,3.548014879226684570e+00,3.512507438659667969e+00,3.477703571319580078e+00,3.443582773208618164e+00,3.410124778747558594e+00,3.377311229705810547e+00,3.345122814178466797e+00,3.313542127609252930e+00,3.282552242279052734e+00,3.252136945724487305e+00,3.222279548645019531e+00,3.192965745925903320e+00,3.164180040359497070e+00,3.135909557342529297e+00,3.108139038085937500e+00,3.080856323242187500e+00,3.054048299789428711e+00,3.027702808380126953e+00,3.001807928085327148e+00,2.976352453231811523e+00,2.951324701309204102e+00,2.926714658737182617e+00,2.902511835098266602e+00,2.878705739974975586e+00,2.855286836624145508e+00,2.832246065139770508e+00,2.809574127197265625e+00,2.787262201309204102e+00,2.765302181243896484e+00,2.743685245513916016e+00,2.722403526306152344e+00,2.701449632644653320e+00,2.680815696716308594e+00,2.660494565963745117e+00,2.640479326248168945e+00,2.620762825012207031e+00,2.601338863372802734e+00,2.582200765609741211e+00,2.563341856002807617e+00,2.544756650924682617e+00,2.526438713073730469e+00,2.508382797241210938e+00,2.490583181381225586e+00,2.473034381866455078e+00,2.455731153488159180e+00,2.438668251037597656e+00,2.421841144561767578e+00,2.405244350433349609e+00,2.388873577117919922e+00,2.372724056243896484e+00,2.356791496276855469e+00,2.341071605682373047e+00,2.325559854507446289e+00,2.310252428054809570e+00,2.295145034790039062e+00,2.280234098434448242e+00,2.265515565872192383e+00,2.250985860824584961e+00,2.236641407012939453e+00,2.222478628158569336e+00,2.208493947982788086e+00,2.194684267044067383e+00,2.181046247482299805e+00,2.167576551437377930e+00,2.154272079467773438e+00,2.141130447387695312e+00,2.128147602081298828e+00,2.115321636199951172e+00,2.102649211883544922e+00,2.090127706527709961e+00,2.077754020690917969e+00,2.065526485443115234e+00,2.053442001342773438e+00,2.041497945785522461e+00
3.777110338211059570e+00,3.736895322799682617e+00,3.697527647018432617e+00,3.658980846405029297e+00,3.621229648590087891e+00,3.584249019622802734e+00,3.548016548156738281e+00,3.512508869171142578e+00,3.477705001831054688e+00,3.443584203720092773e+00,3.410126209259033203e+00,3.377312660217285156e+00,3.345124244689941406e+00,3.313543558120727539e+00,3.282553434371948242e+00,3.252137899398803711e+00,3.222280502319335938e+00,3.192966699600219727e+00,3.164180994033813477e+00,3.135910034179687500e+00,3.108139753341674805e+00,3.080857038497924805e+00,3.054048776626586914e+00,3.027703523635864258e+00,3.001808643341064453e+00,2.976353168487548828e+00,2.951325654983520508e+00,2.926715373992919922e+00,2.902512311935424805e+00,2.878706216812133789e+00,2.855287313461303711e+00,2.832246541976928711e+00,2.809574604034423828e+00,2.787262678146362305e+00,2.765302658081054688e+00,2.743685483932495117e+00,2.722404003143310547e+00,2.701449871063232422e+00,2.680816173553466797e+00,2.660495281219482422e+00,2.640480041503906250e+00,2.620763540267944336e+00,2.601339340209960938e+00,2.582201004028320312e+00,2.563342332839965820e+00,2.544756889343261719e+00,2.526439189910888672e+00,2.508383274078369141e+00,2.490583658218383789e+00,2.473034620285034180e+00,2.455731391906738281e+00,2.438668727874755859e+00,2.421841382980346680e+00,2.405244827270507812e+00,2.388874053955078125e+00,2.372724533081054688e+00,2.356791973114013672e+00,2.341071844100952148e+00,2.325560331344604492e+00,2.310252666473388672e+00,2.295145511627197266e+00,2.280234575271606445e+00,2.265515804290771484e+00,2.250986337661743164e+00,2.236641645431518555e+00,2.222478866577148438e+00,2.208494186401367188e+00,2.194684505462646484e+00,2.181046485900878906e+00,2.167576789855957031e+00,2.154272556304931641e+00,2.141130685806274414e+00,2.128148078918457031e+00,2.115321874618530273e+00,2.102649450302124023e+00,2.090127944946289062e+00,2.077754497528076172e+00,2.065526723861694336e+00,2.053442239761352539e+00,2.041498184204101562e+00
3.777111291885375977e+00,3.736896276473999023e+00,3.697528600692749023e+00,3.658981800079345703e+00,3.621230363845825195e+00,3.584249973297119141e+00,3.548017263412475586e+00,3.512510061264038086e+00,3.477706193923950195e+00,3.443585157394409180e+00,3.410127162933349609e+00,3.377313375473022461e+00,3.345124959945678711e+00,3.313544034957885742e+00,3.282554149627685547e+00,3.252138376235961914e+00,3.222281217575073242e+00,3.192967176437377930e+00,3.164181709289550781e+00,3.135910749435424805e+00,3.108140230178833008e+00,3.080857753753662109e+00,3.054049730300903320e+00,3.027704238891601562e+00,3.001809358596801758e+00,2.976353645324707031e+00,2.951326131820678711e+00,2.926715850830078125e+00,2.902512788772583008e+00,2.878706693649291992e+00,2.855287790298461914e+00,2.832247018814086914e+00,2.809575080871582031e+00,2.787263154983520508e+00,2.765302896499633789e+00,2.743686199188232422e+00,2.722404718399047852e+00,2.701450586318969727e+00,2.680816650390625000e+00,2.660495519638061523e+00,2.640480279922485352e+00,2.620764017105102539e+00,2.601339817047119141e+00,2.582201480865478516e+00,2.563342571258544922e+00,2.544757366180419922e+00,2.526439666748046875e+00,2.508383750915527344e+00,2.490583896636962891e+00,2.473035097122192383e+00,2.455732107162475586e+00,2.438669204711914062e+00,2.421841859817504883e+00,2.405245065689086914e+00,2.388874292373657227e+00,2.372725009918212891e+00,2.356792449951171875e+00,2.341072320938110352e+00,2.325560569763183594e+00,2.310253143310546875e+00,2.295145750045776367e+00,2.280234813690185547e+00,2.265516281127929688e+00,2.250986576080322266e+00,2.236642122268676758e+00,2.222479343414306641e+00,2.208494663238525391e+00,2.194684982299804688e+00,2.181046724319458008e+00,2.167577266693115234e+00,2.154272794723510742e+00,2.141130924224853516e+00,2.128148317337036133e+00,2.115322113037109375e+00,2.102649688720703125e+00,2.090128183364868164e+00,2.077754735946655273e+00,2.065526962280273438e+00,2.053442716598510742e+00,2.041498661041259766e+00
3.777112007141113281e+00,3.736896991729736328e+00,3.697529315948486328e+00,3.658982992172241211e+00,3.621231555938720703e+00,3.584250926971435547e+00,3.548018217086791992e+00,3.512510776519775391e+00,3.477706909179687500e+00,3.443585872650146484e+00,3.410127878189086914e+00,3.377314090728759766e+00,3.345125436782836914e+00,3.313544750213623047e+00,3.282554864883422852e+00,3.252139091491699219e+00,3.222281694412231445e+00,3.192967891693115234e+00,3.164182424545288086e+00,3.135911703109741211e+00,3.108141183853149414e+00,3.080858469009399414e+00,3.054050207138061523e+00,3.027704715728759766e+00,3.001809835433959961e+00,2.976354122161865234e+00,2.951326608657836914e+00,2.926716327667236328e+00,2.902513265609741211e+00,2.878707170486450195e+00,2.855288505554199219e+00,2.832247495651245117e+00,2.809575796127319336e+00,2.787263870239257812e+00,2.765303611755371094e+00,2.743686676025390625e+00,2.722404956817626953e+00,2.701451063156127930e+00,2.680817127227783203e+00,2.660495996475219727e+00,2.640480756759643555e+00,2.620764493942260742e+00,2.601340293884277344e+00,2.582201957702636719e+00,2.563343048095703125e+00,2.544757604598999023e+00,2.526440143585205078e+00,2.508384227752685547e+00,2.490584373474121094e+00,2.473035573959350586e+00,2.455732345581054688e+00,2.438669443130493164e+00,2.421842336654663086e+00,2.405245542526245117e+00,2.388874769210815430e+00,2.372725248336791992e+00,2.356792688369750977e+00,2.341072559356689453e+00,2.325560808181762695e+00,2.310253381729125977e+00,2.295146226882934570e+00,2.280235290527343750e+00,2.265516757965087891e+00,2.250987052917480469e+00,2.236642599105834961e+00,2.222479581832885742e+00,2.208494901657104492e+00,2.194685220718383789e+00,2.181047201156616211e+00,2.167577505111694336e+00,2.154273033142089844e+00,2.141131162643432617e+00,2.128148555755615234e+00,2.115322351455688477e+00,2.102649927139282227e+00,2.090128660202026367e+00,2.077754974365234375e+00,2.065527439117431641e+00,2.053442955017089844e+00,2.041498899459838867e+00
3.777113199234008789e+00,3.736898183822631836e+00,3.697530508041381836e+00,3.658983707427978516e+00,3.621232271194458008e+00,3.584251880645751953e+00,3.548019170761108398e+00,3.512511491775512695e+00,3.477707624435424805e+00,3.443586587905883789e+00,3.410128593444824219e+00,3.377314567565917969e+00,3.345126152038574219e+00,3.313545465469360352e+00,3.282555818557739258e+00,3.252140045166015625e+00,3.222282648086547852e+00,3.192968606948852539e+00,3.164183139801025391e+00,3.135912179946899414e+00,3.108141660690307617e+00,3.080858945846557617e+00,3.054050922393798828e+00,3.027705430984497070e+00,3.001810312271118164e+00,2.976354837417602539e+00,2.951327085494995117e+00,2.926716804504394531e+00,2.902513980865478516e+00,2.878707885742187500e+00,2.855289220809936523e+00,2.832248210906982422e+00,2.809576272964477539e+00,2.787264347076416016e+00,2.765304088592529297e+00,2.743687152862548828e+00,2.722405433654785156e+00,2.701451539993286133e+00,2.680817604064941406e+00,2.660496473312377930e+00,2.640481233596801758e+00,2.620764732360839844e+00,2.601340532302856445e+00,2.582202434539794922e+00,2.563343524932861328e+00,2.544758319854736328e+00,2.526440382003784180e+00,2.508384704589843750e+00,2.490584850311279297e+00,2.473036050796508789e+00,2.455732822418212891e+00,2.438669919967651367e+00,2.421842575073242188e+00,2.405245780944824219e+00,2.388875007629394531e+00,2.372725486755371094e+00,2.356792926788330078e+00,2.341073036193847656e+00,2.325561523437500000e+00,2.310253858566284180e+00,2.295146465301513672e+00,2.280235528945922852e+00,2.265516996383666992e+00,2.250987291336059570e+00,2.236642837524414062e+00,2.222479820251464844e+00,2.208495140075683594e+00,2.194685459136962891e+00,2.181047439575195312e+00,2.167577743530273438e+00,2.154273271560668945e+00,2.141131639480590820e+00,2.128148794174194336e+00,2.115322828292846680e+00,2.102650403976440430e+00,2.090128898620605469e+00,2.077755212783813477e+00,2.065527677536010742e+00,2.053443193435668945e+00,2.041499137878417969e+00
3.777114152908325195e+00,3.736899137496948242e+00,3.697531461715698242e+00,3.658984422683715820e+00,3.621232986450195312e+00,3.584252595901489258e+00,3.548019886016845703e+00,3.512512207031250000e+00,3.477708339691162109e+00,3.443587303161621094e+00,3.410129308700561523e+00,3.377315759658813477e+00,3.345127105712890625e+00,3.313546419143676758e+00,3.282556295394897461e+00,3.252140522003173828e+00,3.222283363342285156e+00,3.192969322204589844e+00,3.164183616638183594e+00,3.135912656784057617e+00,3.108142137527465820e+00,3.080859422683715820e+00,3.054051399230957031e+00,3.027705907821655273e+00,3.001811027526855469e+00,2.976355552673339844e+00,2.951327800750732422e+00,2.926717758178710938e+00,2.902514457702636719e+00,2.878708362579345703e+00,2.855289697647094727e+00,2.832248687744140625e+00,2.809576749801635742e+00,2.787264823913574219e+00,2.765304565429687500e+00,2.743687629699707031e+00,2.722405910491943359e+00,2.701452016830444336e+00,2.680818080902099609e+00,2.660497188568115234e+00,2.640481710433959961e+00,2.620765447616577148e+00,2.601341247558593750e+00,2.582202911376953125e+00,2.563344001770019531e+00,2.544758796691894531e+00,2.526440858840942383e+00,2.508384943008422852e+00,2.490585327148437500e+00,2.473036289215087891e+00,2.455733060836791992e+00,2.438670158386230469e+00,2.421843051910400391e+00,2.405246257781982422e+00,2.388875484466552734e+00,2.372725963592529297e+00,2.356793642044067383e+00,2.341073513031005859e+00,2.325561761856079102e+00,2.310254096984863281e+00,2.295146942138671875e+00,2.280235767364501953e+00,2.265517234802246094e+00,2.250987529754638672e+00,2.236643075942993164e+00,2.222480297088623047e+00,2.208495616912841797e+00,2.194685697555541992e+00,2.181047916412353516e+00,2.167578220367431641e+00,2.154273748397827148e+00,2.141131877899169922e+00,2.128149271011352539e+00,2.115323066711425781e+00,2.102650642395019531e+00,2.090129137039184570e+00,2.077755451202392578e+00,2.065527915954589844e+00,2.053443431854248047e+00,2.041499376296997070e+00
3.083895444869995117e+00,3.083407640457153320e+00,3.082920074462890625e+00,3.082432508468627930e+00,3.081945180892944336e+00,3.081458091735839844e+00,3.080971240997314453e+00,3.080484390258789062e+00,3.079997777938842773e+00,3.079511404037475586e+00,3.079025030136108398e+00,3.078538894653320312e+00,3.078052520751953125e+00,3.077566623687744141e+00,3.077080965042114258e+00,3.076595306396484375e+00,3.076109886169433594e+00,3.075624704360961914e+00,3.075139522552490234e+00,3.074654579162597656e+00,3.074169635772705078e+00,3.073684930801391602e+00,3.054052114486694336e+00,3.027706623077392578e+00,3.001811742782592773e+00,2.976356029510498047e+00,2.951328516006469727e+00,2.926718235015869141e+00,2.902515172958374023e+00,2.878708839416503906e+00,2.855290174484252930e+00,2.832249164581298828e+00,2.809577226638793945e+00,2.787265300750732422e+00,2.765305042266845703e+00,2.743688106536865234e+00,2.722406625747680664e+00,2.701452493667602539e+00,2.680818557739257812e+00,2.660497426986694336e+00,2.640482187271118164e+00,2.620765924453735352e+00,2.601341485977172852e+00,2.582203149795532227e+00,2.563344478607177734e+00,2.544759035110473633e+00,2.526441335678100586e+00,2.508385419845581055e+00,2.490585565567016602e+00,2.473036766052246094e+00,2.455733537673950195e+00,2.438670873641967773e+00,2.421843528747558594e+00,2.405246734619140625e+00,2.388875961303710938e+00,2.372726440429687500e+00,2.356793880462646484e+00,2.341073751449584961e+00,2.325562000274658203e+00,2.310254573822021484e+00,2.295147180557250977e+00,2.280236244201660156e+00,2.265517473220825195e+00,2.250988006591796875e+00,2.236643552780151367e+00,2.222480535507202148e+00,2.208495855331420898e+00,2.194686174392700195e+00,2.181048154830932617e+00,2.167578458786010742e+00,2.154273986816406250e+00,2.141132116317749023e+00,2.128149509429931641e+00,2.115323305130004883e+00,2.102650880813598633e+00,2.090129375457763672e+00,2.077755928039550781e+00,2.065528154373168945e+00,2.053443670272827148e+00,2.041499614715576172e+00
2.605405092239379883e+00,2.605057001113891602e+00,2.604709148406982422e+00,2.604361057281494141e+00,2.604013204574584961e+00,2.603665590286254883e+00,2.603317737579345703e+00,2.602970123291015625e+00,2.602622747421264648e+00,2.602275371551513672e+00,2.601927995681762695e+00,2.601580858230590820e+00,2.601233720779418945e+00,2.600886583328247070e+00,2.600539684295654297e+00,2.600192785263061523e+00,2.599846124649047852e+00,2.599499464035034180e+00,2.599152803421020508e+00,2.598806381225585938e+00,2.598459959030151367e+00,2.598113775253295898e+00,2.597767591476440430e+00,2.597421407699584961e+00,2.597075462341308594e+00,2.596729516983032227e+00,2.596383571624755859e+00,2.596037864685058594e+00,2.595692396163940430e+00,2.595346689224243164e+00,2.595001459121704102e+00,2.594655990600585938e+00,2.594310522079467773e+00,2.593965530395507812e+00,2.593620300292968750e+00,2.593275308609008789e+00,2.592930555343627930e+00,2.592585802078247070e+00,2.592241048812866211e+00,2.591896295547485352e+00,2.591551780700683594e+00,2.591207265853881836e+00,2.590862989425659180e+00,2.582203626632690430e+00,2.563344717025756836e+00,2.544759511947631836e+00,2.526441812515258789e+00,2.508385896682739258e+00,2.490586042404174805e+00,2.473037242889404297e+00,2.455734014511108398e+00,2.438671112060546875e+00,2.421843767166137695e+00,2.405246973037719727e+00,2.388876199722290039e+00,2.372726678848266602e+00,2.356794118881225586e+00,2.341073989868164062e+00,2.325562477111816406e+00,2.310254812240600586e+00,2.295147657394409180e+00,2.280236721038818359e+00,2.265517950057983398e+00,2.250988483428955078e+00,2.236643791198730469e+00,2.222481012344360352e+00,2.208496332168579102e+00,2.194686412811279297e+00,2.181048393249511719e+00,2.167578697204589844e+00,2.154274463653564453e+00,2.141132354736328125e+00,2.128149747848510742e+00,2.115323543548583984e+00,2.102651119232177734e+00,2.090129613876342773e+00,2.077756166458129883e+00,2.065528631210327148e+00,2.053443908691406250e+00,2.041499853134155273e+00
2.255454063415527344e+00,2.255192995071411133e+00,2.254932403564453125e+00,2.254671573638916016e+00,2.254410743713378906e+00,2.254150152206420898e+00,2.253889560699462891e+00,2.253629207611083984e+00,2.253368616104125977e+00,2.253108024597167969e+00,2.252847671508789062e+00,2.252587556838989258e+00,2.252327203750610352e+00,2.252067089080810547e+00,2.251806974411010742e+00,2.251546859741210938e+00,2.251286983489990234e+00,2.251027107238769531e+00,2.250766992568969727e+00,2.250507354736328125e+00,2.250247478485107422e+00,2.249987840652465820e+00,2.249728202819824219e+00,2.249468564987182617e+00,2.249209165573120117e+00,2.248949766159057617e+00,2.248690128326416016e+00,2.248430728912353516e+00,2.248171567916870117e+00,2.247912406921386719e+00,2.247653245925903320e+00,2.247394084930419922e+00,2.247135162353515625e+00,2.246876239776611328e+00,2.246617078781127930e+00,2.246358394622802734e+00,2.246099472045898438e+00,2.245840787887573242e+00,2.245582103729248047e+00,2.245323419570922852e+00,2.245064973831176758e+00,2.244806528091430664e+00,2.244548082351684570e+00,2.244289398193359375e+00,2.244031190872192383e+00,2.243772983551025391e+00,2.243514776229858398e+00,2.243256568908691406e+00,2.242998600006103516e+00,2.242740631103515625e+00,2.242482662200927734e+00,2.242224454879760742e+00,2.241966724395751953e+00,2.241708993911743164e+00,2.241451263427734375e+00,2.241193532943725586e+00,2.240936040878295898e+00,2.240678310394287109e+00,2.240420818328857422e+00,2.240163564682006836e+00,2.239906072616577148e+00,2.239648818969726562e+00,2.239391565322875977e+00,2.239134311676025391e+00,2.236644029617309570e+00,2.222481250762939453e+00,2.208496570587158203e+00,2.194686651229858398e+00,2.181048631668090820e+00,2.167578935623168945e+00,2.154274702072143555e+00,2.141132831573486328e+00,2.128150224685668945e+00,2.115324020385742188e+00,2.102651596069335938e+00,2.090130090713500977e+00,2.077756404876708984e+00,2.065528869628906250e+00,2.053444147109985352e+00,2.041500091552734375e+00
1.988380074501037598e+00,1.988177418708801270e+00,1.987974643707275391e+00,1.987772107124328613e+00,1.987569332122802734e+00,1.987366557121276855e+00,1.987164139747619629e+00,1.986961603164672852e+00,1.986759185791015625e+00,1.986556649208068848e+00,1.986354351043701172e+00,1.986151933670043945e+00,1.985949516296386719e+00,1.985747337341308594e+00,1.985545039176940918e+00,1.985342979431152344e+00,1.985140681266784668e+00,1.984938740730285645e+00,1.984736561775207520e+00,1.984534621238708496e+00,1.984332561492919922e+00,1.984130501747131348e+00,1.983928680419921875e+00,1.983726739883422852e+00,1.983525037765502930e+00,1.983323097229003906e+00,1.983121514320373535e+00,1.982919692993164062e+00,1.982718229293823242e+00,1.982516527175903320e+00,1.982314825057983398e+00,1.982113361358642578e+00,1.981911778450012207e+00,1.981710433959960938e+00,1.981508970260620117e+00,1.981307744979858398e+00,1.981106281280517578e+00,1.980905055999755859e+00,1.980703711509704590e+00,1.980502486228942871e+00,1.980301380157470703e+00,1.980100154876708984e+00,1.979899168014526367e+00,1.979698061943054199e+00,1.979497194290161133e+00,1.979296088218688965e+00,1.979095101356506348e+00,1.978894233703613281e+00,1.978693366050720215e+00,1.978492617607116699e+00,1.978291749954223633e+00,1.978091239929199219e+00,1.977890372276306152e+00,1.977689862251281738e+00,1.977489233016967773e+00,1.977288484573364258e+00,1.977088093757629395e+00,1.976887583732604980e+00,1.976687192916870117e+00,1.976486682891845703e+00,1.976286530494689941e+00,1.976086139678955078e+00,1.975885868072509766e+00,1.975685596466064453e+00,1.975485324859619141e+00,1.975285291671752930e+00,1.975085020065307617e+00,1.974885106086730957e+00,1.974684953689575195e+00,1.974485039710998535e+00,1.974285006523132324e+00,1.974084973335266113e+00,1.973885297775268555e+00,1.973685383796691895e+00,1.973485708236694336e+00,1.973285794258117676e+00,1.973086237907409668e+00,1.972886443138122559e+00,1.972687005996704102e+00,1.972487330436706543e+00
1.777859330177307129e+00,1.777697324752807617e+00,1.777535200119018555e+00,1.777373194694519043e+00,1.777211070060729980e+00,1.777049183845520020e+00,1.776887178421020508e+00,1.776725172996520996e+00,1.776563405990600586e+00,1.776401400566101074e+00,1.776239633560180664e+00,1.776077747344970703e+00,1.775916099548339844e+00,1.775754213333129883e+00,1.775592684745788574e+00,1.775430917739868164e+00,1.775269150733947754e+00,1.775107622146606445e+00,1.774945855140686035e+00,1.774784445762634277e+00,1.774622797966003418e+00,1.774461388587951660e+00,1.774299740791320801e+00,1.774138450622558594e+00,1.773976922035217285e+00,1.773815393447875977e+00,1.773654103279113770e+00,1.773492693901062012e+00,1.773331522941589355e+00,1.773170113563537598e+00,1.773008942604064941e+00,1.772847652435302734e+00,1.772686362266540527e+00,1.772525310516357422e+00,1.772364020347595215e+00,1.772203087806701660e+00,1.772041916847229004e+00,1.771880984306335449e+00,1.771719813346862793e+00,1.771559000015258789e+00,1.771397948265075684e+00,1.771236896514892578e+00,1.771076083183288574e+00,1.770915150642395020e+00,1.770754337310791016e+00,1.770593404769897461e+00,1.770432829856872559e+00,1.770271897315979004e+00,1.770111322402954102e+00,1.769950509071350098e+00,1.769789695739746094e+00,1.769629240036010742e+00,1.769468545913696289e+00,1.769308090209960938e+00,1.769147396087646484e+00,1.768986940383911133e+00,1.768826365470886230e+00,1.768666028976440430e+00,1.768505454063415527e+00,1.768344998359680176e+00,1.768184781074523926e+00,1.768024325370788574e+00,1.767864108085632324e+00,1.767703652381896973e+00,1.767543554306030273e+00,1.767383217811584473e+00,1.767222881317138672e+00,1.767062783241271973e+00,1.766902565956115723e+00,1.766742587089538574e+00,1.766582369804382324e+00,1.766422510147094727e+00,1.766262292861938477e+00,1.766102433204650879e+00,1.765942454338073730e+00,1.765782356262207031e+00,1.765622496604919434e+00,1.765462636947631836e+00,1.765302896499633789e+00,1.765142917633056641e+00
1.607648849487304688e+00,1.607516288757324219e+00,1.607383608818054199e+00,1.607251167297363281e+00,1.607118606567382812e+00,1.606986284255981445e+00,1.606853723526000977e+00,1.606721401214599609e+00,1.606588959693908691e+00,1.606456637382507324e+00,1.606324195861816406e+00,1.606191754341125488e+00,1.606059551239013672e+00,1.605927228927612305e+00,1.605795025825500488e+00,1.605662703514099121e+00,1.605530500411987305e+00,1.605398297309875488e+00,1.605266213417053223e+00,1.605133891105651855e+00,1.605001688003540039e+00,1.604869723320007324e+00,1.604737520217895508e+00,1.604605555534362793e+00,1.604473352432250977e+00,1.604341506958007812e+00,1.604209423065185547e+00,1.604077339172363281e+00,1.603945374488830566e+00,1.603813409805297852e+00,1.603681564331054688e+00,1.603549599647521973e+00,1.603417754173278809e+00,1.603285908699035645e+00,1.603154063224792480e+00,1.603022217750549316e+00,1.602890372276306152e+00,1.602758646011352539e+00,1.602626800537109375e+00,1.602495193481445312e+00,1.602363467216491699e+00,1.602231860160827637e+00,1.602100133895874023e+00,1.601968526840209961e+00,1.601836800575256348e+00,1.601705193519592285e+00,1.601573705673217773e+00,1.601442098617553711e+00,1.601310610771179199e+00,1.601179003715515137e+00,1.601047635078430176e+00,1.600916147232055664e+00,1.600784540176391602e+00,1.600653290748596191e+00,1.600521802902221680e+00,1.600390434265136719e+00,1.600259065628051758e+00,1.600127816200256348e+00,1.599996328353881836e+00,1.599865078926086426e+00,1.599733829498291016e+00,1.599602460861206055e+00,1.599471330642700195e+00,1.599340081214904785e+00,1.599208950996398926e+00,1.599077701568603516e+00,1.598946690559387207e+00,1.598815441131591797e+00,1.598684430122375488e+00,1.598553299903869629e+00,1.598422408103942871e+00,1.598291754722595215e+00,1.598161339759826660e+00,1.598030805587768555e+00,1.597900390625000000e+00,1.597769856452941895e+00,1.597639441490173340e+00,1.597509145736694336e+00,1.597378611564636230e+00,1.597248315811157227e+00
1.467182159423828125e+00,1.467071652412414551e+00,1.466961383819580078e+00,1.466850996017456055e+00,1.466740608215332031e+00,1.466630220413208008e+00,1.466519832611083984e+00,1.466409683227539062e+00,1.466299295425415039e+00,1.466189146041870117e+00,1.466078758239746094e+00,1.465968608856201172e+00,1.465858340263366699e+00,1.465748190879821777e+00,1.465637922286987305e+00,1.465527653694152832e+00,1.465417623519897461e+00,1.465307474136352539e+00,1.465197324752807617e+00,1.465087175369262695e+00,1.464977145195007324e+00,1.464866995811462402e+00,1.464756965637207031e+00,1.464646935462951660e+00,1.464536905288696289e+00,1.464426875114440918e+00,1.464316844940185547e+00,1.464206933975219727e+00,1.464097023010253906e+00,1.463987112045288086e+00,1.463877081871032715e+00,1.463767170906066895e+00,1.463657259941101074e+00,1.463547348976135254e+00,1.463437557220458984e+00,1.463327646255493164e+00,1.463217973709106445e+00,1.463108062744140625e+00,1.462998390197753906e+00,1.462888479232788086e+00,1.462778687477111816e+00,1.462669014930725098e+00,1.462559223175048828e+00,1.462449550628662109e+00,1.462339878082275391e+00,1.462230205535888672e+00,1.462120532989501953e+00,1.462010860443115234e+00,1.461901307106018066e+00,1.461791634559631348e+00,1.461682081222534180e+00,1.461572408676147461e+00,1.461462974548339844e+00,1.461353302001953125e+00,1.461243867874145508e+00,1.461134314537048340e+00,1.461024761199951172e+00,1.460915327072143555e+00,1.460805892944335938e+00,1.460696458816528320e+00,1.460587501525878906e+00,1.460478544235229492e+00,1.460369467735290527e+00,1.460260510444641113e+00,1.460151553153991699e+00,1.460042595863342285e+00,1.459933638572692871e+00,1.459824800491333008e+00,1.459715962409973145e+00,1.459607005119323730e+00,1.459498167037963867e+00,1.459389448165893555e+00,1.459280490875244141e+00,1.459171652793884277e+00,1.459062933921813965e+00,1.458954215049743652e+00,1.458845376968383789e+00,1.458736658096313477e+00,1.458627939224243164e+00,1.458519220352172852e+00
1.349289298057556152e+00,1.349195837974548340e+00,1.349102616310119629e+00,1.349009156227111816e+00,1.348915934562683105e+00,1.348822593688964844e+00,1.348729252815246582e+00,1.348635911941528320e+00,1.348542571067810059e+00,1.348449349403381348e+00,1.348356127738952637e+00,1.348262906074523926e+00,1.348169565200805664e+00,1.348076462745666504e+00,1.347983241081237793e+00,1.347890019416809082e+00,1.347796797752380371e+00,1.347703576087951660e+00,1.347610473632812500e+00,1.347517371177673340e+00,1.347424268722534180e+00,1.347331166267395020e+00,1.347238063812255859e+00,1.347144961357116699e+00,1.347051978111267090e+00,1.346958756446838379e+00,1.346865653991699219e+00,1.346772670745849609e+00,1.346679687500000000e+00,1.346586704254150391e+00,1.346493601799011230e+00,1.346400737762451172e+00,1.346307635307312012e+00,1.346214771270751953e+00,1.346121788024902344e+00,1.346028804779052734e+00,1.345935940742492676e+00,1.345842957496643066e+00,1.345750093460083008e+00,1.345657229423522949e+00,1.345564365386962891e+00,1.345471501350402832e+00,1.345378518104553223e+00,1.345285773277282715e+00,1.345192909240722656e+00,1.345100164413452148e+00,1.345007300376892090e+00,1.344914555549621582e+00,1.344821810722351074e+00,1.344729304313659668e+00,1.344636917114257812e+00,1.344544529914855957e+00,1.344452142715454102e+00,1.344359755516052246e+00,1.344267487525939941e+00,1.344175219535827637e+00,1.344082832336425781e+00,1.343990564346313477e+00,1.343898296356201172e+00,1.343805909156799316e+00,1.343713641166687012e+00,1.343621373176574707e+00,1.343529224395751953e+00,1.343436956405639648e+00,1.343344688415527344e+00,1.343252539634704590e+00,1.343160271644592285e+00,1.343068122863769531e+00,1.342975974082946777e+00,1.342883825302124023e+00,1.342791676521301270e+00,1.342699527740478516e+00,1.342607498168945312e+00,1.342515230178833008e+00,1.342423200607299805e+00,1.342331171035766602e+00,1.342239022254943848e+00,1.342146992683410645e+00,1.342054963111877441e+00,1.341963052749633789e+00
1.248933434486389160e+00,1.248853564262390137e+00,1.248773574829101562e+00,1.248693466186523438e+00,1.248613595962524414e+00,1.248533606529235840e+00,1.248453617095947266e+00,1.248373746871948242e+00,1.248293757438659668e+00,1.248213887214660645e+00,1.248134016990661621e+00,1.248054027557373047e+00,1.247974157333374023e+00,1.247894287109375000e+00,1.247814416885375977e+00,1.247734546661376953e+00,1.247654676437377930e+00,1.247574925422668457e+00,1.247495055198669434e+00,1.247415184974670410e+00,1.247335433959960938e+00,1.247255563735961914e+00,1.247175812721252441e+00,1.247095942497253418e+00,1.247016310691833496e+00,1.246936440467834473e+00,1.246856808662414551e+00,1.246777057647705078e+00,1.246697187423706055e+00,1.246617555618286133e+00,1.246537804603576660e+00,1.246458172798156738e+00,1.246378421783447266e+00,1.246298789978027344e+00,1.246219158172607422e+00,1.246139526367187500e+00,1.246059775352478027e+00,1.245980143547058105e+00,1.245900750160217285e+00,1.245821356773376465e+00,1.245742082595825195e+00,1.245662808418273926e+00,1.245583534240722656e+00,1.245504260063171387e+00,1.245424985885620117e+00,1.245345711708068848e+00,1.245266437530517578e+00,1.245187282562255859e+00,1.245108008384704590e+00,1.245028853416442871e+00,1.244949579238891602e+00,1.244870424270629883e+00,1.244791269302368164e+00,1.244711995124816895e+00,1.244632959365844727e+00,1.244553804397583008e+00,1.244474649429321289e+00,1.244395494461059570e+00,1.244316339492797852e+00,1.244237303733825684e+00,1.244158148765563965e+00,1.244079113006591797e+00,1.243999958038330078e+00,1.243920922279357910e+00,1.243841886520385742e+00,1.243762850761413574e+00,1.243683815002441406e+00,1.243604660034179688e+00,1.243525743484497070e+00,1.243446707725524902e+00,1.243367671966552734e+00,1.243288636207580566e+00,1.243209719657897949e+00,1.243130803108215332e+00,1.243051767349243164e+00,1.242972850799560547e+00,1.242893934249877930e+00,1.242814898490905762e+00,1.242736101150512695e+00,1.242657184600830078e+00
1.162472486495971680e+00,1.162403225898742676e+00,1.162333965301513672e+00,1.162264704704284668e+00,1.162195324897766113e+00,1.162126183509826660e+00,1.162056803703308105e+00,1.161987543106079102e+00,1.161918282508850098e+00,1.161849021911621094e+00,1.161779880523681641e+00,1.161710619926452637e+00,1.161641359329223633e+00,1.161572217941284180e+00,1.161502957344055176e+00,1.161433815956115723e+00,1.161364555358886719e+00,1.161295413970947266e+00,1.161226272583007812e+00,1.161157131195068359e+00,1.161087870597839355e+00,1.161018848419189453e+00,1.160949587821960449e+00,1.160880446434020996e+00,1.160811424255371094e+00,1.160742282867431641e+00,1.160673141479492188e+00,1.160604119300842285e+00,1.160535335540771484e+00,1.160466551780700684e+00,1.160397648811340332e+00,1.160328865051269531e+00,1.160260081291198730e+00,1.160191297531127930e+00,1.160122513771057129e+00,1.160053730010986328e+00,1.159985065460205078e+00,1.159916162490844727e+00,1.159847497940063477e+00,1.159778833389282227e+00,1.159710049629211426e+00,1.159641265869140625e+00,1.159572601318359375e+00,1.159503936767578125e+00,1.159435153007507324e+00,1.159366488456726074e+00,1.159297823905944824e+00,1.159229159355163574e+00,1.159160494804382324e+00,1.159091830253601074e+00,1.159023165702819824e+00,1.158954501152038574e+00,1.158885955810546875e+00,1.158817291259765625e+00,1.158748626708984375e+00,1.158680081367492676e+00,1.158611536026000977e+00,1.158542871475219727e+00,1.158474326133728027e+00,1.158405661582946777e+00,1.158337235450744629e+00,1.158268570899963379e+00,1.158200025558471680e+00,1.158131599426269531e+00,1.158062934875488281e+00,1.157994508743286133e+00,1.157925963401794434e+00,1.157857537269592285e+00,1.157788991928100586e+00,1.157720446586608887e+00,1.157652020454406738e+00,1.157583475112915039e+00,1.157515048980712891e+00,1.157446622848510742e+00,1.157378196716308594e+00,1.157309651374816895e+00,1.157241225242614746e+00,1.157172799110412598e+00,1.157104372978210449e+00,1.157035946846008301e+00
1.087207555770874023e+00,1.087146878242492676e+00,1.087086200714111328e+00,1.087025642395019531e+00,1.086965084075927734e+00,1.086904525756835938e+00,1.086843848228454590e+00,1.086783289909362793e+00,1.086722731590270996e+00,1.086662054061889648e+00,1.086601614952087402e+00,1.086540937423706055e+00,1.086480498313903809e+00,1.086419820785522461e+00,1.086359381675720215e+00,1.086298823356628418e+00,1.086238384246826172e+00,1.086177945137023926e+00,1.086117744445800781e+00,1.086057424545288086e+00,1.085997223854064941e+00,1.085936903953552246e+00,1.085876703262329102e+00,1.085816502571105957e+00,1.085756182670593262e+00,1.085695981979370117e+00,1.085635781288146973e+00,1.085575461387634277e+00,1.085515260696411133e+00,1.085455060005187988e+00,1.085394978523254395e+00,1.085334658622741699e+00,1.085274457931518555e+00,1.085214376449584961e+00,1.085154175758361816e+00,1.085093975067138672e+00,1.085033893585205078e+00,1.084973692893981934e+00,1.084913492202758789e+00,1.084853410720825195e+00,1.084793329238891602e+00,1.084733128547668457e+00,1.084672927856445312e+00,1.084612846374511719e+00,1.084552764892578125e+00,1.084492683410644531e+00,1.084432601928710938e+00,1.084372520446777344e+00,1.084312438964843750e+00,1.084252357482910156e+00,1.084192276000976562e+00,1.084132194519042969e+00,1.084072113037109375e+00,1.084012150764465332e+00,1.083952069282531738e+00,1.083891987800598145e+00,1.083832025527954102e+00,1.083771944046020508e+00,1.083711981773376465e+00,1.083651900291442871e+00,1.083591938018798828e+00,1.083531975746154785e+00,1.083471894264221191e+00,1.083411931991577148e+00,1.083352088928222656e+00,1.083292007446289062e+00,1.083232045173645020e+00,1.083172082901000977e+00,1.083112239837646484e+00,1.083052277565002441e+00,1.082992315292358398e+00,1.082932353019714355e+00,1.082872390747070312e+00,1.082812547683715820e+00,1.082752585411071777e+00,1.082692742347717285e+00,1.082632780075073242e+00,1.082572937011718750e+00,1.082513093948364258e+00,1.082453131675720215e+00
1.021095991134643555e+00,1.021042466163635254e+00,1.020989060401916504e+00,1.020935535430908203e+00,1.020882129669189453e+00,1.020828723907470703e+00,1.020775318145751953e+00,1.020722150802612305e+00,1.020668864250183105e+00,1.020615696907043457e+00,1.020562410354614258e+00,1.020509243011474609e+00,1.020455956459045410e+00,1.020402789115905762e+00,1.020349621772766113e+00,1.020296335220336914e+00,1.020243167877197266e+00,1.020190000534057617e+00,1.020136833190917969e+00,1.020083665847778320e+00,1.020030498504638672e+00,1.019977331161499023e+00,1.019924163818359375e+00,1.019870996475219727e+00,1.019817948341369629e+00,1.019764780998229980e+00,1.019711613655090332e+00,1.019658446311950684e+00,1.019605278968811035e+00,1.019552230834960938e+00,1.019499182701110840e+00,1.019446015357971191e+00,1.019392848014831543e+00,1.019339799880981445e+00,1.019286751747131348e+00,1.019233584403991699e+00,1.019180536270141602e+00,1.019127488136291504e+00,1.019074440002441406e+00,1.019021391868591309e+00,1.018968343734741211e+00,1.018915295600891113e+00,1.018862128257751465e+00,1.018809199333190918e+00,1.018756151199340820e+00,1.018703103065490723e+00,1.018650054931640625e+00,1.018597006797790527e+00,1.018544077873229980e+00,1.018491029739379883e+00,1.018437981605529785e+00,1.018385052680969238e+00,1.018332004547119141e+00,1.018279075622558594e+00,1.018226027488708496e+00,1.018173098564147949e+00,1.018120050430297852e+00,1.018067121505737305e+00,1.018014192581176758e+00,1.017961263656616211e+00,1.017908334732055664e+00,1.017855405807495117e+00,1.017802476882934570e+00,1.017749428749084473e+00,1.017696619033813477e+00,1.017643690109252930e+00,1.017590761184692383e+00,1.017537832260131836e+00,1.017484903335571289e+00,1.017432093620300293e+00,1.017379164695739746e+00,1.017326235771179199e+00,1.017273426055908203e+00,1.017220497131347656e+00,1.017167568206787109e+00,1.017114758491516113e+00,1.017061829566955566e+00,1.017009019851684570e+00,1.016956210136413574e+00,1.016903400421142578e+00
9.625649452209472656e-01,9.625175595283508301e-01,9.624701738357543945e-01,9.624229073524475098e-01,9.623755216598510742e-01,9.623281955718994141e-01,9.622809290885925293e-01,9.622336030006408691e-01,9.621862173080444336e-01,9.621390104293823242e-01,9.620916843414306641e-01,9.620444178581237793e-01,9.619970917701721191e-01,9.619497656822204590e-01,9.619025588035583496e-01,9.618552327156066895e-01,9.618079662322998047e-01,9.617607593536376953e-01,9.617134332656860352e-01,9.616661667823791504e-01,9.616189599037170410e-01,9.615716934204101562e-01,9.615244269371032715e-01,9.614772200584411621e-01,9.614299535751342773e-01,9.613828063011169434e-01,9.613355398178100586e-01,9.612882733345031738e-01,9.612411260604858398e-01,9.611938595771789551e-01,9.611466526985168457e-01,9.610995054244995117e-01,9.610522389411926270e-01,9.610050320625305176e-01,9.609579443931579590e-01,9.609106779098510742e-01,9.608634710311889648e-01,9.608163833618164062e-01,9.607691764831542969e-01,9.607219696044921875e-01,9.606748819351196289e-01,9.606276750564575195e-01,9.605805873870849609e-01,9.605334401130676270e-01,9.604862332344055176e-01,9.604391455650329590e-01,9.603919982910156250e-01,9.603448510169982910e-01,9.602977633476257324e-01,9.602506160736083984e-01,9.602034687995910645e-01,9.601564407348632812e-01,9.601092934608459473e-01,9.600621461868286133e-01,9.600151181221008301e-01,9.599679708480834961e-01,9.599209427833557129e-01,9.598738551139831543e-01,9.598267078399658203e-01,9.597797393798828125e-01,9.597325921058654785e-01,9.596855044364929199e-01,9.596385359764099121e-01,9.595914483070373535e-01,9.595443606376647949e-01,9.594973325729370117e-01,9.594503045082092285e-01,9.594032168388366699e-01,9.593562483787536621e-01,9.593091607093811035e-01,9.592621326446533203e-01,9.592151641845703125e-01,9.591681361198425293e-01,9.591211676597595215e-01,9.590741395950317383e-01,9.590271115303039551e-01,9.589802026748657227e-01,9.589331150054931641e-01,9.588861465454101562e-01,9.588392376899719238e-01
9.103810787200927734e-01,9.103386998176574707e-01,9.102963209152221680e-01,9.102540016174316406e-01,9.102116823196411133e-01,9.101693630218505859e-01,9.101270437240600586e-01,9.100846648216247559e-01,9.100424051284790039e-01,9.100000858306884766e-01,9.099577069282531738e-01,9.099154472351074219e-01,9.098731279373168945e-01,9.098308086395263672e-01,9.097885489463806152e-01,9.097462296485900879e-01,9.097039103507995605e-01,9.096616506576538086e-01,9.096193313598632812e-01,9.095771312713623047e-01,9.095348119735717773e-01,9.094925522804260254e-01,9.094503521919250488e-01,9.094080328941345215e-01,9.093657732009887695e-01,9.093235731124877930e-01,9.092812538146972656e-01,9.092389941215515137e-01,9.091967940330505371e-01,9.091545343399047852e-01,9.091122746467590332e-01,9.090700745582580566e-01,9.090278148651123047e-01,9.089855551719665527e-01,9.089434146881103516e-01,9.089011549949645996e-01,9.088590145111083984e-01,9.088168144226074219e-01,9.087745547294616699e-01,9.087324142456054688e-01,9.086902141571044922e-01,9.086479544639587402e-01,9.086058139801025391e-01,9.085636138916015625e-01,9.085214138031005859e-01,9.084792733192443848e-01,9.084370732307434082e-01,9.083948731422424316e-01,9.083527922630310059e-01,9.083105921745300293e-01,9.082685112953186035e-01,9.082263112068176270e-01,9.081841111183166504e-01,9.081420302391052246e-01,9.080998897552490234e-01,9.080576896667480469e-01,9.080156683921813965e-01,9.079734683036804199e-01,9.079313278198242188e-01,9.078892469406127930e-01,9.078471064567565918e-01,9.078049659729003906e-01,9.077628850936889648e-01,9.077208042144775391e-01,9.076786637306213379e-01,9.076365828514099121e-01,9.075945019721984863e-01,9.075524806976318359e-01,9.075103402137756348e-01,9.074681997299194336e-01,9.074261784553527832e-01,9.073840975761413574e-01,9.073420166969299316e-01,9.072999954223632812e-01,9.072579145431518555e-01,9.072157740592956543e-01,9.071738123893737793e-01,9.071317315101623535e-01,9.070896506309509277e-01,9.070476889610290527e-01
8.635643720626831055e-01,8.635262250900268555e-01,8.634881973266601562e-01,8.634500503540039062e-01,8.634119033813476562e-01,8.633738756179809570e-01,8.633357882499694824e-01,8.632976412773132324e-01,8.632596135139465332e-01,8.632215261459350586e-01,8.631833791732788086e-01,8.631454110145568848e-01,8.631073236465454102e-01,8.630692958831787109e-01,8.630312085151672363e-01,8.629931211471557617e-01,8.629550933837890625e-01,8.629170060157775879e-01,8.628789186477661133e-01,8.628409504890441895e-01,8.628028631210327148e-01,8.627648353576660156e-01,8.627268671989440918e-01,8.626887798309326172e-01,8.626506924629211426e-01,8.626127243041992188e-01,8.625746965408325195e-01,8.625366687774658203e-01,8.624987006187438965e-01,8.624606728553771973e-01,8.624227046966552734e-01,8.623846769332885742e-01,8.623466491699218750e-01,8.623086810111999512e-01,8.622706532478332520e-01,8.622326254844665527e-01,8.621947169303894043e-01,8.621566891670227051e-01,8.621186614036560059e-01,8.620807528495788574e-01,8.620427846908569336e-01,8.620047569274902344e-01,8.619668483734130859e-01,8.619288802146911621e-01,8.618909716606140137e-01,8.618529438972473145e-01,8.618149757385253906e-01,8.617770671844482422e-01,8.617390990257263184e-01,8.617011308670043945e-01,8.616632223129272461e-01,8.616252541542053223e-01,8.615872859954833984e-01,8.615494370460510254e-01,8.615114688873291016e-01,8.614735007286071777e-01,8.614356517791748047e-01,8.613977432250976562e-01,8.613597750663757324e-01,8.613219261169433594e-01,8.612839579582214355e-01,8.612461090087890625e-01,8.612082004547119141e-01,8.611702919006347656e-01,8.611324429512023926e-01,8.610945343971252441e-01,8.610565662384033203e-01,8.610187768936157227e-01,8.609808683395385742e-01,8.609429597854614258e-01,8.609051108360290527e-01,8.608672022819519043e-01,8.608293533325195312e-01,8.607915043830871582e-01,8.607536554336547852e-01,8.607158064842224121e-01,8.606779575347900391e-01,8.606400489807128906e-01,8.606022596359252930e-01,8.605644106864929199e-01
8.213272690773010254e-01,8.212927579879760742e-01,8.212583661079406738e-01,8.212238550186157227e-01,8.211893439292907715e-01,8.211549520492553711e-01,8.211205005645751953e-01,8.210861086845397949e-01,8.210515975952148438e-01,8.210171461105346680e-01,8.209827542304992676e-01,8.209483027458190918e-01,8.209137916564941406e-01,8.208794593811035156e-01,8.208449482917785645e-01,8.208104968070983887e-01,8.207761645317077637e-01,8.207417130470275879e-01,8.207072615623474121e-01,8.206728696823120117e-01,8.206384181976318359e-01,8.206040263175964355e-01,8.205696344375610352e-01,8.205352425575256348e-01,8.205008506774902344e-01,8.204664587974548340e-01,8.204320073127746582e-01,8.203976750373840332e-01,8.203632831573486328e-01,8.203288316726684570e-01,8.202944993972778320e-01,8.202601075172424316e-01,8.202257156372070312e-01,8.201913833618164062e-01,8.201569914817810059e-01,8.201225996017456055e-01,8.200882673263549805e-01,8.200538754463195801e-01,8.200195431709289551e-01,8.199851512908935547e-01,8.199507594108581543e-01,8.199164867401123047e-01,8.198820948600769043e-01,8.198477029800415039e-01,8.198134303092956543e-01,8.197790384292602539e-01,8.197447061538696289e-01,8.197104334831237793e-01,8.196760416030883789e-01,8.196417093276977539e-01,8.196074366569519043e-01,8.195730447769165039e-01,8.195387125015258789e-01,8.195044398307800293e-01,8.194701075553894043e-01,8.194358348846435547e-01,8.194015026092529297e-01,8.193671703338623047e-01,8.193328976631164551e-01,8.192985653877258301e-01,8.192642331123352051e-01,8.192300200462341309e-01,8.191956877708435059e-01,8.191613554954528809e-01,8.191271424293518066e-01,8.190928101539611816e-01,8.190585374832153320e-01,8.190242648124694824e-01,8.189899921417236328e-01,8.189557790756225586e-01,8.189214468002319336e-01,8.188871741294860840e-01,8.188529610633850098e-01,8.188186883926391602e-01,8.187843561172485352e-01,8.187502026557922363e-01,8.187158703804016113e-01,8.186815977096557617e-01,8.186474442481994629e-01,8.186131715774536133e-01
7.830291986465454102e-01,7.829979062080383301e-01,7.829665541648864746e-01,7.829352021217346191e-01,7.829039096832275391e-01,7.828725576400756836e-01,7.828412652015686035e-01,7.828099727630615234e-01,7.827786207199096680e-01,7.827473282814025879e-01,7.827160358428955078e-01,7.826846837997436523e-01,7.826533913612365723e-01,7.826221585273742676e-01,7.825908064842224121e-01,7.825595140457153320e-01,7.825282216072082520e-01,7.824969291687011719e-01,7.824656963348388672e-01,7.824344038963317871e-01,7.824030518531799316e-01,7.823718190193176270e-01,7.823405265808105469e-01,7.823092341423034668e-01,7.822780013084411621e-01,7.822467088699340820e-01,7.822154164314270020e-01,7.821841835975646973e-01,7.821528911590576172e-01,7.821216583251953125e-01,7.820904254913330078e-01,7.820591330528259277e-01,7.820279598236083984e-01,7.819966673851013184e-01,7.819653749465942383e-01,7.819342017173767090e-01,7.819029092788696289e-01,7.818716764450073242e-01,7.818404436111450195e-01,7.818092107772827148e-01,7.817779779434204102e-01,7.817467451095581055e-01,7.817155122756958008e-01,7.816842794418334961e-01,7.816531062126159668e-01,7.816218733787536621e-01,7.815905809402465820e-01,7.815594077110290527e-01,7.815281748771667480e-01,7.814970612525939941e-01,7.814658284187316895e-01,7.814345955848693848e-01,7.814034223556518555e-01,7.813721895217895508e-01,7.813409566879272461e-01,7.813098430633544922e-01,7.812786102294921875e-01,7.812473773956298828e-01,7.812162637710571289e-01,7.811850309371948242e-01,7.811538577079772949e-01,7.811226844787597656e-01,7.810915112495422363e-01,7.810603976249694824e-01,7.810291647911071777e-01,7.809979915618896484e-01,7.809668779373168945e-01,7.809356451034545898e-01,7.809044718742370605e-01,7.808733582496643066e-01,7.808421850204467773e-01,7.808110117912292480e-01,7.807798981666564941e-01,7.807487249374389648e-01,7.807175517082214355e-01,7.806864380836486816e-01,7.806552648544311523e-01,7.806240916252136230e-01,7.805930376052856445e-01,7.805618643760681152e-01
7.481436133384704590e-01,7.481150627136230469e-01,7.480864524841308594e-01,7.480578422546386719e-01,7.480292916297912598e-01,7.480006217956542969e-01,7.479720115661621094e-01,7.479435205459594727e-01,7.479149103164672852e-01,7.478863000869750977e-01,7.478577494621276855e-01,7.478291392326354980e-01,7.478005886077880859e-01,7.477720379829406738e-01,7.477434277534484863e-01,7.477148771286010742e-01,7.476863265037536621e-01,7.476577162742614746e-01,7.476291656494140625e-01,7.476006150245666504e-01,7.475720047950744629e-01,7.475435137748718262e-01,7.475149035453796387e-01,7.474863529205322266e-01,7.474578619003295898e-01,7.474293112754821777e-01,7.474007606506347656e-01,7.473722100257873535e-01,7.473436594009399414e-01,7.473151683807373047e-01,7.472866177558898926e-01,7.472580075263977051e-01,7.472295165061950684e-01,7.472009658813476562e-01,7.471724152565002441e-01,7.471439838409423828e-01,7.471154332160949707e-01,7.470868825912475586e-01,7.470583915710449219e-01,7.470298409461975098e-01,7.470012903213500977e-01,7.469728589057922363e-01,7.469443082809448242e-01,7.469158172607421875e-01,7.468873262405395508e-01,7.468587756156921387e-01,7.468303442001342773e-01,7.468017935752868652e-01,7.467733025550842285e-01,7.467448115348815918e-01,7.467163205146789551e-01,7.466877698898315430e-01,7.466593384742736816e-01,7.466308474540710449e-01,7.466023564338684082e-01,7.465738654136657715e-01,7.465453743934631348e-01,7.465169429779052734e-01,7.464884519577026367e-01,7.464599609375000000e-01,7.464315295219421387e-01,7.464030385017395020e-01,7.463745474815368652e-01,7.463461160659790039e-01,7.463176250457763672e-01,7.462891340255737305e-01,7.462607622146606445e-01,7.462322711944580078e-01,7.462037801742553711e-01,7.461753487586975098e-01,7.461469173431396484e-01,7.461184263229370117e-01,7.460899949073791504e-01,7.460615634918212891e-01,7.460331320762634277e-01,7.460047006607055664e-01,7.459762096405029297e-01,7.459478378295898438e-01,7.459194064140319824e-01,7.458909153938293457e-01
7.162339091300964355e-01,7.162077426910400391e-01,7.161815166473388672e-01,7.161552906036376953e-01,7.161291241645812988e-01,7.161028981208801270e-01,7.160767316818237305e-01,7.160505056381225586e-01,7.160242795944213867e-01,7.159981131553649902e-01,7.159718871116638184e-01,7.159456610679626465e-01,7.159195542335510254e-01,7.158933281898498535e-01,7.158671021461486816e-01,7.158409357070922852e-01,7.158147692680358887e-01,7.157885432243347168e-01,7.157624363899230957e-01,7.157362103462219238e-01,7.157101035118103027e-01,7.156838774681091309e-01,7.156577110290527344e-01,7.156315445899963379e-01,7.156053781509399414e-01,7.155791521072387695e-01,7.155530452728271484e-01,7.155268788337707520e-01,7.155007123947143555e-01,7.154745459556579590e-01,7.154483795166015625e-01,7.154222130775451660e-01,7.153961062431335449e-01,7.153699398040771484e-01,7.153437733650207520e-01,7.153176665306091309e-01,7.152915000915527344e-01,7.152653932571411133e-01,7.152392268180847168e-01,7.152130603790283203e-01,7.151869535446166992e-01,7.151607871055603027e-01,7.151346206665039062e-01,7.151085734367370605e-01,7.150824069976806641e-01,7.150562405586242676e-01,7.150301933288574219e-01,7.150040268898010254e-01,7.149778604507446289e-01,7.149518132209777832e-01,7.149256467819213867e-01,7.148995995521545410e-01,7.148734331130981445e-01,7.148473262786865234e-01,7.148212194442749023e-01,7.147951126098632812e-01,7.147690057754516602e-01,7.147428989410400391e-01,7.147167921066284180e-01,7.146906852722167969e-01,7.146646380424499512e-01,7.146384716033935547e-01,7.146123647689819336e-01,7.145863175392150879e-01,7.145602107048034668e-01,7.145341038703918457e-01,7.145080566406250000e-01,7.144819498062133789e-01,7.144559025764465332e-01,7.144297957420349121e-01,7.144036889076232910e-01,7.143776416778564453e-01,7.143515348434448242e-01,7.143254876136779785e-01,7.142994403839111328e-01,7.142733335494995117e-01,7.142472267150878906e-01,7.142212390899658203e-01,7.141951322555541992e-01,7.141690254211425781e-01
6.869349479675292969e-01,6.869108080863952637e-01,6.868866682052612305e-01,6.868625879287719727e-01,6.868384480476379395e-01,6.868143081665039062e-01,6.867902874946594238e-01,6.867661476135253906e-01,6.867420077323913574e-01,6.867179870605468750e-01,6.866938471794128418e-01,6.866697072982788086e-01,6.866456866264343262e-01,6.866215467453002930e-01,6.865974664688110352e-01,6.865733861923217773e-01,6.865493059158325195e-01,6.865252256393432617e-01,6.865011453628540039e-01,6.864770650863647461e-01,6.864529848098754883e-01,6.864289045333862305e-01,6.864048242568969727e-01,6.863808035850524902e-01,6.863566637039184570e-01,6.863325834274291992e-01,6.863085627555847168e-01,6.862844824790954590e-01,6.862604022026062012e-01,6.862363815307617188e-01,6.862123012542724609e-01,6.861882209777832031e-01,6.861641407012939453e-01,6.861401200294494629e-01,6.861160993576049805e-01,6.860920190811157227e-01,6.860679388046264648e-01,6.860439181327819824e-01,6.860198378562927246e-01,6.859957575798034668e-01,6.859717369079589844e-01,6.859477162361145020e-01,6.859236359596252441e-01,6.858996152877807617e-01,6.858755946159362793e-01,6.858515143394470215e-01,6.858274936676025391e-01,6.858034729957580566e-01,6.857794523239135742e-01,6.857554316520690918e-01,6.857313513755798340e-01,6.857073903083801270e-01,6.856833100318908691e-01,6.856592893600463867e-01,6.856353282928466797e-01,6.856112480163574219e-01,6.855872273445129395e-01,6.855632662773132324e-01,6.855391860008239746e-01,6.855151653289794922e-01,6.854912042617797852e-01,6.854671835899353027e-01,6.854432225227355957e-01,6.854191422462463379e-01,6.853951215744018555e-01,6.853711605072021484e-01,6.853471398353576660e-01,6.853231191635131836e-01,6.852991580963134766e-01,6.852751374244689941e-01,6.852511167526245117e-01,6.852272152900695801e-01,6.852031946182250977e-01,6.851791739463806152e-01,6.851552128791809082e-01,6.851311922073364258e-01,6.851072311401367188e-01,6.850832700729370117e-01,6.850592494010925293e-01,6.850352883338928223e-01
6.599387526512145996e-01,6.599164605140686035e-01,6.598942279815673828e-01,6.598719954490661621e-01,6.598497033119201660e-01,6.598274707794189453e-01,6.598052382469177246e-01,6.597830057144165039e-01,6.597607135772705078e-01,6.597385406494140625e-01,6.597162485122680664e-01,6.596940755844116211e-01,6.596717834472656250e-01,6.596495509147644043e-01,6.596273183822631836e-01,6.596050858497619629e-01,6.595828533172607422e-01,6.595606207847595215e-01,6.595383882522583008e-01,6.595161557197570801e-01,6.594939827919006348e-01,6.594717502593994141e-01,6.594494581222534180e-01,6.594272851943969727e-01,6.594050526618957520e-01,6.593828797340393066e-01,6.593606472015380859e-01,6.593384146690368652e-01,6.593162417411804199e-01,6.592940092086791992e-01,6.592717766761779785e-01,6.592496037483215332e-01,6.592273712158203125e-01,6.592051386833190918e-01,6.591829657554626465e-01,6.591607332229614258e-01,6.591385602951049805e-01,6.591163873672485352e-01,6.590941548347473145e-01,6.590719223022460938e-01,6.590497493743896484e-01,6.590275764465332031e-01,6.590054035186767578e-01,6.589831709861755371e-01,6.589609980583190918e-01,6.589388251304626465e-01,6.589166522026062012e-01,6.588944196701049805e-01,6.588722467422485352e-01,6.588500738143920898e-01,6.588279008865356445e-01,6.588057279586791992e-01,6.587835550308227539e-01,6.587613224983215332e-01,6.587392091751098633e-01,6.587170362472534180e-01,6.586948633193969727e-01,6.586726903915405273e-01,6.586505174636840820e-01,6.586283445358276367e-01,6.586061716079711914e-01,6.585839986801147461e-01,6.585618853569030762e-01,6.585397124290466309e-01,6.585174798965454102e-01,6.584953665733337402e-01,6.584731936454772949e-01,6.584510207176208496e-01,6.584289073944091797e-01,6.584067344665527344e-01,6.583845615386962891e-01,6.583624482154846191e-01,6.583402752876281738e-01,6.583181619644165039e-01,6.582959890365600586e-01,6.582738757133483887e-01,6.582517623901367188e-01,6.582295894622802734e-01,6.582074165344238281e-01,6.581853032112121582e-01
6.349841952323913574e-01,6.349635720252990723e-01,6.349429488182067871e-01,6.349223852157592773e-01,6.349017620086669922e-01,6.348811984062194824e-01,6.348605751991271973e-01,6.348400115966796875e-01,6.348194479942321777e-01,6.347988247871398926e-01,6.347782015800476074e-01,6.347576379776000977e-01,6.347370147705078125e-01,6.347164511680603027e-01,6.346958875656127930e-01,6.346752643585205078e-01,6.346547007560729980e-01,6.346341371536254883e-01,6.346135139465332031e-01,6.345930099487304688e-01,6.345723867416381836e-01,6.345518231391906738e-01,6.345312595367431641e-01,6.345106959342956543e-01,6.344900727272033691e-01,6.344695687294006348e-01,6.344489455223083496e-01,6.344283819198608398e-01,6.344078183174133301e-01,6.343872547149658203e-01,6.343666911125183105e-01,6.343461275100708008e-01,6.343255639076232910e-01,6.343050003051757812e-01,6.342844367027282715e-01,6.342638731002807617e-01,6.342433691024780273e-01,6.342228055000305176e-01,6.342022418975830078e-01,6.341816782951354980e-01,6.341611146926879883e-01,6.341405510902404785e-01,6.341200470924377441e-01,6.340994834899902344e-01,6.340789198875427246e-01,6.340584158897399902e-01,6.340378522872924805e-01,6.340172886848449707e-01,6.339967846870422363e-01,6.339762210845947266e-01,6.339557170867919922e-01,6.339351534843444824e-01,6.339146494865417480e-01,6.338941454887390137e-01,6.338735818862915039e-01,6.338530182838439941e-01,6.338325142860412598e-01,6.338120102882385254e-01,6.337914466857910156e-01,6.337709426879882812e-01,6.337503790855407715e-01,6.337298750877380371e-01,6.337093710899353027e-01,6.336888670921325684e-01,6.336683034896850586e-01,6.336477994918823242e-01,6.336272954940795898e-01,6.336067914962768555e-01,6.335862874984741211e-01,6.335657238960266113e-01,6.335452795028686523e-01,6.335247159004211426e-01,6.335042119026184082e-01,6.334837079048156738e-01,6.334632039070129395e-01,6.334426999092102051e-01,6.334221959114074707e-01,6.334016919136047363e-01,6.333811879158020020e-01,6.333606839179992676e-01
6.118481755256652832e-01,6.118289828300476074e-01,6.118099093437194824e-01,6.117907762527465820e-01,6.117716431617736816e-01,6.117525100708007812e-01,6.117333769798278809e-01,6.117142438888549805e-01,6.116951704025268555e-01,6.116760373115539551e-01,6.116569042205810547e-01,6.116378307342529297e-01,6.116186976432800293e-01,6.115995645523071289e-01,6.115804314613342285e-01,6.115613579750061035e-01,6.115422248840332031e-01,6.115231513977050781e-01,6.115040183067321777e-01,6.114849448204040527e-01,6.114658117294311523e-01,6.114466786384582520e-01,6.114276051521301270e-01,6.114084720611572266e-01,6.113893985748291016e-01,6.113703250885009766e-01,6.113511919975280762e-01,6.113320589065551758e-01,6.113129854202270508e-01,6.112939119338989258e-01,6.112748384475708008e-01,6.112557053565979004e-01,6.112366318702697754e-01,6.112175583839416504e-01,6.111984252929687500e-01,6.111793518066406250e-01,6.111602783203125000e-01,6.111412048339843750e-01,6.111220717430114746e-01,6.111029982566833496e-01,6.110839247703552246e-01,6.110648512840270996e-01,6.110457777976989746e-01,6.110267043113708496e-01,6.110076308250427246e-01,6.109885573387145996e-01,6.109694838523864746e-01,6.109504103660583496e-01,6.109313368797302246e-01,6.109122037887573242e-01,6.108931899070739746e-01,6.108741164207458496e-01,6.108550429344177246e-01,6.108359694480895996e-01,6.108168959617614746e-01,6.107978224754333496e-01,6.107788085937500000e-01,6.107597351074218750e-01,6.107406616210937500e-01,6.107215881347656250e-01,6.107025146484375000e-01,6.106835007667541504e-01,6.106644272804260254e-01,6.106453537940979004e-01,6.106263399124145508e-01,6.106072664260864258e-01,6.105881929397583008e-01,6.105691790580749512e-01,6.105501055717468262e-01,6.105310320854187012e-01,6.105120182037353516e-01,6.104929447174072266e-01,6.104739308357238770e-01,6.104549169540405273e-01,6.104358434677124023e-01,6.104168295860290527e-01,6.103977560997009277e-01,6.103787422180175781e-01,6.103597283363342285e-01,6.103406548500061035e-01
5.903387665748596191e-01,5.903209447860717773e-01,5.903031229972839355e-01,5.902853012084960938e-01,5.902675390243530273e-01,5.902497172355651855e-01,5.902318954467773438e-01,5.902141332626342773e-01,5.901963114738464355e-01,5.901784896850585938e-01,5.901607275009155273e-01,5.901429057121276855e-01,5.901251435279846191e-01,5.901073813438415527e-01,5.900895595550537109e-01,5.900717377662658691e-01,5.900539755821228027e-01,5.900361537933349609e-01,5.900183916091918945e-01,5.900006294250488281e-01,5.899828076362609863e-01,5.899649858474731445e-01,5.899472236633300781e-01,5.899294614791870117e-01,5.899116992950439453e-01,5.898938775062561035e-01,5.898761153221130371e-01,5.898583531379699707e-01,5.898405909538269043e-01,5.898227691650390625e-01,5.898050069808959961e-01,5.897872447967529297e-01,5.897694826126098633e-01,5.897517204284667969e-01,5.897338986396789551e-01,5.897161364555358887e-01,5.896983742713928223e-01,5.896806120872497559e-01,5.896628499031066895e-01,5.896450877189636230e-01,5.896273255348205566e-01,5.896095633506774902e-01,5.895918011665344238e-01,5.895740389823913574e-01,5.895562767982482910e-01,5.895385146141052246e-01,5.895207524299621582e-01,5.895029902458190918e-01,5.894852280616760254e-01,5.894674658775329590e-01,5.894497632980346680e-01,5.894319415092468262e-01,5.894141793251037598e-01,5.893964767456054688e-01,5.893787145614624023e-01,5.893610119819641113e-01,5.893432497978210449e-01,5.893254876136779785e-01,5.893077254295349121e-01,5.892899632453918457e-01,5.892722010612487793e-01,5.892544984817504883e-01,5.892367362976074219e-01,5.892189741134643555e-01,5.892012715339660645e-01,5.891835093498229980e-01,5.891657471656799316e-01,5.891480445861816406e-01,5.891303420066833496e-01,5.891125798225402832e-01,5.890948772430419922e-01,5.890771150588989258e-01,5.890594124794006348e-01,5.890416502952575684e-01,5.890239477157592773e-01,5.890062451362609863e-01,5.889884829521179199e-01,5.889707207679748535e-01,5.889530181884765625e-01,5.889353156089782715e-01
5.702903270721435547e-01,5.702737569808959961e-01,5.702571272850036621e-01,5.702404975891113281e-01,5.702238678932189941e-01,5.702072381973266602e-01,5.701906085014343262e-01,5.701740384101867676e-01,5.701574087142944336e-01,5.701407790184020996e-01,5.701242089271545410e-01,5.701075792312622070e-01,5.700909495353698730e-01,5.700743794441223145e-01,5.700577497482299805e-01,5.700411200523376465e-01,5.700245499610900879e-01,5.700079202651977539e-01,5.699913501739501953e-01,5.699747800827026367e-01,5.699581503868103027e-01,5.699415802955627441e-01,5.699249505996704102e-01,5.699083209037780762e-01,5.698917508125305176e-01,5.698751807212829590e-01,5.698585510253906250e-01,5.698419809341430664e-01,5.698254108428955078e-01,5.698087811470031738e-01,5.697922110557556152e-01,5.697755813598632812e-01,5.697590708732604980e-01,5.697424411773681641e-01,5.697258710861206055e-01,5.697093009948730469e-01,5.696926712989807129e-01,5.696761012077331543e-01,5.696595311164855957e-01,5.696429610252380371e-01,5.696263313293457031e-01,5.696097612380981445e-01,5.695931911468505859e-01,5.695766210556030273e-01,5.695600509643554688e-01,5.695434808731079102e-01,5.695268511772155762e-01,5.695103406906127930e-01,5.694937109947204590e-01,5.694772005081176758e-01,5.694606304168701172e-01,5.694440007209777832e-01,5.694274902343750000e-01,5.694108605384826660e-01,5.693942904472351074e-01,5.693777799606323242e-01,5.693612098693847656e-01,5.693445801734924316e-01,5.693280696868896484e-01,5.693114995956420898e-01,5.692949295043945312e-01,5.692783594131469727e-01,5.692617893218994141e-01,5.692452788352966309e-01,5.692287087440490723e-01,5.692121386528015137e-01,5.691956281661987305e-01,5.691790580749511719e-01,5.691624879837036133e-01,5.691459178924560547e-01,5.691293478012084961e-01,5.691128373146057129e-01,5.690962672233581543e-01,5.690796971321105957e-01,5.690631866455078125e-01,5.690466165542602539e-01,5.690301060676574707e-01,5.690135359764099121e-01,5.689970254898071289e-01,5.689804553985595703e-01
