3.782618045806884766e+00,3.742196559906005859e+00,3.702629566192626953e+00,3.663890600204467773e+00,3.625954151153564453e+00,3.588794708251953125e+00,3.552389860153198242e+00,3.516715526580810547e+00,3.481750965118408203e+00,3.447474718093872070e+00,3.413866519927978516e+00,3.380907773971557617e+00,3.348578691482543945e+00,3.316862583160400391e+00,3.285741567611694336e+00,3.255198955535888672e+00,3.225219011306762695e+00,3.195785999298095703e+00,3.166885614395141602e+00,3.138503074645996094e+00,3.110625028610229492e+00,3.083237886428833008e+00,3.056328296661376953e+00,3.029884815216064453e+00,3.003894805908203125e+00,2.978347063064575195e+00,2.953230142593383789e+00,2.928533077239990234e+00,2.904246091842651367e+00,2.880358219146728516e+00,2.856860399246215820e+00,2.833742618560791016e+00,2.810996055603027344e+00,2.788611888885498047e+00,2.766581058502197266e+00,2.744895935058593750e+00,2.723548173904418945e+00,2.702529668807983398e+00,2.681833028793334961e+00,2.661451101303100586e+00,2.641376733779907227e+00,2.621603012084960938e+00,2.602122783660888672e+00,2.582930326461791992e+00,2.564018487930297852e+00,2.545382022857666016e+00,2.527014255523681641e+00,2.508909702301025391e+00,2.491062641143798828e+00,2.473467826843261719e+00,2.456119775772094727e+00,2.439013242721557617e+00,2.422143697738647461e+00,2.405505657196044922e+00,2.389094591140747070e+00,2.372906208038330078e+00,2.356935501098632812e+00,2.341178417205810547e+00,2.325630664825439453e+00,2.310287714004516602e+00,2.295146226882934570e+00,2.280201673507690430e+00,2.265450716018676758e+00,2.250889539718627930e+00,2.236513853073120117e+00,2.222321033477783203e+00,2.208307027816772461e+00,2.194468736648559570e+00,2.180802822113037109e+00,2.167305946350097656e+00,2.153975248336791992e+00,2.140807390213012695e+00,2.127799510955810547e+00,2.114948987960815430e+00,2.102252721786499023e+00,2.089707851409912109e+00,2.077311992645263672e+00,2.065062046051025391e+00,2.052956104278564453e+00,2.040990829467773438e+00
3.782618522644042969e+00,3.742197036743164062e+00,3.702629804611206055e+00,3.663891077041625977e+00,3.625954627990722656e+00,3.588795185089111328e+00,3.552390098571777344e+00,3.516715764999389648e+00,3.481751203536987305e+00,3.447475194931030273e+00,3.413866996765136719e+00,3.380908012390136719e+00,3.348579168319702148e+00,3.316863059997558594e+00,3.285741806030273438e+00,3.255199193954467773e+00,3.225219249725341797e+00,3.195786476135253906e+00,3.166885852813720703e+00,3.138503789901733398e+00,3.110625267028808594e+00,3.083238124847412109e+00,3.056328773498535156e+00,3.029885053634643555e+00,3.003895044326782227e+00,2.978347301483154297e+00,2.953230381011962891e+00,2.928533315658569336e+00,2.904246330261230469e+00,2.880358457565307617e+00,2.856860637664794922e+00,2.833742856979370117e+00,2.810996294021606445e+00,2.788612127304077148e+00,2.766581296920776367e+00,2.744896173477172852e+00,2.723548412322998047e+00,2.702529907226562500e+00,2.681833267211914062e+00,2.661451339721679688e+00,2.641376972198486328e+00,2.621603250503540039e+00,2.602123022079467773e+00,2.582930564880371094e+00,2.564018726348876953e+00,2.545382022857666016e+00,2.527014493942260742e+00,2.508909940719604492e+00,2.491062879562377930e+00,2.473467826843261719e+00,2.456120014190673828e+00,2.439013719558715820e+00,2.422143936157226562e+00,2.405505895614624023e+00,2.389094829559326172e+00,2.372906208038330078e+00,2.356935501098632812e+00,2.341178417205810547e+00,2.325630664825439453e+00,2.310287952423095703e+00,2.295146465301513672e+00,2.280201911926269531e+00,2.265450954437255859e+00,2.250889539718627930e+00,2.236514091491699219e+00,2.222321271896362305e+00,2.208307027816772461e+00,2.194468736648559570e+00,2.180803060531616211e+00,2.167306184768676758e+00,2.153975248336791992e+00,2.140807390213012695e+00,2.127799987792968750e+00,2.114949226379394531e+00,2.102252960205078125e+00,2.089708089828491211e+00,2.077311992645263672e+00,2.065062284469604492e+00,2.052956104278564453e+00,2.040991067886352539e+00
3.782618761062622070e+00,3.742197275161743164e+00,3.702630281448364258e+00,3.663891553878784180e+00,3.625955104827880859e+00,3.588795661926269531e+00,3.552390575408935547e+00,3.516716241836547852e+00,3.481751680374145508e+00,3.447475433349609375e+00,3.413867235183715820e+00,3.380908489227294922e+00,3.348579406738281250e+00,3.316863298416137695e+00,3.285742282867431641e+00,3.255199670791625977e+00,3.225219726562500000e+00,3.195786714553833008e+00,3.166886329650878906e+00,3.138504028320312500e+00,3.110625505447387695e+00,3.083238363265991211e+00,3.056329011917114258e+00,3.029885292053222656e+00,3.003895521163940430e+00,2.978347539901733398e+00,2.953230619430541992e+00,2.928533554077148438e+00,2.904246568679809570e+00,2.880358695983886719e+00,2.856860876083374023e+00,2.833743095397949219e+00,2.810996532440185547e+00,2.788612365722656250e+00,2.766581535339355469e+00,2.744896411895751953e+00,2.723548650741577148e+00,2.702529907226562500e+00,2.681833505630493164e+00,2.661451578140258789e+00,2.641377210617065430e+00,2.621603488922119141e+00,2.602123260498046875e+00,2.582930803298950195e+00,2.564018964767456055e+00,2.545382261276245117e+00,2.527014732360839844e+00,2.508909940719604492e+00,2.491063117980957031e+00,2.473468065261840820e+00,2.456120252609252930e+00,2.439013719558715820e+00,2.422143936157226562e+00,2.405506134033203125e+00,2.389095067977905273e+00,2.372906446456909180e+00,2.356935977935791016e+00,2.341178655624389648e+00,2.325630903244018555e+00,2.310287952423095703e+00,2.295146465301513672e+00,2.280202150344848633e+00,2.265451192855834961e+00,2.250889778137207031e+00,2.236514329910278320e+00,2.222321271896362305e+00,2.208307266235351562e+00,2.194468975067138672e+00,2.180803060531616211e+00,2.167306423187255859e+00,2.153975725173950195e+00,2.140807867050170898e+00,2.127799987792968750e+00,2.114949464797973633e+00,2.102252960205078125e+00,2.089708089828491211e+00,2.077312231063842773e+00,2.065062284469604492e+00,2.052956342697143555e+00,2.040991067886352539e+00
3.782619237899780273e+00,3.742197751998901367e+00,3.702630758285522461e+00,3.663891792297363281e+00,3.625955343246459961e+00,3.588795900344848633e+00,3.552390813827514648e+00,3.516716480255126953e+00,3.481751918792724609e+00,3.447475910186767578e+00,3.413867712020874023e+00,3.380908727645874023e+00,3.348579883575439453e+00,3.316863536834716797e+00,3.285742521286010742e+00,3.255199909210205078e+00,3.225219964981079102e+00,3.195786952972412109e+00,3.166886568069458008e+00,3.138504266738891602e+00,3.110625743865966797e+00,3.083238601684570312e+00,3.056329250335693359e+00,3.029885768890380859e+00,3.003895759582519531e+00,2.978347778320312500e+00,2.953230857849121094e+00,2.928533792495727539e+00,2.904246807098388672e+00,2.880359172821044922e+00,2.856861114501953125e+00,2.833743333816528320e+00,2.810996770858764648e+00,2.788612604141235352e+00,2.766581773757934570e+00,2.744896650314331055e+00,2.723548889160156250e+00,2.702530145645141602e+00,2.681833744049072266e+00,2.661451816558837891e+00,2.641377449035644531e+00,2.621603727340698242e+00,2.602123498916625977e+00,2.582930803298950195e+00,2.564018964767456055e+00,2.545382499694824219e+00,2.527014732360839844e+00,2.508910179138183594e+00,2.491063356399536133e+00,2.473468303680419922e+00,2.456120252609252930e+00,2.439013957977294922e+00,2.422144174575805664e+00,2.405506134033203125e+00,2.389095067977905273e+00,2.372906684875488281e+00,2.356935977935791016e+00,2.341178894042968750e+00,2.325631141662597656e+00,2.310288190841674805e+00,2.295146703720092773e+00,2.280202388763427734e+00,2.265451192855834961e+00,2.250890016555786133e+00,2.236514329910278320e+00,2.222321510314941406e+00,2.208307743072509766e+00,2.194469213485717773e+00,2.180803537368774414e+00,2.167306661605834961e+00,2.153975725173950195e+00,2.140807867050170898e+00,2.127800226211547852e+00,2.114949703216552734e+00,2.102253198623657227e+00,2.089708328247070312e+00,2.077312231063842773e+00,2.065062522888183594e+00,2.052956342697143555e+00,2.040991306304931641e+00
3.782619714736938477e+00,3.742198228836059570e+00,3.702631473541259766e+00,3.663892269134521484e+00,3.625955820083618164e+00,3.588796377182006836e+00,3.552391290664672852e+00,3.516716957092285156e+00,3.481752395629882812e+00,3.447476148605346680e+00,3.413867950439453125e+00,3.380909204483032227e+00,3.348580121994018555e+00,3.316864013671875000e+00,3.285742759704589844e+00,3.255200147628784180e+00,3.225220203399658203e+00,3.195787191390991211e+00,3.166886806488037109e+00,3.138504505157470703e+00,3.110626220703125000e+00,3.083239078521728516e+00,3.056329488754272461e+00,3.029886007308959961e+00,3.003895998001098633e+00,2.978348016738891602e+00,2.953231096267700195e+00,2.928534030914306641e+00,2.904247045516967773e+00,2.880359411239624023e+00,2.856861352920532227e+00,2.833743572235107422e+00,2.810997009277343750e+00,2.788612604141235352e+00,2.766582250595092773e+00,2.744896888732910156e+00,2.723549127578735352e+00,2.702530384063720703e+00,2.681833982467651367e+00,2.661451816558837891e+00,2.641377687454223633e+00,2.621603727340698242e+00,2.602123737335205078e+00,2.582931041717529297e+00,2.564019203186035156e+00,2.545382738113403320e+00,2.527014970779418945e+00,2.508910417556762695e+00,2.491063356399536133e+00,2.473468542098999023e+00,2.456120491027832031e+00,2.439014196395874023e+00,2.422144412994384766e+00,2.405506372451782227e+00,2.389095306396484375e+00,2.372906923294067383e+00,2.356936216354370117e+00,2.341178894042968750e+00,2.325631141662597656e+00,2.310288429260253906e+00,2.295146942138671875e+00,2.280202627182006836e+00,2.265451431274414062e+00,2.250890254974365234e+00,2.236514806747436523e+00,2.222321748733520508e+00,2.208307981491088867e+00,2.194469451904296875e+00,2.180803537368774414e+00,2.167306661605834961e+00,2.153975963592529297e+00,2.140808105468750000e+00,2.127800464630126953e+00,2.114949703216552734e+00,2.102253198623657227e+00,2.089708566665649414e+00,2.077312469482421875e+00,2.065062761306762695e+00,2.052956581115722656e+00,2.040991306304931641e+00
3.782620191574096680e+00,3.742198705673217773e+00,3.702631950378417969e+00,3.663892745971679688e+00,3.625956296920776367e+00,3.588796615600585938e+00,3.552391529083251953e+00,3.516717672348022461e+00,3.481752634048461914e+00,3.447476625442504883e+00,3.413868427276611328e+00,3.380909442901611328e+00,3.348580360412597656e+00,3.316864252090454102e+00,3.285743236541748047e+00,3.255200624465942383e+00,3.225220441818237305e+00,3.195787668228149414e+00,3.166887044906616211e+00,3.138504981994628906e+00,3.110626459121704102e+00,3.083239316940307617e+00,3.056329727172851562e+00,3.029886245727539062e+00,3.003896474838256836e+00,2.978348255157470703e+00,2.953231334686279297e+00,2.928534269332885742e+00,2.904247283935546875e+00,2.880359649658203125e+00,2.856861591339111328e+00,2.833743810653686523e+00,2.810997247695922852e+00,2.788612842559814453e+00,2.766582489013671875e+00,2.744897127151489258e+00,2.723549365997314453e+00,2.702530622482299805e+00,2.681834220886230469e+00,2.661452293395996094e+00,2.641377925872802734e+00,2.621603965759277344e+00,2.602123737335205078e+00,2.582931280136108398e+00,2.564019441604614258e+00,2.545382976531982422e+00,2.527015209197998047e+00,2.508910655975341797e+00,2.491063594818115234e+00,2.473468542098999023e+00,2.456120729446411133e+00,2.439014434814453125e+00,2.422144651412963867e+00,2.405506610870361328e+00,2.389095544815063477e+00,2.372906923294067383e+00,2.356936454772949219e+00,2.341179132461547852e+00,2.325631380081176758e+00,2.310288429260253906e+00,2.295146942138671875e+00,2.280202865600585938e+00,2.265451908111572266e+00,2.250890493392944336e+00,2.236515045166015625e+00,2.222321987152099609e+00,2.208307981491088867e+00,2.194469690322875977e+00,2.180803775787353516e+00,2.167306900024414062e+00,2.153976202011108398e+00,2.140808343887329102e+00,2.127800464630126953e+00,2.114949941635131836e+00,2.102253437042236328e+00,2.089708566665649414e+00,2.077312469482421875e+00,2.065062761306762695e+00,2.052956581115722656e+00,2.040991544723510742e+00
3.782620668411254883e+00,3.742198944091796875e+00,3.702632427215576172e+00,3.663892984390258789e+00,3.625956535339355469e+00,3.588797092437744141e+00,3.552392005920410156e+00,3.516718149185180664e+00,3.481753110885620117e+00,3.447476863861083984e+00,3.413868665695190430e+00,3.380909681320190430e+00,3.348581075668334961e+00,3.316864728927612305e+00,3.285743474960327148e+00,3.255200862884521484e+00,3.225220918655395508e+00,3.195787906646728516e+00,3.166887521743774414e+00,3.138505220413208008e+00,3.110626697540283203e+00,3.083239555358886719e+00,3.056329965591430664e+00,3.029886484146118164e+00,3.003896713256835938e+00,2.978348493576049805e+00,2.953231573104858398e+00,2.928534746170043945e+00,2.904247522354125977e+00,2.880359888076782227e+00,2.856861829757690430e+00,2.833744049072265625e+00,2.810997486114501953e+00,2.788613080978393555e+00,2.766582727432250977e+00,2.744897365570068359e+00,2.723549604415893555e+00,2.702530860900878906e+00,2.681834459304809570e+00,2.661452531814575195e+00,2.641377925872802734e+00,2.621604204177856445e+00,2.602123975753784180e+00,2.582931518554687500e+00,2.564019918441772461e+00,2.545382976531982422e+00,2.527015447616577148e+00,2.508910894393920898e+00,2.491063833236694336e+00,2.473468780517578125e+00,2.456120967864990234e+00,2.439014434814453125e+00,2.422144651412963867e+00,2.405506610870361328e+00,2.389095544815063477e+00,2.372907161712646484e+00,2.356936693191528320e+00,2.341179370880126953e+00,2.325631856918334961e+00,2.310288906097412109e+00,2.295147418975830078e+00,2.280203104019165039e+00,2.265451908111572266e+00,2.250890493392944336e+00,2.236515045166015625e+00,2.222322225570678711e+00,2.208308219909667969e+00,2.194469690322875977e+00,2.180804014205932617e+00,2.167306900024414062e+00,2.153976202011108398e+00,2.140808582305908203e+00,2.127800703048706055e+00,2.114949941635131836e+00,2.102253675460815430e+00,2.089708805084228516e+00,2.077312707901000977e+00,2.065062999725341797e+00,2.052956819534301758e+00,2.040991544723510742e+00
3.782620906829833984e+00,3.742199420928955078e+00,3.702632665634155273e+00,3.663893461227416992e+00,3.625957012176513672e+00,3.588797569274902344e+00,3.552392482757568359e+00,3.516718387603759766e+00,3.481753349304199219e+00,3.447477340698242188e+00,3.413869142532348633e+00,3.380910158157348633e+00,3.348581552505493164e+00,3.316864967346191406e+00,3.285743713378906250e+00,3.255201101303100586e+00,3.225221157073974609e+00,3.195788621902465820e+00,3.166887760162353516e+00,3.138505458831787109e+00,3.110626935958862305e+00,3.083239793777465820e+00,3.056330442428588867e+00,3.029886722564697266e+00,3.003896951675415039e+00,2.978348731994628906e+00,2.953232049942016602e+00,2.928534984588623047e+00,2.904247760772705078e+00,2.880360126495361328e+00,2.856862068176269531e+00,2.833744287490844727e+00,2.810997724533081055e+00,2.788613319396972656e+00,2.766582965850830078e+00,2.744897603988647461e+00,2.723549604415893555e+00,2.702531099319458008e+00,2.681834697723388672e+00,2.661452770233154297e+00,2.641378164291381836e+00,2.621604442596435547e+00,2.602124214172363281e+00,2.582931756973266602e+00,2.564020156860351562e+00,2.545383214950561523e+00,2.527015686035156250e+00,2.508910894393920898e+00,2.491064071655273438e+00,2.473469257354736328e+00,2.456120967864990234e+00,2.439014673233032227e+00,2.422144889831542969e+00,2.405506849288940430e+00,2.389095783233642578e+00,2.372907638549804688e+00,2.356936931610107422e+00,2.341179609298706055e+00,2.325631856918334961e+00,2.310289144515991211e+00,2.295147657394409180e+00,2.280203104019165039e+00,2.265452146530151367e+00,2.250890731811523438e+00,2.236515283584594727e+00,2.222322463989257812e+00,2.208308458328247070e+00,2.194469928741455078e+00,2.180804014205932617e+00,2.167307376861572266e+00,2.153976440429687500e+00,2.140808820724487305e+00,2.127800941467285156e+00,2.114950180053710938e+00,2.102253913879394531e+00,2.089709043502807617e+00,2.077313423156738281e+00,2.065063476562500000e+00,2.052957296371459961e+00,2.040992259979248047e+00
3.782621383666992188e+00,3.742199897766113281e+00,3.702633142471313477e+00,3.663893938064575195e+00,3.625957489013671875e+00,3.588797807693481445e+00,3.552392721176147461e+00,3.516718864440917969e+00,3.481753826141357422e+00,3.447477579116821289e+00,3.413869380950927734e+00,3.380910396575927734e+00,3.348581790924072266e+00,3.316865205764770508e+00,3.285744190216064453e+00,3.255201578140258789e+00,3.225221395492553711e+00,3.195788860321044922e+00,3.166887998580932617e+00,3.138505697250366211e+00,3.110627174377441406e+00,3.083240032196044922e+00,3.056330919265747070e+00,3.029886960983276367e+00,3.003897190093994141e+00,2.978349208831787109e+00,2.953232288360595703e+00,2.928535223007202148e+00,2.904247999191284180e+00,2.880360364913940430e+00,2.856862306594848633e+00,2.833744525909423828e+00,2.810997962951660156e+00,2.788613557815551758e+00,2.766583204269409180e+00,2.744897842407226562e+00,2.723549842834472656e+00,2.702531337738037109e+00,2.681835174560546875e+00,2.661453247070312500e+00,2.641378879547119141e+00,2.621604919433593750e+00,2.602124929428100586e+00,2.582932233810424805e+00,2.564020633697509766e+00,2.545383930206298828e+00,2.527016162872314453e+00,2.508911609649658203e+00,2.491064786911010742e+00,2.473469972610473633e+00,2.456121921539306641e+00,2.439015388488769531e+00,2.422145843505859375e+00,2.405507802963256836e+00,2.389096736907958984e+00,2.372908353805541992e+00,2.356937646865844727e+00,2.341180324554443359e+00,2.325632572174072266e+00,2.310289859771728516e+00,2.295148372650146484e+00,2.280203819274902344e+00,2.265452861785888672e+00,2.250891685485839844e+00,2.236516237258911133e+00,2.222323179244995117e+00,2.208309173583984375e+00,2.194470882415771484e+00,2.180804967880249023e+00,2.167308092117309570e+00,2.153977394104003906e+00,2.140809535980224609e+00,2.127801656723022461e+00,2.114951133728027344e+00,2.102254867553710938e+00,2.089709997177124023e+00,2.077314138412475586e+00,2.065064430236816406e+00,2.052958250045776367e+00,2.040992975234985352e+00
3.782621860504150391e+00,3.742200374603271484e+00,3.702633619308471680e+00,3.663894176483154297e+00,3.625957727432250977e+00,3.588798284530639648e+00,3.552393198013305664e+00,3.516719102859497070e+00,3.481754064559936523e+00,3.447478055953979492e+00,3.413869857788085938e+00,3.380910873413085938e+00,3.348582029342651367e+00,3.316865682601928711e+00,3.285744428634643555e+00,3.255202054977416992e+00,3.225222110748291016e+00,3.195789337158203125e+00,3.166888952255249023e+00,3.138506650924682617e+00,3.110628128051757812e+00,3.083240985870361328e+00,3.056331634521484375e+00,3.029888153076171875e+00,3.003898382186889648e+00,2.978350162506103516e+00,2.953233242034912109e+00,2.928536415100097656e+00,2.904249191284179688e+00,2.880361557006835938e+00,2.856863498687744141e+00,2.833745718002319336e+00,2.810999393463134766e+00,2.788614988327026367e+00,2.766584634780883789e+00,2.744899034500122070e+00,2.723551273345947266e+00,2.702532768249511719e+00,2.681836366653442383e+00,2.661454439163208008e+00,2.641379833221435547e+00,2.621606111526489258e+00,2.602126121520996094e+00,2.582933425903320312e+00,2.564021825790405273e+00,2.545385122299194336e+00,2.527017354965209961e+00,2.508912801742553711e+00,2.491065740585327148e+00,2.473470926284790039e+00,2.456122875213623047e+00,2.439016580581665039e+00,2.422146797180175781e+00,2.405508756637573242e+00,2.389097690582275391e+00,2.372909069061279297e+00,2.356938600540161133e+00,2.341181516647338867e+00,2.325633525848388672e+00,2.310290813446044922e+00,2.295149326324462891e+00,2.280204772949218750e+00,2.265453815460205078e+00,2.250892400741577148e+00,2.236516952514648438e+00,2.222323894500732422e+00,2.208309888839721680e+00,2.194471597671508789e+00,2.180805921554565430e+00,2.167308807373046875e+00,2.153978109359741211e+00,2.140810251235961914e+00,2.127802610397338867e+00,2.114951848983764648e+00,2.102255344390869141e+00,2.089710474014282227e+00,2.077314853668212891e+00,2.065065145492553711e+00,2.052958965301513672e+00,2.040993690490722656e+00
3.782623529434204102e+00,3.742202043533325195e+00,3.702635288238525391e+00,3.663896322250366211e+00,3.625959396362304688e+00,3.588800191879272461e+00,3.552395105361938477e+00,3.516721010208129883e+00,3.481756210327148438e+00,3.447479724884033203e+00,3.413871765136718750e+00,3.380912780761718750e+00,3.348584175109863281e+00,3.316867828369140625e+00,3.285746335983276367e+00,3.255203962326049805e+00,3.225224018096923828e+00,3.195791244506835938e+00,3.166890382766723633e+00,3.138508081436157227e+00,3.110629796981811523e+00,3.083242654800415039e+00,3.056333303451538086e+00,3.029889583587646484e+00,3.003899574279785156e+00,2.978351831436157227e+00,2.953234910964965820e+00,2.928537845611572266e+00,2.904250621795654297e+00,2.880362749099731445e+00,2.856864929199218750e+00,2.833747148513793945e+00,2.811000823974609375e+00,2.788616180419921875e+00,2.766585826873779297e+00,2.744900465011596680e+00,2.723552465438842773e+00,2.702534198760986328e+00,2.681837320327758789e+00,2.661455631256103516e+00,2.641381263732910156e+00,2.621607303619384766e+00,2.602127313613891602e+00,2.582934379577636719e+00,2.564022779464721680e+00,2.545386075973510742e+00,2.527018547058105469e+00,2.508913993835449219e+00,2.491066694259643555e+00,2.473471879959106445e+00,2.456123828887939453e+00,2.439017534255981445e+00,2.422147989273071289e+00,2.405509710311889648e+00,2.389098644256591797e+00,2.372910261154174805e+00,2.356939554214477539e+00,2.341182470321655273e+00,2.325634479522705078e+00,2.310291767120361328e+00,2.295150041580200195e+00,2.280205726623535156e+00,2.265454769134521484e+00,2.250893354415893555e+00,2.236517906188964844e+00,2.222324848175048828e+00,2.208310842514038086e+00,2.194472551345825195e+00,2.180806636810302734e+00,2.167309761047363281e+00,2.153978824615478516e+00,2.140811204910278320e+00,2.127803325653076172e+00,2.114952564239501953e+00,2.102256298065185547e+00,2.089711427688598633e+00,2.077315568923950195e+00,2.065065860748291016e+00,2.052959442138671875e+00,2.040994405746459961e+00
3.782626152038574219e+00,3.742204427719116211e+00,3.702637195587158203e+00,3.663898229598999023e+00,3.625961780548095703e+00,3.588802337646484375e+00,3.552397251129150391e+00,3.516722917556762695e+00,3.481758117675781250e+00,3.447481870651245117e+00,3.413873910903930664e+00,3.380914926528930664e+00,3.348585844039916992e+00,3.316869497299194336e+00,3.285748243331909180e+00,3.255205869674682617e+00,3.225225925445556641e+00,3.195792675018310547e+00,3.166892290115356445e+00,3.138509988784790039e+00,3.110631704330444336e+00,3.083244323730468750e+00,3.056334733963012695e+00,3.029891252517700195e+00,3.003901243209838867e+00,2.978353261947631836e+00,2.953236341476440430e+00,2.928539276123046875e+00,2.904252052307128906e+00,2.880364179611206055e+00,2.856866359710693359e+00,2.833748579025268555e+00,2.811001777648925781e+00,2.788617610931396484e+00,2.766587018966674805e+00,2.744901895523071289e+00,2.723553895950317383e+00,2.702535152435302734e+00,2.681838750839233398e+00,2.661456823348999023e+00,2.641382455825805664e+00,2.621608495712280273e+00,2.602128267288208008e+00,2.582935571670532227e+00,2.564023971557617188e+00,2.545387268066406250e+00,2.527019500732421875e+00,2.508914947509765625e+00,2.491067886352539062e+00,2.473473072052001953e+00,2.456125020980834961e+00,2.439018487930297852e+00,2.422148704528808594e+00,2.405510663986206055e+00,2.389099836349487305e+00,2.372911214828491211e+00,2.356940507888793945e+00,2.341183185577392578e+00,2.325635433197021484e+00,2.310292720794677734e+00,2.295150995254516602e+00,2.280206441879272461e+00,2.265455484390258789e+00,2.250894069671630859e+00,2.236518621444702148e+00,2.222325801849365234e+00,2.208311557769775391e+00,2.194473266601562500e+00,2.180807352066040039e+00,2.167310476303100586e+00,2.153979778289794922e+00,2.140811920166015625e+00,2.127804040908813477e+00,2.114953279495239258e+00,2.102257013320922852e+00,2.089712142944335938e+00,2.077316284179687500e+00,2.065066576004028320e+00,2.052960395812988281e+00,2.040995121002197266e+00
3.782628774642944336e+00,3.742206573486328125e+00,3.702639818191528320e+00,3.663900613784790039e+00,3.625963926315307617e+00,3.588804721832275391e+00,3.552399158477783203e+00,3.516725063323974609e+00,3.481760263442993164e+00,3.447484016418457031e+00,3.413876056671142578e+00,3.380916595458984375e+00,3.348587751388549805e+00,3.316871404647827148e+00,3.285750150680541992e+00,3.255207538604736328e+00,3.225227355957031250e+00,3.195794582366943359e+00,3.166893959045410156e+00,3.138511657714843750e+00,3.110633134841918945e+00,3.083245754241943359e+00,3.056336402893066406e+00,3.029892683029174805e+00,3.003902912139892578e+00,2.978354692459106445e+00,2.953237771987915039e+00,2.928540706634521484e+00,2.904253482818603516e+00,2.880365848541259766e+00,2.856867551803588867e+00,2.833749771118164062e+00,2.811003208160400391e+00,2.788619041442871094e+00,2.766588449478149414e+00,2.744902849197387695e+00,2.723555088043212891e+00,2.702536582946777344e+00,2.681839942932128906e+00,2.661458015441894531e+00,2.641383409500122070e+00,2.621609449386596680e+00,2.602129459381103516e+00,2.582936763763427734e+00,2.564025163650512695e+00,2.545388221740722656e+00,2.527020454406738281e+00,2.508916139602661133e+00,2.491069078445434570e+00,2.473474025726318359e+00,2.456125974655151367e+00,2.439019441604614258e+00,2.422149896621704102e+00,2.405511617660522461e+00,2.389100790023803711e+00,2.372911930084228516e+00,2.356941461563110352e+00,2.341184139251708984e+00,2.325636386871337891e+00,2.310293674468994141e+00,2.295151948928833008e+00,2.280207395553588867e+00,2.265456438064575195e+00,2.250895023345947266e+00,2.236519575119018555e+00,2.222326517105102539e+00,2.208312511444091797e+00,2.194474220275878906e+00,2.180808305740356445e+00,2.167311429977416992e+00,2.153980493545532227e+00,2.140812635421752930e+00,2.127804756164550781e+00,2.114954233169555664e+00,2.102257728576660156e+00,2.089712858200073242e+00,2.077316999435424805e+00,2.065067291259765625e+00,2.052961111068725586e+00,2.040995836257934570e+00
3.782630920410156250e+00,3.742208957672119141e+00,3.702642202377319336e+00,3.663902997970581055e+00,3.625966072082519531e+00,3.588806629180908203e+00,3.552401542663574219e+00,3.516727209091186523e+00,3.481762409210205078e+00,3.447485685348510742e+00,3.413877725601196289e+00,3.380918741226196289e+00,3.348589897155761719e+00,3.316873550415039062e+00,3.285751819610595703e+00,3.255209445953369141e+00,3.225229263305664062e+00,3.195796489715576172e+00,3.166895866394042969e+00,3.138513088226318359e+00,3.110634803771972656e+00,3.083247423171997070e+00,3.056338071823120117e+00,3.029894351959228516e+00,3.003904104232788086e+00,2.978356122970581055e+00,2.953239202499389648e+00,2.928542375564575195e+00,2.904255151748657227e+00,2.880367040634155273e+00,2.856868982315063477e+00,2.833751201629638672e+00,2.811004638671875000e+00,2.788620471954345703e+00,2.766589641571044922e+00,2.744904279708862305e+00,2.723556280136108398e+00,2.702537775039672852e+00,2.681841373443603516e+00,2.661459207534790039e+00,2.641384601593017578e+00,2.621610879898071289e+00,2.602130651473999023e+00,2.582937955856323242e+00,2.564026117324829102e+00,2.545389413833618164e+00,2.527021646499633789e+00,2.508917093276977539e+00,2.491070032119750977e+00,2.473474979400634766e+00,2.456126928329467773e+00,2.439020633697509766e+00,2.422150850296020508e+00,2.405512571334838867e+00,2.389101505279541016e+00,2.372913122177124023e+00,2.356942415237426758e+00,2.341185092926025391e+00,2.325637102127075195e+00,2.310294389724731445e+00,2.295152902603149414e+00,2.280208349227905273e+00,2.265457391738891602e+00,2.250895738601684570e+00,2.236520290374755859e+00,2.222327470779418945e+00,2.208313465118408203e+00,2.194474935531616211e+00,2.180809020996093750e+00,2.167312145233154297e+00,2.153981208801269531e+00,2.140813589096069336e+00,2.127805709838867188e+00,2.114954710006713867e+00,2.102258443832397461e+00,2.089713573455810547e+00,2.077317714691162109e+00,2.065068006515502930e+00,2.052961587905883789e+00,2.040996551513671875e+00
3.782633304595947266e+00,3.742211580276489258e+00,3.702644586563110352e+00,3.663905143737792969e+00,3.625968456268310547e+00,3.588809013366699219e+00,3.552403688430786133e+00,3.516729354858398438e+00,3.481764316558837891e+00,3.447487831115722656e+00,3.413879871368408203e+00,3.380920648574829102e+00,3.348591804504394531e+00,3.316875219345092773e+00,3.285753726959228516e+00,3.255211353302001953e+00,3.225231170654296875e+00,3.195797920227050781e+00,3.166897296905517578e+00,3.138514995574951172e+00,3.110636472702026367e+00,3.083249092102050781e+00,3.056339502334594727e+00,3.029895782470703125e+00,3.003905773162841797e+00,2.978357791900634766e+00,2.953240871429443359e+00,2.928543567657470703e+00,2.904256343841552734e+00,2.880368471145629883e+00,2.856870412826538086e+00,2.833752632141113281e+00,2.811005830764770508e+00,2.788621425628662109e+00,2.766591072082519531e+00,2.744905710220336914e+00,2.723557710647583008e+00,2.702538967132568359e+00,2.681842327117919922e+00,2.661460399627685547e+00,2.641386032104492188e+00,2.621612071990966797e+00,2.602131605148315430e+00,2.582939147949218750e+00,2.564027309417724609e+00,2.545390605926513672e+00,2.527022838592529297e+00,2.508918046951293945e+00,2.491070985794067383e+00,2.473476171493530273e+00,2.456128120422363281e+00,2.439021587371826172e+00,2.422151803970336914e+00,2.405513525009155273e+00,2.389102697372436523e+00,2.372914075851440430e+00,2.356943368911743164e+00,2.341186046600341797e+00,2.325638055801391602e+00,2.310295343399047852e+00,2.295153856277465820e+00,2.280209302902221680e+00,2.265458106994628906e+00,2.250896692276000977e+00,2.236521244049072266e+00,2.222328186035156250e+00,2.208314180374145508e+00,2.194475650787353516e+00,2.180809736251831055e+00,2.167312860488891602e+00,2.153982162475585938e+00,2.140814304351806641e+00,2.127806425094604492e+00,2.114955663681030273e+00,2.102259159088134766e+00,2.089714288711547852e+00,2.077318668365478516e+00,2.065068721771240234e+00,2.052962541580200195e+00,2.040997266769409180e+00
3.782635927200317383e+00,3.742213726043701172e+00,3.702646732330322266e+00,3.663907527923583984e+00,3.625970602035522461e+00,3.588811397552490234e+00,3.552405595779418945e+00,3.516731262207031250e+00,3.481766462326049805e+00,3.447489976882934570e+00,3.413882017135620117e+00,3.380922317504882812e+00,3.348593473434448242e+00,3.316877126693725586e+00,3.285755634307861328e+00,3.255213260650634766e+00,3.225232601165771484e+00,3.195799827575683594e+00,3.166898965835571289e+00,3.138516664505004883e+00,3.110638141632080078e+00,3.083250522613525391e+00,3.056341171264648438e+00,3.029897451400756836e+00,3.003907442092895508e+00,2.978359460830688477e+00,2.953242063522338867e+00,2.928544998168945312e+00,2.904257774353027344e+00,2.880369901657104492e+00,2.856872081756591797e+00,2.833753824234008789e+00,2.811007261276245117e+00,2.788622856140136719e+00,2.766592264175415039e+00,2.744906902313232422e+00,2.723558664321899414e+00,2.702540159225463867e+00,2.681843757629394531e+00,2.661461591720581055e+00,2.641387224197387695e+00,2.621613025665283203e+00,2.602132797241210938e+00,2.582940340042114258e+00,2.564028501510620117e+00,2.545391559600830078e+00,2.527023792266845703e+00,2.508919239044189453e+00,2.491072177886962891e+00,2.473477125167846680e+00,2.456129074096679688e+00,2.439022541046142578e+00,2.422152757644653320e+00,2.405514717102050781e+00,2.389103651046752930e+00,2.372914791107177734e+00,2.356944322586059570e+00,2.341187000274658203e+00,2.325639009475708008e+00,2.310296297073364258e+00,2.295154571533203125e+00,2.280210018157958984e+00,2.265459060668945312e+00,2.250897645950317383e+00,2.236522197723388672e+00,2.222328901290893555e+00,2.208314895629882812e+00,2.194476604461669922e+00,2.180810689926147461e+00,2.167313814163208008e+00,2.153982877731323242e+00,2.140815019607543945e+00,2.127807140350341797e+00,2.114956378936767578e+00,2.102260112762451172e+00,2.089715003967285156e+00,2.077319145202636719e+00,2.065069437026977539e+00,2.052963256835937500e+00,2.040997982025146484e+00
3.782638072967529297e+00,3.742216110229492188e+00,3.702649116516113281e+00,3.663909912109375000e+00,3.625972986221313477e+00,3.588813304901123047e+00,3.552407741546630859e+00,3.516733646392822266e+00,3.481768608093261719e+00,3.447492122650146484e+00,3.413883686065673828e+00,3.380924463272094727e+00,3.348595380783081055e+00,3.316879034042358398e+00,3.285757303237915039e+00,3.255214691162109375e+00,3.225234508514404297e+00,3.195801496505737305e+00,3.166900873184204102e+00,3.138518095016479492e+00,3.110639572143554688e+00,3.083252191543579102e+00,3.056342840194702148e+00,3.029899120330810547e+00,3.003908872604370117e+00,2.978360652923583984e+00,2.953243732452392578e+00,2.928546667098999023e+00,2.904259443283081055e+00,2.880371093750000000e+00,2.856873273849487305e+00,2.833755254745483398e+00,2.811008691787719727e+00,2.788624286651611328e+00,2.766593456268310547e+00,2.744908094406127930e+00,2.723560094833374023e+00,2.702541589736938477e+00,2.681844949722290039e+00,2.661462783813476562e+00,2.641388177871704102e+00,2.621614217758178711e+00,2.602134227752685547e+00,2.582941532135009766e+00,2.564029455184936523e+00,2.545392751693725586e+00,2.527024984359741211e+00,2.508920431137084961e+00,2.491073369979858398e+00,2.473478078842163086e+00,2.456130027770996094e+00,2.439023494720458984e+00,2.422153949737548828e+00,2.405515670776367188e+00,2.389104366302490234e+00,2.372915983200073242e+00,2.356945276260375977e+00,2.341187953948974609e+00,2.325639963150024414e+00,2.310297012329101562e+00,2.295155525207519531e+00,2.280210971832275391e+00,2.265460014343261719e+00,2.250898599624633789e+00,2.236522912979125977e+00,2.222329854965209961e+00,2.208315849304199219e+00,2.194477319717407227e+00,2.180811405181884766e+00,2.167314529418945312e+00,2.153983592987060547e+00,2.140815734863281250e+00,2.127807855606079102e+00,2.114957332611083984e+00,2.102260589599609375e+00,2.089715719223022461e+00,2.077320098876953125e+00,2.065070152282714844e+00,2.052963733673095703e+00,2.040998697280883789e+00
3.782640695571899414e+00,3.742218732833862305e+00,3.702651500701904297e+00,3.663911819458007812e+00,3.625975131988525391e+00,3.588815450668334961e+00,3.552410125732421875e+00,3.516735792160034180e+00,3.481770277023315430e+00,3.447493791580200195e+00,3.413885831832885742e+00,3.380926370620727539e+00,3.348597526550292969e+00,3.316880702972412109e+00,3.285759210586547852e+00,3.255216598510742188e+00,3.225236415863037109e+00,3.195803403854370117e+00,3.166902303695678711e+00,3.138519763946533203e+00,3.110641479492187500e+00,3.083253860473632812e+00,3.056344509124755859e+00,3.029900550842285156e+00,3.003910303115844727e+00,2.978362321853637695e+00,2.953245162963867188e+00,2.928548097610473633e+00,2.904260635375976562e+00,2.880372762680053711e+00,2.856874704360961914e+00,2.833756685256958008e+00,2.811010122299194336e+00,2.788625478744506836e+00,2.766594886779785156e+00,2.744909524917602539e+00,2.723561525344848633e+00,2.702542781829833984e+00,2.681845903396606445e+00,2.661463975906372070e+00,2.641389369964599609e+00,2.621615409851074219e+00,2.602135181427001953e+00,2.582942485809326172e+00,2.564030647277832031e+00,2.545393943786621094e+00,2.527026176452636719e+00,2.508921384811401367e+00,2.491074085235595703e+00,2.473479270935058594e+00,2.456131219863891602e+00,2.439024686813354492e+00,2.422154664993286133e+00,2.405516624450683594e+00,2.389105558395385742e+00,2.372916936874389648e+00,2.356946229934692383e+00,2.341188669204711914e+00,2.325640916824340820e+00,2.310297966003417969e+00,2.295156478881835938e+00,2.280211925506591797e+00,2.265460729598999023e+00,2.250899314880371094e+00,2.236523866653442383e+00,2.222330808639526367e+00,2.208316802978515625e+00,2.194478034973144531e+00,2.180812120437622070e+00,2.167315244674682617e+00,2.153984546661376953e+00,2.140816688537597656e+00,2.127808570861816406e+00,2.114957809448242188e+00,2.102261543273925781e+00,2.089716672897338867e+00,2.077320814132690430e+00,2.065070867538452148e+00,2.052964448928833008e+00,2.040999412536621094e+00
3.782643079757690430e+00,3.742221117019653320e+00,3.702653646469116211e+00,3.663914203643798828e+00,3.625977277755737305e+00,3.588817834854125977e+00,3.552412271499633789e+00,3.516737699508666992e+00,3.481772661209106445e+00,3.447495937347412109e+00,3.413887739181518555e+00,3.380928277969360352e+00,3.348599195480346680e+00,3.316882610321044922e+00,3.285761117935180664e+00,3.255218505859375000e+00,3.225237846374511719e+00,3.195804834365844727e+00,3.166904211044311523e+00,3.138521671295166016e+00,3.110643148422241211e+00,3.083255290985107422e+00,3.056345939636230469e+00,3.029901981353759766e+00,3.003911972045898438e+00,2.978363990783691406e+00,2.953246593475341797e+00,2.928549528121948242e+00,2.904262065887451172e+00,2.880374193191528320e+00,2.856876134872436523e+00,2.833757877349853516e+00,2.811011314392089844e+00,2.788626909255981445e+00,2.766596317291259766e+00,2.744910717010498047e+00,2.723562479019165039e+00,2.702543973922729492e+00,2.681847333908081055e+00,2.661465167999267578e+00,2.641390800476074219e+00,2.621616601943969727e+00,2.602136373519897461e+00,2.582943677902221680e+00,2.564031839370727539e+00,2.545395135879516602e+00,2.527026891708374023e+00,2.508922338485717773e+00,2.491075277328491211e+00,2.473480224609375000e+00,2.456132173538208008e+00,2.439025402069091797e+00,2.422155857086181641e+00,2.405517578125000000e+00,2.389106512069702148e+00,2.372917890548706055e+00,2.356946945190429688e+00,2.341189622879028320e+00,2.325641870498657227e+00,2.310298919677734375e+00,2.295157432556152344e+00,2.280212640762329102e+00,2.265461683273315430e+00,2.250900268554687500e+00,2.236524581909179688e+00,2.222331523895263672e+00,2.208317518234252930e+00,2.194478988647460938e+00,2.180813074111938477e+00,2.167316198348999023e+00,2.153985261917114258e+00,2.140817403793334961e+00,2.127809524536132812e+00,2.114958763122558594e+00,2.102262258529663086e+00,2.089717149734497070e+00,2.077321529388427734e+00,2.065071582794189453e+00,2.052965402603149414e+00,2.041000127792358398e+00
3.782645225524902344e+00,3.742223262786865234e+00,3.702656030654907227e+00,3.663916587829589844e+00,3.625979661941528320e+00,3.588819742202758789e+00,3.552414178848266602e+00,3.516739845275878906e+00,3.481774806976318359e+00,3.447498083114624023e+00,3.413889646530151367e+00,3.380930185317993164e+00,3.348601102828979492e+00,3.316884517669677734e+00,3.285763025283813477e+00,3.255220174789428711e+00,3.225239753723144531e+00,3.195806741714477539e+00,3.166905879974365234e+00,3.138523340225219727e+00,3.110644578933715820e+00,3.083257198333740234e+00,3.056347608566284180e+00,3.029903650283813477e+00,3.003913640975952148e+00,2.978365182876586914e+00,2.953248023986816406e+00,2.928550958633422852e+00,2.904263734817504883e+00,2.880375623703002930e+00,2.856877326965332031e+00,2.833759307861328125e+00,2.811012744903564453e+00,2.788628339767456055e+00,2.766597509384155273e+00,2.744911909103393555e+00,2.723563909530639648e+00,2.702545166015625000e+00,2.681848526000976562e+00,2.661466360092163086e+00,2.641391754150390625e+00,2.621617794036865234e+00,2.602137565612792969e+00,2.582944869995117188e+00,2.564032793045043945e+00,2.545396089553833008e+00,2.527028083801269531e+00,2.508923530578613281e+00,2.491076469421386719e+00,2.473481178283691406e+00,2.456133127212524414e+00,2.439026594161987305e+00,2.422156810760498047e+00,2.405518531799316406e+00,2.389107465744018555e+00,2.372918844223022461e+00,2.356947898864746094e+00,2.341190814971923828e+00,2.325642824172973633e+00,2.310299873352050781e+00,2.295158147811889648e+00,2.280213594436645508e+00,2.265462636947631836e+00,2.250900983810424805e+00,2.236525535583496094e+00,2.222332477569580078e+00,2.208318233489990234e+00,2.194479942321777344e+00,2.180813789367675781e+00,2.167316913604736328e+00,2.153985977172851562e+00,2.140818119049072266e+00,2.127810239791870117e+00,2.114959478378295898e+00,2.102262973785400391e+00,2.089718103408813477e+00,2.077322244644165039e+00,2.065072298049926758e+00,2.052966117858886719e+00,2.041000843048095703e+00
3.782647848129272461e+00,3.742225646972656250e+00,3.702658414840698242e+00,3.663918972015380859e+00,3.625981569290161133e+00,3.588822126388549805e+00,3.552416563034057617e+00,3.516741991043090820e+00,3.481776475906372070e+00,3.447499990463256836e+00,3.413891553878784180e+00,3.380932331085205078e+00,3.348603248596191406e+00,3.316886186599731445e+00,3.285764694213867188e+00,3.255222082138061523e+00,3.225241661071777344e+00,3.195808649063110352e+00,3.166907548904418945e+00,3.138524770736694336e+00,3.110646247863769531e+00,3.083258867263793945e+00,3.056349277496337891e+00,3.029905080795288086e+00,3.003914833068847656e+00,2.978366851806640625e+00,2.953249692916870117e+00,2.928552627563476562e+00,2.904264926910400391e+00,2.880376815795898438e+00,2.856878757476806641e+00,2.833760738372802734e+00,2.811014175415039062e+00,2.788629293441772461e+00,2.766598701477050781e+00,2.744913339614868164e+00,2.723565101623535156e+00,2.702546596527099609e+00,2.681849718093872070e+00,2.661467552185058594e+00,2.641392946243286133e+00,2.621618986129760742e+00,2.602138757705688477e+00,2.582945823669433594e+00,2.564033985137939453e+00,2.545397281646728516e+00,2.527029275894165039e+00,2.508924722671508789e+00,2.491077423095703125e+00,2.473482370376586914e+00,2.456134080886840820e+00,2.439027547836303711e+00,2.422157764434814453e+00,2.405519485473632812e+00,2.389108419418334961e+00,2.372919797897338867e+00,2.356949090957641602e+00,2.341191768646240234e+00,2.325643539428710938e+00,2.310300827026367188e+00,2.295159101486206055e+00,2.280214548110961914e+00,2.265463590621948242e+00,2.250901937484741211e+00,2.236526250839233398e+00,2.222333192825317383e+00,2.208319187164306641e+00,2.194480657577514648e+00,2.180814504623413086e+00,2.167317628860473633e+00,2.153986692428588867e+00,2.140818834304809570e+00,2.127810955047607422e+00,2.114960193634033203e+00,2.102263689041137695e+00,2.089718818664550781e+00,2.077322959899902344e+00,2.065073013305664062e+00,2.052966594696044922e+00,2.041001558303833008e+00
3.782650470733642578e+00,3.742228269577026367e+00,3.702660560607910156e+00,3.663921117782592773e+00,3.625983953475952148e+00,3.588824272155761719e+00,3.552418708801269531e+00,3.516743898391723633e+00,3.481778621673583984e+00,3.447502136230468750e+00,3.413893699645996094e+00,3.380934238433837891e+00,3.348604917526245117e+00,3.316888332366943359e+00,3.285766601562500000e+00,3.255223989486694336e+00,3.225243568420410156e+00,3.195810079574584961e+00,3.166909217834472656e+00,3.138526678085327148e+00,3.110647916793823242e+00,3.083260536193847656e+00,3.056350708007812500e+00,3.029906749725341797e+00,3.003916501998901367e+00,2.978368282318115234e+00,2.953251123428344727e+00,2.928553819656372070e+00,2.904266357421875000e+00,2.880378484725952148e+00,2.856880187988281250e+00,2.833762168884277344e+00,2.811015367507934570e+00,2.788630723953247070e+00,2.766600131988525391e+00,2.744914531707763672e+00,2.723566532135009766e+00,2.702547550201416016e+00,2.681850910186767578e+00,2.661468744277954102e+00,2.641394138336181641e+00,2.621619939804077148e+00,2.602139711380004883e+00,2.582947015762329102e+00,2.564035177230834961e+00,2.545398235321044922e+00,2.527030229568481445e+00,2.508925676345825195e+00,2.491078376770019531e+00,2.473483324050903320e+00,2.456135272979736328e+00,2.439028501510620117e+00,2.422158718109130859e+00,2.405520439147949219e+00,2.389109373092651367e+00,2.372920751571655273e+00,2.356949806213378906e+00,2.341192483901977539e+00,2.325644493103027344e+00,2.310301780700683594e+00,2.295160055160522461e+00,2.280215501785278320e+00,2.265464305877685547e+00,2.250902652740478516e+00,2.236527204513549805e+00,2.222334146499633789e+00,2.208319902420043945e+00,2.194481372833251953e+00,2.180815458297729492e+00,2.167318582534790039e+00,2.153987646102905273e+00,2.140819549560546875e+00,2.127811670303344727e+00,2.114960908889770508e+00,2.102264404296875000e+00,2.089719533920288086e+00,2.077323675155639648e+00,2.065073728561401367e+00,2.052967548370361328e+00,2.041002273559570312e+00
3.782652854919433594e+00,3.742230415344238281e+00,3.702662944793701172e+00,3.663923501968383789e+00,3.625986337661743164e+00,3.588826179504394531e+00,3.552420616149902344e+00,3.516746044158935547e+00,3.481780767440795898e+00,3.447504281997680664e+00,3.413895368576049805e+00,3.380935907363891602e+00,3.348606824874877930e+00,3.316890239715576172e+00,3.285768508911132812e+00,3.255225419998168945e+00,3.225244998931884766e+00,3.195811986923217773e+00,3.166911125183105469e+00,3.138528347015380859e+00,3.110649585723876953e+00,3.083261966705322266e+00,3.056352376937866211e+00,3.029908418655395508e+00,3.003918170928955078e+00,2.978369712829589844e+00,2.953252553939819336e+00,2.928555250167846680e+00,2.904267787933349609e+00,2.880379915237426758e+00,2.856881380081176758e+00,2.833763360977172852e+00,2.811016798019409180e+00,2.788632154464721680e+00,2.766601562500000000e+00,2.744915723800659180e+00,2.723567724227905273e+00,2.702548980712890625e+00,2.681852102279663086e+00,2.661470174789428711e+00,2.641395330429077148e+00,2.621621131896972656e+00,2.602140903472900391e+00,2.582948207855224609e+00,2.564036369323730469e+00,2.545399188995361328e+00,2.527031421661376953e+00,2.508926630020141602e+00,2.491079568862915039e+00,2.473484516143798828e+00,2.456136226654052734e+00,2.439029693603515625e+00,2.422159671783447266e+00,2.405521631240844727e+00,2.389110326766967773e+00,2.372921466827392578e+00,2.356950759887695312e+00,2.341193437576293945e+00,2.325645446777343750e+00,2.310302734375000000e+00,2.295160770416259766e+00,2.280216217041015625e+00,2.265465259552001953e+00,2.250903606414794922e+00,2.236528158187866211e+00,2.222334861755371094e+00,2.208320856094360352e+00,2.194482326507568359e+00,2.180816411972045898e+00,2.167319297790527344e+00,2.153988361358642578e+00,2.140820503234863281e+00,2.127812623977661133e+00,2.114961862564086914e+00,2.102265119552612305e+00,2.089720249176025391e+00,2.077324390411376953e+00,2.065074443817138672e+00,2.052968263626098633e+00,2.041002988815307617e+00
3.782655000686645508e+00,3.742232799530029297e+00,3.702665328979492188e+00,3.663925886154174805e+00,3.625988245010375977e+00,3.588828563690185547e+00,3.552422761917114258e+00,3.516748189926147461e+00,3.481783151626586914e+00,3.447505950927734375e+00,3.413897514343261719e+00,3.380938053131103516e+00,3.348608732223510742e+00,3.316892147064208984e+00,3.285770177841186523e+00,3.255227327346801758e+00,3.225246906280517578e+00,3.195813655853271484e+00,3.166912794113159180e+00,3.138529777526855469e+00,3.110651254653930664e+00,3.083263635635375977e+00,3.056354045867919922e+00,3.029910087585449219e+00,3.003919601440429688e+00,2.978371381759643555e+00,2.953253984451293945e+00,2.928556919097900391e+00,2.904269456863403320e+00,2.880381107330322266e+00,2.856882810592651367e+00,2.833765029907226562e+00,2.811018228530883789e+00,2.788633584976196289e+00,2.766602516174316406e+00,2.744917154312133789e+00,2.723568916320800781e+00,2.702550172805786133e+00,2.681853294372558594e+00,2.661471128463745117e+00,2.641396522521972656e+00,2.621622562408447266e+00,2.602142095565795898e+00,2.582949161529541016e+00,2.564037322998046875e+00,2.545400381088256836e+00,2.527032613754272461e+00,2.508927822113037109e+00,2.491080522537231445e+00,2.473485469818115234e+00,2.456137180328369141e+00,2.439030647277832031e+00,2.422160863876342773e+00,2.405522346496582031e+00,2.389111280441284180e+00,2.372922658920288086e+00,2.356951713562011719e+00,2.341194391250610352e+00,2.325646400451660156e+00,2.310303449630737305e+00,2.295161724090576172e+00,2.280217170715332031e+00,2.265466213226318359e+00,2.250904321670532227e+00,2.236528873443603516e+00,2.222335815429687500e+00,2.208321571350097656e+00,2.194483041763305664e+00,2.180817127227783203e+00,2.167320013046264648e+00,2.153989076614379883e+00,2.140821218490600586e+00,2.127813339233398438e+00,2.114962339401245117e+00,2.102266073226928711e+00,2.089720964431762695e+00,2.077325105667114258e+00,2.065075159072875977e+00,2.052968740463256836e+00,2.041003704071044922e+00
3.782657623291015625e+00,3.742235422134399414e+00,3.702667474746704102e+00,3.663927793502807617e+00,3.625990629196166992e+00,3.588830947875976562e+00,3.552425146102905273e+00,3.516750097274780273e+00,3.481784820556640625e+00,3.447508096694946289e+00,3.413899660110473633e+00,3.380940198898315430e+00,3.348610401153564453e+00,3.316893815994262695e+00,3.285772085189819336e+00,3.255229234695434570e+00,3.225248813629150391e+00,3.195815324783325195e+00,3.166914224624633789e+00,3.138531684875488281e+00,3.110652923583984375e+00,3.083265304565429688e+00,3.056355476379394531e+00,3.029911279678344727e+00,3.003921031951904297e+00,2.978372812271118164e+00,2.953255653381347656e+00,2.928558111190795898e+00,2.904270648956298828e+00,2.880382537841796875e+00,2.856884479522705078e+00,2.833766460418701172e+00,2.811019420623779297e+00,2.788634777069091797e+00,2.766603946685791016e+00,2.744918346405029297e+00,2.723570346832275391e+00,2.702551364898681641e+00,2.681854486465454102e+00,2.661472320556640625e+00,2.641397714614868164e+00,2.621623754501342773e+00,2.602143287658691406e+00,2.582950353622436523e+00,2.564038515090942383e+00,2.545401573181152344e+00,2.527033567428588867e+00,2.508928775787353516e+00,2.491081476211547852e+00,2.473486423492431641e+00,2.456138372421264648e+00,2.439031839370727539e+00,2.422161817550659180e+00,2.405523538589477539e+00,2.389112234115600586e+00,2.372923612594604492e+00,2.356952905654907227e+00,2.341195344924926758e+00,2.325647354125976562e+00,2.310304403305053711e+00,2.295162677764892578e+00,2.280218124389648438e+00,2.265466928482055664e+00,2.250905275344848633e+00,2.236529827117919922e+00,2.222336530685424805e+00,2.208322286605834961e+00,2.194483757019042969e+00,2.180817842483520508e+00,2.167320966720581055e+00,2.153990030288696289e+00,2.140821933746337891e+00,2.127814054489135742e+00,2.114963293075561523e+00,2.102266788482666016e+00,2.089721679687500000e+00,2.077325820922851562e+00,2.065075874328613281e+00,2.052969694137573242e+00,2.041004419326782227e+00
3.782660245895385742e+00,3.742237329483032227e+00,3.702669858932495117e+00,3.663930177688598633e+00,3.625993013381958008e+00,3.588833093643188477e+00,3.552427053451538086e+00,3.516752243041992188e+00,3.481786966323852539e+00,3.447510242462158203e+00,3.413901805877685547e+00,3.380941867828369141e+00,3.348612546920776367e+00,3.316895723342895508e+00,3.285773992538452148e+00,3.255231142044067383e+00,3.225250244140625000e+00,3.195817232131958008e+00,3.166916131973266602e+00,3.138533353805541992e+00,3.110654592514038086e+00,3.083266735076904297e+00,3.056357145309448242e+00,3.029912948608398438e+00,3.003922700881958008e+00,2.978374481201171875e+00,2.953256845474243164e+00,2.928559780120849609e+00,2.904272079467773438e+00,2.880383968353271484e+00,2.856885910034179688e+00,2.833767652511596680e+00,2.811020612716674805e+00,2.788636207580566406e+00,2.766605377197265625e+00,2.744919538497924805e+00,2.723571300506591797e+00,2.702552556991577148e+00,2.681855916976928711e+00,2.661473751068115234e+00,2.641398906707763672e+00,2.621624708175659180e+00,2.602144479751586914e+00,2.582951545715332031e+00,2.564039707183837891e+00,2.545402526855468750e+00,2.527034521102905273e+00,2.508929967880249023e+00,2.491082668304443359e+00,2.473487615585327148e+00,2.456139326095581055e+00,2.439032554626464844e+00,2.422162771224975586e+00,2.405524492263793945e+00,2.389113426208496094e+00,2.372924327850341797e+00,2.356953620910644531e+00,2.341196298599243164e+00,2.325648307800292969e+00,2.310305356979370117e+00,2.295163393020629883e+00,2.280218839645385742e+00,2.265467882156372070e+00,2.250906229019165039e+00,2.236530542373657227e+00,2.222337484359741211e+00,2.208323240280151367e+00,2.194484710693359375e+00,2.180818796157836914e+00,2.167321681976318359e+00,2.153990745544433594e+00,2.140822649002075195e+00,2.127814769744873047e+00,2.114964008331298828e+00,2.102267503738403320e+00,2.089722394943237305e+00,2.077326536178588867e+00,2.065076589584350586e+00,2.052970409393310547e+00,2.041005134582519531e+00
3.782662391662597656e+00,3.742239952087402344e+00,3.702672481536865234e+00,3.663932561874389648e+00,3.625994920730590820e+00,3.588835000991821289e+00,3.552429199218750000e+00,3.516754627227783203e+00,3.481789112091064453e+00,3.447511911392211914e+00,3.413903474807739258e+00,3.380943775177001953e+00,3.348614454269409180e+00,3.316897630691528320e+00,3.285775661468505859e+00,3.255232810974121094e+00,3.225252151489257812e+00,3.195818901062011719e+00,3.166917800903320312e+00,3.138534784317016602e+00,3.110656023025512695e+00,3.083268404006958008e+00,3.056358814239501953e+00,3.029914617538452148e+00,3.003924131393432617e+00,2.978375673294067383e+00,2.953258514404296875e+00,2.928561210632324219e+00,2.904273748397827148e+00,2.880385398864746094e+00,2.856887102127075195e+00,2.833769083023071289e+00,2.811022043228149414e+00,2.788637638092041016e+00,2.766606569290161133e+00,2.744920969009399414e+00,2.723572731018066406e+00,2.702553987503051758e+00,2.681857109069824219e+00,2.661474704742431641e+00,2.641400098800659180e+00,2.621625900268554688e+00,2.602145671844482422e+00,2.582952737808227539e+00,2.564040660858154297e+00,2.545403718948364258e+00,2.527035713195800781e+00,2.508931159973144531e+00,2.491083860397338867e+00,2.473488569259643555e+00,2.456140279769897461e+00,2.439033746719360352e+00,2.422163724899291992e+00,2.405525445938110352e+00,2.389114141464233398e+00,2.372925519943237305e+00,2.356954574584960938e+00,2.341197252273559570e+00,2.325649261474609375e+00,2.310306072235107422e+00,2.295164346694946289e+00,2.280219793319702148e+00,2.265468835830688477e+00,2.250907182693481445e+00,2.236531496047973633e+00,2.222338199615478516e+00,2.208324193954467773e+00,2.194485664367675781e+00,2.180819511413574219e+00,2.167322397232055664e+00,2.153991460800170898e+00,2.140823602676391602e+00,2.127815723419189453e+00,2.114964723587036133e+00,2.102268218994140625e+00,2.089723110198974609e+00,2.077327251434326172e+00,2.065077304840087891e+00,2.052970886230468750e+00,2.041005849838256836e+00
3.782665014266967773e+00,3.742242336273193359e+00,3.702674865722656250e+00,3.663934707641601562e+00,3.625997304916381836e+00,3.588837385177612305e+00,3.552431583404541016e+00,3.516756772994995117e+00,3.481791019439697266e+00,3.447514057159423828e+00,3.413905620574951172e+00,3.380945920944213867e+00,3.348616600036621094e+00,3.316899299621582031e+00,3.285777568817138672e+00,3.255234718322753906e+00,3.225254058837890625e+00,3.195820808410644531e+00,3.166919469833374023e+00,3.138536691665649414e+00,3.110657930374145508e+00,3.083270072937011719e+00,3.056360483169555664e+00,3.029916048049926758e+00,3.003925800323486328e+00,2.978377342224121094e+00,2.953259944915771484e+00,2.928562641143798828e+00,2.904274940490722656e+00,2.880386829376220703e+00,2.856888532638549805e+00,2.833770513534545898e+00,2.811023235321044922e+00,2.788638591766357422e+00,2.766607761383056641e+00,2.744922161102294922e+00,2.723573923110961914e+00,2.702554941177368164e+00,2.681858301162719727e+00,2.661475896835327148e+00,2.641401290893554688e+00,2.621627092361450195e+00,2.602146625518798828e+00,2.582953691482543945e+00,2.564041852951049805e+00,2.545404911041259766e+00,2.527036905288696289e+00,2.508931875228881836e+00,2.491084814071655273e+00,2.473489522933959961e+00,2.456141471862792969e+00,2.439034700393676758e+00,2.422164678573608398e+00,2.405526399612426758e+00,2.389115095138549805e+00,2.372926473617553711e+00,2.356955528259277344e+00,2.341197967529296875e+00,2.325649976730346680e+00,2.310307025909423828e+00,2.295165300369262695e+00,2.280220508575439453e+00,2.265469312667846680e+00,2.250907659530639648e+00,2.236531972885131836e+00,2.222338914871215820e+00,2.208324432373046875e+00,2.194486141204833984e+00,2.180819988250732422e+00,2.167322874069213867e+00,2.153991937637329102e+00,2.140824079513549805e+00,2.127815961837768555e+00,2.114965200424194336e+00,2.102268457412719727e+00,2.089723348617553711e+00,2.077327489852905273e+00,2.065077543258666992e+00,2.052971124649047852e+00,2.041005849838256836e+00
3.782667398452758789e+00,3.742244482040405273e+00,3.702676773071289062e+00,3.663937091827392578e+00,3.625999689102172852e+00,3.588839769363403320e+00,3.552433490753173828e+00,3.516758680343627930e+00,3.481793165206909180e+00,3.447516202926635742e+00,3.413907527923583984e+00,3.380947589874267578e+00,3.348618268966674805e+00,3.316901445388793945e+00,3.285779476165771484e+00,3.255236625671386719e+00,3.225255489349365234e+00,3.195822238922119141e+00,3.166921138763427734e+00,3.138538360595703125e+00,3.110659599304199219e+00,3.083271503448486328e+00,3.056361913681030273e+00,3.029917716979980469e+00,3.003927230834960938e+00,2.978379011154174805e+00,2.953261375427246094e+00,2.928564071655273438e+00,2.904276371002197266e+00,2.880388259887695312e+00,2.856889963150024414e+00,2.833771705627441406e+00,2.811024665832519531e+00,2.788640022277832031e+00,2.766609191894531250e+00,2.744923591613769531e+00,2.723575115203857422e+00,2.702556371688842773e+00,2.681859493255615234e+00,2.661477088928222656e+00,2.641402244567871094e+00,2.621628046035766602e+00,2.602147579193115234e+00,2.582954645156860352e+00,2.564042568206787109e+00,2.545405626296997070e+00,2.527037382125854492e+00,2.508932828903198242e+00,2.491085529327392578e+00,2.473490238189697266e+00,2.456141948699951172e+00,2.439035177230834961e+00,2.422165155410766602e+00,2.405526876449584961e+00,2.389115571975708008e+00,2.372926712036132812e+00,2.356956005096435547e+00,2.341198444366455078e+00,2.325650453567504883e+00,2.310307264328002930e+00,2.295165538787841797e+00,2.280220985412597656e+00,2.265469551086425781e+00,2.250908136367797852e+00,2.236532211303710938e+00,2.222339153289794922e+00,2.208324909210205078e+00,2.194486379623413086e+00,2.180820226669311523e+00,2.167323350906372070e+00,2.153992176055908203e+00,2.140824317932128906e+00,2.127816200256347656e+00,2.114965438842773438e+00,2.102268934249877930e+00,2.089723825454711914e+00,2.077327966690063477e+00,2.065077781677246094e+00,2.052971363067626953e+00,2.041006326675415039e+00
3.782669544219970703e+00,3.742247104644775391e+00,3.702679395675659180e+00,3.663939476013183594e+00,3.626002073287963867e+00,3.588841676712036133e+00,3.552435636520385742e+00,3.516760826110839844e+00,3.481795310974121094e+00,3.447518348693847656e+00,3.413909435272216797e+00,3.380949735641479492e+00,3.348620176315307617e+00,3.316903352737426758e+00,3.285781383514404297e+00,3.255238056182861328e+00,3.225257396697998047e+00,3.195824146270751953e+00,3.166923046112060547e+00,3.138539791107177734e+00,3.110661029815673828e+00,3.083272933959960938e+00,3.056363105773925781e+00,3.029918670654296875e+00,3.003928422927856445e+00,2.978379964828491211e+00,2.953262329101562500e+00,2.928565025329589844e+00,2.904277086257934570e+00,2.880388975143432617e+00,2.856890678405761719e+00,2.833772420883178711e+00,2.811025381088256836e+00,2.788640737533569336e+00,2.766609668731689453e+00,2.744924068450927734e+00,2.723575592041015625e+00,2.702556848526000977e+00,2.681859970092773438e+00,2.661477565765380859e+00,2.641402721405029297e+00,2.621628522872924805e+00,2.602148056030273438e+00,2.582955121994018555e+00,2.564043045043945312e+00,2.545406103134155273e+00,2.527038097381591797e+00,2.508933067321777344e+00,2.491085767745971680e+00,2.473490476608276367e+00,2.456142187118530273e+00,2.439035654067993164e+00,2.422165632247924805e+00,2.405527353286743164e+00,2.389116048812866211e+00,2.372927188873291016e+00,2.356956243515014648e+00,2.341198682785034180e+00,2.325650691986083984e+00,2.310307741165161133e+00,2.295165777206420898e+00,2.280221223831176758e+00,2.265470027923583984e+00,2.250908374786376953e+00,2.236532688140869141e+00,2.222339391708374023e+00,2.208325147628784180e+00,2.194486856460571289e+00,2.180820465087890625e+00,2.167323589324951172e+00,2.153992414474487305e+00,2.140824556350708008e+00,2.127816677093505859e+00,2.114965677261352539e+00,2.102269172668457031e+00,2.089724063873291016e+00,2.077328205108642578e+00,2.065078258514404297e+00,2.052971839904785156e+00,2.041006565093994141e+00
3.782671689987182617e+00,3.742249011993408203e+00,3.702681303024291992e+00,3.663941144943237305e+00,3.626003503799438477e+00,3.588843584060668945e+00,3.552437067031860352e+00,3.516762256622314453e+00,3.481796503067016602e+00,3.447519302368164062e+00,3.413910865783691406e+00,3.380950689315795898e+00,3.348621129989624023e+00,3.316904067993164062e+00,3.285782098770141602e+00,3.255239009857177734e+00,3.225258111953735352e+00,3.195824623107910156e+00,3.166923522949218750e+00,3.138540506362915039e+00,3.110661506652832031e+00,3.083273410797119141e+00,3.056363821029663086e+00,3.029919624328613281e+00,3.003928899765014648e+00,2.978380441665649414e+00,2.953263044357299805e+00,2.928565502166748047e+00,2.904278039932250977e+00,2.880389451980590820e+00,2.856891155242919922e+00,2.833773136138916016e+00,2.811025857925415039e+00,2.788641214370727539e+00,2.766610145568847656e+00,2.744924545288085938e+00,2.723576307296752930e+00,2.702557325363159180e+00,2.681860446929931641e+00,2.661478042602539062e+00,2.641403198242187500e+00,2.621628999710083008e+00,2.602148532867431641e+00,2.582955598831176758e+00,2.564043521881103516e+00,2.545406341552734375e+00,2.527038335800170898e+00,2.508933544158935547e+00,2.491086244583129883e+00,2.473491191864013672e+00,2.456142663955688477e+00,2.439035892486572266e+00,2.422166109085083008e+00,2.405527591705322266e+00,2.389116287231445312e+00,2.372927427291870117e+00,2.356956720352172852e+00,2.341199159622192383e+00,2.325650930404663086e+00,2.310307979583740234e+00,2.295166254043579102e+00,2.280221700668334961e+00,2.265470504760742188e+00,2.250908613204956055e+00,2.236532926559448242e+00,2.222339868545532227e+00,2.208325624465942383e+00,2.194487094879150391e+00,2.180820941925048828e+00,2.167323827743530273e+00,2.153992891311645508e+00,2.140824794769287109e+00,2.127816915512084961e+00,2.114965915679931641e+00,2.102269411087036133e+00,2.089724302291870117e+00,2.077328443527221680e+00,2.065078496932983398e+00,2.052972078323364258e+00,2.041006803512573242e+00
3.782673120498657227e+00,3.742249965667724609e+00,3.702682256698608398e+00,3.663942337036132812e+00,3.626004457473754883e+00,3.588844299316406250e+00,3.552438020706176758e+00,3.516762971878051758e+00,3.481797456741333008e+00,3.447520017623901367e+00,3.413911342620849609e+00,3.380951642990112305e+00,3.348621845245361328e+00,3.316905021667480469e+00,3.285782814025878906e+00,3.255239725112915039e+00,3.225259065628051758e+00,3.195825338363647461e+00,3.166924238204956055e+00,3.138540983200073242e+00,3.110662221908569336e+00,3.083274364471435547e+00,3.056364297866821289e+00,3.029920101165771484e+00,3.003929853439331055e+00,2.978381156921386719e+00,2.953263759613037109e+00,2.928565979003906250e+00,2.904278516769409180e+00,2.880390167236328125e+00,2.856891632080078125e+00,2.833773612976074219e+00,2.811026334762573242e+00,2.788641691207885742e+00,2.766610860824584961e+00,2.744925022125244141e+00,2.723576784133911133e+00,2.702557802200317383e+00,2.681860685348510742e+00,2.661478519439697266e+00,2.641403675079345703e+00,2.621629476547241211e+00,2.602149009704589844e+00,2.582955837249755859e+00,2.564043998718261719e+00,2.545406818389892578e+00,2.527038812637329102e+00,2.508934020996093750e+00,2.491086483001708984e+00,2.473491430282592773e+00,2.456143140792846680e+00,2.439036369323730469e+00,2.422166347503662109e+00,2.405527830123901367e+00,2.389116764068603516e+00,2.372927904129028320e+00,2.356956958770751953e+00,2.341199636459350586e+00,2.325651407241821289e+00,2.310308456420898438e+00,2.295166730880737305e+00,2.280221939086914062e+00,2.265470743179321289e+00,2.250909090042114258e+00,2.236533403396606445e+00,2.222340106964111328e+00,2.208325862884521484e+00,2.194487333297729492e+00,2.180821180343627930e+00,2.167324066162109375e+00,2.153993129730224609e+00,2.140825271606445312e+00,2.127817153930664062e+00,2.114966392517089844e+00,2.102269649505615234e+00,2.089724540710449219e+00,2.077328681945800781e+00,2.065078735351562500e+00,2.052972316741943359e+00,2.041007041931152344e+00
3.782673835754394531e+00,3.742251157760620117e+00,3.702682971954345703e+00,3.663943052291870117e+00,3.626005172729492188e+00,3.588845014572143555e+00,3.552438974380493164e+00,3.516763687133789062e+00,3.481798171997070312e+00,3.447521209716796875e+00,3.413912057876586914e+00,3.380952358245849609e+00,3.348622560501098633e+00,3.316905498504638672e+00,3.285783767700195312e+00,3.255240201950073242e+00,3.225259542465209961e+00,3.195826053619384766e+00,3.166924715042114258e+00,3.138541936874389648e+00,3.110662698745727539e+00,3.083274841308593750e+00,3.056365251541137695e+00,3.029920578002929688e+00,3.003930330276489258e+00,2.978381633758544922e+00,2.953264236450195312e+00,2.928566932678222656e+00,2.904278993606567383e+00,2.880390644073486328e+00,2.856892108917236328e+00,2.833774089813232422e+00,2.811027050018310547e+00,2.788642168045043945e+00,2.766611337661743164e+00,2.744925737380981445e+00,2.723577022552490234e+00,2.702558279037475586e+00,2.681861162185668945e+00,2.661478996276855469e+00,2.641404151916503906e+00,2.621629953384399414e+00,2.602149486541748047e+00,2.582956552505493164e+00,2.564044475555419922e+00,2.545407295227050781e+00,2.527039289474487305e+00,2.508934497833251953e+00,2.491087198257446289e+00,2.473491907119750977e+00,2.456143617630004883e+00,2.439036607742309570e+00,2.422166824340820312e+00,2.405528545379638672e+00,2.389117002487182617e+00,2.372928380966186523e+00,2.356957435607910156e+00,2.341199874877929688e+00,2.325651884078979492e+00,2.310308694839477539e+00,2.295166969299316406e+00,2.280222415924072266e+00,2.265470981597900391e+00,2.250909328460693359e+00,2.236533641815185547e+00,2.222340583801269531e+00,2.208326339721679688e+00,2.194487571716308594e+00,2.180821657180786133e+00,2.167324542999267578e+00,2.153993368148803711e+00,2.140825510025024414e+00,2.127817392349243164e+00,2.114966630935668945e+00,2.102270126342773438e+00,2.089724779129028320e+00,2.077328920364379883e+00,2.065078973770141602e+00,2.052972555160522461e+00,2.041007280349731445e+00
3.782674789428710938e+00,3.742252111434936523e+00,3.702683925628662109e+00,3.663943767547607422e+00,3.626006364822387695e+00,3.588845729827880859e+00,3.552439689636230469e+00,3.516764879226684570e+00,3.481798887252807617e+00,3.447521924972534180e+00,3.413912773132324219e+00,3.380953073501586914e+00,3.348623514175415039e+00,3.316906213760375977e+00,3.285784482955932617e+00,3.255240917205810547e+00,3.225260257720947266e+00,3.195826768875122070e+00,3.166925430297851562e+00,3.138542413711547852e+00,3.110663652420043945e+00,3.083275556564331055e+00,3.056365728378295898e+00,3.029921293258666992e+00,3.003930807113647461e+00,2.978382349014282227e+00,2.953264713287353516e+00,2.928567409515380859e+00,2.904279470443725586e+00,2.880391120910644531e+00,2.856892824172973633e+00,2.833774566650390625e+00,2.811027526855468750e+00,2.788642883300781250e+00,2.766611814498901367e+00,2.744925975799560547e+00,2.723577499389648438e+00,2.702558755874633789e+00,2.681861877441406250e+00,2.661479473114013672e+00,2.641404628753662109e+00,2.621630430221557617e+00,2.602149963378906250e+00,2.582957029342651367e+00,2.564044713973999023e+00,2.545407772064208984e+00,2.527039766311645508e+00,2.508934736251831055e+00,2.491087436676025391e+00,2.473492145538330078e+00,2.456143856048583984e+00,2.439037322998046875e+00,2.422167062759399414e+00,2.405528783798217773e+00,2.389117479324340820e+00,2.372928619384765625e+00,2.356957674026489258e+00,2.341200113296508789e+00,2.325652122497558594e+00,2.310309171676635742e+00,2.295167207717895508e+00,2.280222654342651367e+00,2.265471220016479492e+00,2.250909805297851562e+00,2.236534118652343750e+00,2.222340822219848633e+00,2.208326578140258789e+00,2.194488048553466797e+00,2.180821895599365234e+00,2.167324781417846680e+00,2.153993606567382812e+00,2.140825748443603516e+00,2.127817869186401367e+00,2.114966869354248047e+00,2.102270364761352539e+00,2.089725255966186523e+00,2.077329158782958984e+00,2.065079212188720703e+00,2.052972793579101562e+00,2.041007518768310547e+00
3.776970863342285156e+00,3.742252826690673828e+00,3.702685117721557617e+00,3.663944721221923828e+00,3.626007080078125000e+00,3.588846921920776367e+00,3.552440643310546875e+00,3.516765594482421875e+00,3.481799602508544922e+00,3.447522640228271484e+00,3.413913965225219727e+00,3.380953788757324219e+00,3.348624229431152344e+00,3.316906929016113281e+00,3.285784959793090820e+00,3.255241870880126953e+00,3.225260734558105469e+00,3.195827484130859375e+00,3.166926383972167969e+00,3.138543128967285156e+00,3.110664129257202148e+00,3.083276033401489258e+00,3.056366205215454102e+00,3.029922008514404297e+00,3.003931283950805664e+00,2.978382825851440430e+00,2.953265428543090820e+00,2.928567886352539062e+00,2.904280185699462891e+00,2.880391836166381836e+00,2.856893301010131836e+00,2.833775281906127930e+00,2.811028003692626953e+00,2.788643360137939453e+00,2.766612291336059570e+00,2.744926452636718750e+00,2.723578214645385742e+00,2.702559232711791992e+00,2.681862354278564453e+00,2.661479949951171875e+00,2.641405105590820312e+00,2.621630907058715820e+00,2.602150201797485352e+00,2.582957267761230469e+00,2.564045429229736328e+00,2.545408248901367188e+00,2.527040243148803711e+00,2.508935213088989258e+00,2.491087913513183594e+00,2.473492622375488281e+00,2.456144332885742188e+00,2.439037561416625977e+00,2.422167539596557617e+00,2.405529260635375977e+00,2.389117956161499023e+00,2.372928857803344727e+00,2.356958150863647461e+00,2.341200590133666992e+00,2.325652599334716797e+00,2.310309410095214844e+00,2.295167684555053711e+00,2.280222892761230469e+00,2.265471696853637695e+00,2.250910043716430664e+00,2.236534357070922852e+00,2.222341299057006836e+00,2.208326816558837891e+00,2.194488286972045898e+00,2.180822134017944336e+00,2.167325019836425781e+00,2.153994083404541016e+00,2.140825986862182617e+00,2.127818107604980469e+00,2.114967107772827148e+00,2.102270603179931641e+00,2.089725494384765625e+00,2.077329635620117188e+00,2.065079450607299805e+00,2.052973270416259766e+00,2.041007757186889648e+00
3.083430767059326172e+00,3.082947492599487305e+00,3.082463979721069336e+00,3.081980705261230469e+00,3.081497430801391602e+00,3.081014871597290039e+00,3.080532073974609375e+00,3.080049276351928711e+00,3.079566717147827148e+00,3.079084396362304688e+00,3.078602313995361328e+00,3.078120231628417969e+00,3.077638387680053711e+00,3.077156543731689453e+00,3.076675176620483398e+00,3.076193809509277344e+00,3.075712442398071289e+00,3.075231313705444336e+00,3.074750423431396484e+00,3.074269533157348633e+00,3.073788881301879883e+00,3.073308229446411133e+00,3.056366920471191406e+00,3.029922723770141602e+00,3.003932237625122070e+00,2.978383541107177734e+00,2.953265905380249023e+00,2.928568363189697266e+00,2.904280662536621094e+00,2.880392551422119141e+00,2.856893777847290039e+00,2.833775758743286133e+00,2.811028480529785156e+00,2.788643836975097656e+00,2.766612768173217773e+00,2.744926929473876953e+00,2.723578691482543945e+00,2.702559947967529297e+00,2.681862831115722656e+00,2.661480426788330078e+00,2.641405582427978516e+00,2.621631383895874023e+00,2.602150917053222656e+00,2.582957744598388672e+00,2.564045667648315430e+00,2.545408487319946289e+00,2.527040481567382812e+00,2.508935689926147461e+00,2.491088151931762695e+00,2.473493099212646484e+00,2.456144809722900391e+00,2.439038038253784180e+00,2.422168016433715820e+00,2.405529499053955078e+00,2.389118194580078125e+00,2.372929573059082031e+00,2.356958389282226562e+00,2.341201066970825195e+00,2.325653076171875000e+00,2.310309886932373047e+00,2.295168161392211914e+00,2.280223369598388672e+00,2.265472173690795898e+00,2.250910520553588867e+00,2.236534595489501953e+00,2.222341537475585938e+00,2.208327054977416992e+00,2.194488525390625000e+00,2.180822610855102539e+00,2.167325496673583984e+00,2.153994321823120117e+00,2.140826463699340820e+00,2.127818346023559570e+00,2.114967584609985352e+00,2.102270841598510742e+00,2.089725732803344727e+00,2.077329874038696289e+00,2.065079927444458008e+00,2.052973508834838867e+00,2.041007995605468750e+00
2.605077743530273438e+00,2.604732513427734375e+00,2.604387283325195312e+00,2.604042291641235352e+00,2.603697538375854492e+00,2.603352785110473633e+00,2.603008031845092773e+00,2.602663516998291016e+00,2.602318763732910156e+00,2.601974487304687500e+00,2.601630210876464844e+00,2.601285934448242188e+00,2.600941658020019531e+00,2.600597858428955078e+00,2.600253820419311523e+00,2.599910020828247070e+00,2.599565982818603516e+00,2.599222421646118164e+00,2.598878860473632812e+00,2.598535299301147461e+00,2.598191738128662109e+00,2.597848415374755859e+00,2.597505331039428711e+00,2.597162246704101562e+00,2.596819162368774414e+00,2.596476078033447266e+00,2.596133232116699219e+00,2.595790624618530273e+00,2.595447778701782227e+00,2.595105171203613281e+00,2.594762563705444336e+00,2.594420194625854492e+00,2.594077825546264648e+00,2.593735694885253906e+00,2.593393325805664062e+00,2.593051433563232422e+00,2.592709541320800781e+00,2.592367649078369141e+00,2.592025756835937500e+00,2.591684103012084961e+00,2.591342449188232422e+00,2.591001033782958984e+00,2.590659379959106445e+00,2.582958221435546875e+00,2.564046144485473633e+00,2.545409202575683594e+00,2.527040958404541016e+00,2.508936166763305664e+00,2.491088867187500000e+00,2.473493337631225586e+00,2.456145048141479492e+00,2.439038276672363281e+00,2.422168254852294922e+00,2.405529975891113281e+00,2.389118671417236328e+00,2.372929811477661133e+00,2.356958866119384766e+00,2.341201305389404297e+00,2.325653314590454102e+00,2.310310125350952148e+00,2.295168399810791016e+00,2.280223846435546875e+00,2.265472412109375000e+00,2.250910758972167969e+00,2.236535072326660156e+00,2.222341775894165039e+00,2.208327531814575195e+00,2.194489002227783203e+00,2.180822849273681641e+00,2.167325735092163086e+00,2.153994560241699219e+00,2.140826702117919922e+00,2.127818584442138672e+00,2.114967823028564453e+00,2.102271318435668945e+00,2.089725971221923828e+00,2.077330112457275391e+00,2.065080165863037109e+00,2.052973747253417969e+00,2.041008472442626953e+00
2.255211591720581055e+00,2.254952907562255859e+00,2.254694223403930664e+00,2.254435777664184570e+00,2.254177331924438477e+00,2.253918886184692383e+00,2.253660440444946289e+00,2.253401994705200195e+00,2.253143787384033203e+00,2.252885818481445312e+00,2.252627611160278320e+00,2.252369403839111328e+00,2.252111434936523438e+00,2.251853466033935547e+00,2.251595497131347656e+00,2.251337766647338867e+00,2.251079797744750977e+00,2.250822305679321289e+00,2.250564575195312500e+00,2.250306844711303711e+00,2.250049352645874023e+00,2.249791860580444336e+00,2.249534606933593750e+00,2.249277114868164062e+00,2.249019861221313477e+00,2.248762607574462891e+00,2.248505353927612305e+00,2.248248338699340820e+00,2.247991085052490234e+00,2.247734069824218750e+00,2.247477293014526367e+00,2.247220277786254883e+00,2.246963500976562500e+00,2.246706724166870117e+00,2.246449947357177734e+00,2.246193408966064453e+00,2.245936632156372070e+00,2.245680093765258789e+00,2.245423555374145508e+00,2.245167255401611328e+00,2.244910717010498047e+00,2.244654417037963867e+00,2.244398117065429688e+00,2.244142055511474609e+00,2.243885993957519531e+00,2.243629693984985352e+00,2.243373632431030273e+00,2.243117809295654297e+00,2.242861986160278320e+00,2.242606163024902344e+00,2.242350339889526367e+00,2.242094516754150391e+00,2.241838932037353516e+00,2.241583347320556641e+00,2.241327762603759766e+00,2.241072177886962891e+00,2.240816593170166016e+00,2.240561485290527344e+00,2.240306138992309570e+00,2.240050792694091797e+00,2.239795446395874023e+00,2.239540576934814453e+00,2.239285469055175781e+00,2.239030361175537109e+00,2.236535310745239258e+00,2.222342014312744141e+00,2.208327770233154297e+00,2.194489240646362305e+00,2.180823087692260742e+00,2.167325973510742188e+00,2.153995037078857422e+00,2.140826940536499023e+00,2.127819061279296875e+00,2.114968061447143555e+00,2.102271556854248047e+00,2.089726209640502930e+00,2.077330350875854492e+00,2.065080404281616211e+00,2.052973985671997070e+00,2.041008710861206055e+00
1.988193988800048828e+00,1.987993001937866211e+00,1.987791895866394043e+00,1.987591028213500977e+00,1.987390160560607910e+00,1.987189173698425293e+00,1.986988425254821777e+00,1.986787438392639160e+00,1.986586689949035645e+00,1.986386179924011230e+00,1.986185312271118164e+00,1.985984802246093750e+00,1.985784292221069336e+00,1.985583543777465820e+00,1.985383152961730957e+00,1.985182523727416992e+00,1.984982132911682129e+00,1.984781861305236816e+00,1.984581351280212402e+00,1.984381079673767090e+00,1.984180688858032227e+00,1.983980536460876465e+00,1.983780384063720703e+00,1.983580112457275391e+00,1.983380079269409180e+00,1.983180165290832520e+00,1.982980012893676758e+00,1.982780098915100098e+00,1.982579946517944336e+00,1.982380151748657227e+00,1.982180356979370117e+00,1.981980443000793457e+00,1.981780648231506348e+00,1.981580853462219238e+00,1.981381177902221680e+00,1.981181621551513672e+00,1.980981826782226562e+00,1.980782270431518555e+00,1.980582594871520996e+00,1.980383157730102539e+00,1.980183839797973633e+00,1.979984283447265625e+00,1.979784965515136719e+00,1.979585647583007812e+00,1.979386210441589355e+00,1.979187011718750000e+00,1.978987693786621094e+00,1.978788614273071289e+00,1.978589534759521484e+00,1.978390216827392578e+00,1.978191256523132324e+00,1.977992057800292969e+00,1.977793216705322266e+00,1.977594256401062012e+00,1.977395296096801758e+00,1.977196455001831055e+00,1.976997733116149902e+00,1.976798772811889648e+00,1.976600170135498047e+00,1.976401329040527344e+00,1.976202726364135742e+00,1.976004123687744141e+00,1.975805401802062988e+00,1.975606918334960938e+00,1.975408315658569336e+00,1.975209951400756836e+00,1.975011587142944336e+00,1.974812984466552734e+00,1.974614739418029785e+00,1.974416494369506836e+00,1.974218130111694336e+00,1.974020004272460938e+00,1.973821640014648438e+00,1.973623633384704590e+00,1.973425626754760742e+00,1.973227381706237793e+00,1.973029375076293945e+00,1.972831249237060547e+00,1.972633361816406250e+00,1.972435593605041504e+00
1.777712345123291016e+00,1.777551770210266113e+00,1.777390956878662109e+00,1.777230381965637207e+00,1.777069807052612305e+00,1.776908993721008301e+00,1.776748538017272949e+00,1.776588082313537598e+00,1.776427388191223145e+00,1.776266932487487793e+00,1.776106357574462891e+00,1.775946021080017090e+00,1.775785684585571289e+00,1.775625109672546387e+00,1.775464892387390137e+00,1.775304436683654785e+00,1.775144219398498535e+00,1.774984002113342285e+00,1.774823665618896484e+00,1.774663567543029785e+00,1.774503231048583984e+00,1.774343132972717285e+00,1.774183034896850586e+00,1.774022817611694336e+00,1.773862838745117188e+00,1.773702859878540039e+00,1.773542761802673340e+00,1.773382902145385742e+00,1.773222804069519043e+00,1.773062944412231445e+00,1.772903084754943848e+00,1.772743105888366699e+00,1.772583365440368652e+00,1.772423386573791504e+00,1.772263765335083008e+00,1.772104024887084961e+00,1.771944165229797363e+00,1.771784543991088867e+00,1.771625041961669922e+00,1.771465182304382324e+00,1.771305680274963379e+00,1.771146059036254883e+00,1.770986557006835938e+00,1.770827054977416992e+00,1.770667433738708496e+00,1.770508050918579102e+00,1.770348548889160156e+00,1.770189166069030762e+00,1.770029902458190918e+00,1.769870400428771973e+00,1.769711136817932129e+00,1.769551992416381836e+00,1.769392609596252441e+00,1.769233345985412598e+00,1.769074082374572754e+00,1.768914937973022461e+00,1.768755912780761719e+00,1.768596649169921875e+00,1.768437623977661133e+00,1.768278479576110840e+00,1.768119454383850098e+00,1.767960548400878906e+00,1.767801523208618164e+00,1.767642617225646973e+00,1.767483711242675781e+00,1.767324686050415039e+00,1.767165899276733398e+00,1.767006993293762207e+00,1.766848325729370117e+00,1.766689538955688477e+00,1.766530752182006836e+00,1.766372084617614746e+00,1.766213297843933105e+00,1.766054630279541016e+00,1.765896081924438477e+00,1.765737414360046387e+00,1.765578866004943848e+00,1.765420436859130859e+00,1.765261769294738770e+00,1.765103459358215332e+00
1.607530117034912109e+00,1.607398748397827148e+00,1.607267260551452637e+00,1.607135891914367676e+00,1.607004523277282715e+00,1.606873154640197754e+00,1.606741905212402344e+00,1.606610655784606934e+00,1.606479287147521973e+00,1.606348037719726562e+00,1.606216669082641602e+00,1.606085538864135742e+00,1.605954408645629883e+00,1.605823159217834473e+00,1.605692028999328613e+00,1.605560779571533203e+00,1.605429768562316895e+00,1.605298757553100586e+00,1.605167627334594727e+00,1.605036616325378418e+00,1.604905605316162109e+00,1.604774475097656250e+00,1.604643583297729492e+00,1.604512572288513184e+00,1.604381680488586426e+00,1.604250788688659668e+00,1.604119777679443359e+00,1.603989005088806152e+00,1.603857994079589844e+00,1.603727221488952637e+00,1.603596448898315430e+00,1.603465557098388672e+00,1.603334903717041016e+00,1.603204250335693359e+00,1.603073358535766602e+00,1.602942705154418945e+00,1.602811932563781738e+00,1.602681398391723633e+00,1.602550745010375977e+00,1.602420091629028320e+00,1.602289557456970215e+00,1.602158904075622559e+00,1.602028369903564453e+00,1.601897835731506348e+00,1.601767301559448242e+00,1.601636886596679688e+00,1.601506471633911133e+00,1.601375818252563477e+00,1.601245522499084473e+00,1.601114988327026367e+00,1.600984692573547363e+00,1.600854396820068359e+00,1.600723981857299805e+00,1.600593686103820801e+00,1.600463271141052246e+00,1.600333094596862793e+00,1.600202918052673340e+00,1.600072503089904785e+00,1.599942326545715332e+00,1.599812150001525879e+00,1.599681973457336426e+00,1.599551796913146973e+00,1.599421620368957520e+00,1.599291563034057617e+00,1.599161505699157715e+00,1.599031329154968262e+00,1.598901391029357910e+00,1.598771214485168457e+00,1.598641276359558105e+00,1.598511338233947754e+00,1.598381042480468750e+00,1.598250389099121094e+00,1.598119735717773438e+00,1.597989201545715332e+00,1.597858786582946777e+00,1.597728133201599121e+00,1.597597599029541016e+00,1.597467064857482910e+00,1.597336649894714355e+00,1.597206354141235352e+00
1.467084527015686035e+00,1.466975092887878418e+00,1.466865658760070801e+00,1.466756224632263184e+00,1.466646790504455566e+00,1.466537356376647949e+00,1.466427922248840332e+00,1.466318607330322266e+00,1.466209173202514648e+00,1.466099977493286133e+00,1.465990543365478516e+00,1.465881228446960449e+00,1.465772032737731934e+00,1.465662598609924316e+00,1.465553402900695801e+00,1.465444207191467285e+00,1.465334892272949219e+00,1.465225815773010254e+00,1.465116500854492188e+00,1.465007424354553223e+00,1.464898228645324707e+00,1.464789032936096191e+00,1.464679956436157227e+00,1.464570760726928711e+00,1.464461684226989746e+00,1.464352726936340332e+00,1.464243531227111816e+00,1.464134573936462402e+00,1.464025497436523438e+00,1.463916420936584473e+00,1.463807463645935059e+00,1.463698387145996094e+00,1.463589549064636230e+00,1.463480591773986816e+00,1.463371634483337402e+00,1.463262677192687988e+00,1.463153719902038574e+00,1.463044881820678711e+00,1.462936043739318848e+00,1.462827205657958984e+00,1.462718367576599121e+00,1.462609648704528809e+00,1.462500691413879395e+00,1.462391972541809082e+00,1.462283134460449219e+00,1.462174415588378906e+00,1.462065696716308594e+00,1.461956977844238281e+00,1.461848258972167969e+00,1.461739540100097656e+00,1.461630940437316895e+00,1.461522340774536133e+00,1.461413621902465820e+00,1.461305022239685059e+00,1.461196422576904297e+00,1.461087703704833984e+00,1.460979223251342773e+00,1.460870623588562012e+00,1.460762143135070801e+00,1.460653305053710938e+00,1.460544228553771973e+00,1.460435271263122559e+00,1.460326194763183594e+00,1.460217118263244629e+00,1.460108160972595215e+00,1.459999084472656250e+00,1.459890246391296387e+00,1.459781289100646973e+00,1.459672331809997559e+00,1.459563374519348145e+00,1.459454417228698730e+00,1.459345579147338867e+00,1.459236741065979004e+00,1.459127783775329590e+00,1.459018945693969727e+00,1.458910107612609863e+00,1.458801269531250000e+00,1.458692550659179688e+00,1.458583712577819824e+00,1.458474874496459961e+00
1.349207878112792969e+00,1.349115252494812012e+00,1.349022746086120605e+00,1.348930120468139648e+00,1.348837614059448242e+00,1.348744988441467285e+00,1.348652482032775879e+00,1.348560094833374023e+00,1.348467469215393066e+00,1.348375082015991211e+00,1.348282575607299805e+00,1.348190069198608398e+00,1.348097681999206543e+00,1.348005175590515137e+00,1.347912788391113281e+00,1.347820401191711426e+00,1.347728013992309570e+00,1.347635626792907715e+00,1.347543239593505859e+00,1.347450852394104004e+00,1.347358584403991699e+00,1.347266197204589844e+00,1.347173929214477539e+00,1.347081661224365234e+00,1.346989274024963379e+00,1.346897006034851074e+00,1.346804738044738770e+00,1.346712470054626465e+00,1.346620321273803711e+00,1.346528053283691406e+00,1.346435785293579102e+00,1.346343517303466797e+00,1.346251368522644043e+00,1.346159219741821289e+00,1.346067070960998535e+00,1.345974922180175781e+00,1.345882773399353027e+00,1.345790624618530273e+00,1.345698475837707520e+00,1.345606327056884766e+00,1.345514297485351562e+00,1.345422267913818359e+00,1.345330119132995605e+00,1.345238089561462402e+00,1.345146059989929199e+00,1.345054030418395996e+00,1.344962000846862793e+00,1.344869971275329590e+00,1.344778060913085938e+00,1.344685554504394531e+00,1.344593048095703125e+00,1.344500660896301270e+00,1.344408154487609863e+00,1.344315767288208008e+00,1.344223380088806152e+00,1.344130992889404297e+00,1.344038605690002441e+00,1.343946218490600586e+00,1.343853950500488281e+00,1.343761682510375977e+00,1.343669295310974121e+00,1.343577027320861816e+00,1.343484640121459961e+00,1.343392372131347656e+00,1.343300223350524902e+00,1.343207955360412598e+00,1.343115687370300293e+00,1.343023419380187988e+00,1.342931151390075684e+00,1.342839002609252930e+00,1.342746853828430176e+00,1.342654585838317871e+00,1.342562437057495117e+00,1.342470288276672363e+00,1.342378258705139160e+00,1.342286109924316406e+00,1.342193961143493652e+00,1.342101812362670898e+00,1.342009663581848145e+00,1.341917753219604492e+00
1.248864531517028809e+00,1.248785257339477539e+00,1.248706102371215820e+00,1.248626708984375000e+00,1.248547434806823730e+00,1.248468160629272461e+00,1.248388886451721191e+00,1.248309612274169922e+00,1.248230338096618652e+00,1.248151063919067383e+00,1.248071908950805664e+00,1.247992634773254395e+00,1.247913360595703125e+00,1.247834086418151855e+00,1.247754931449890137e+00,1.247675776481628418e+00,1.247596621513366699e+00,1.247517466545104980e+00,1.247438311576843262e+00,1.247359156608581543e+00,1.247280001640319824e+00,1.247200846672058105e+00,1.247121810913085938e+00,1.247042655944824219e+00,1.246963500976562500e+00,1.246884465217590332e+00,1.246805310249328613e+00,1.246726274490356445e+00,1.246647238731384277e+00,1.246568202972412109e+00,1.246489167213439941e+00,1.246410250663757324e+00,1.246331095695495605e+00,1.246252179145812988e+00,1.246173143386840820e+00,1.246094107627868652e+00,1.246015191078186035e+00,1.245936155319213867e+00,1.245856881141662598e+00,1.245777487754821777e+00,1.245698094367980957e+00,1.245618939399719238e+00,1.245539546012878418e+00,1.245460271835327148e+00,1.245380878448486328e+00,1.245301604270935059e+00,1.245222330093383789e+00,1.245143055915832520e+00,1.245063781738281250e+00,1.244984507560729980e+00,1.244905233383178711e+00,1.244826078414916992e+00,1.244746804237365723e+00,1.244667649269104004e+00,1.244588375091552734e+00,1.244509220123291016e+00,1.244429945945739746e+00,1.244350910186767578e+00,1.244271755218505859e+00,1.244192481040954590e+00,1.244113326072692871e+00,1.244034171104431152e+00,1.243955135345458984e+00,1.243876099586486816e+00,1.243796944618225098e+00,1.243717789649963379e+00,1.243638753890991211e+00,1.243559718132019043e+00,1.243480682373046875e+00,1.243401527404785156e+00,1.243322491645812988e+00,1.243243455886840820e+00,1.243164539337158203e+00,1.243085503578186035e+00,1.243006467819213867e+00,1.242927432060241699e+00,1.242848396301269531e+00,1.242769598960876465e+00,1.242690563201904297e+00,1.242611646652221680e+00
1.162413716316223145e+00,1.162344932556152344e+00,1.162276268005371094e+00,1.162207484245300293e+00,1.162138819694519043e+00,1.162070155143737793e+00,1.162001490592956543e+00,1.161932826042175293e+00,1.161864042282104492e+00,1.161795496940612793e+00,1.161726832389831543e+00,1.161658167839050293e+00,1.161589503288269043e+00,1.161520957946777344e+00,1.161452293395996094e+00,1.161383628845214844e+00,1.161315083503723145e+00,1.161246418952941895e+00,1.161177873611450195e+00,1.161109328269958496e+00,1.161040782928466797e+00,1.160972118377685547e+00,1.160903573036193848e+00,1.160835027694702148e+00,1.160766482353210449e+00,1.160697937011718750e+00,1.160629391670227051e+00,1.160560727119445801e+00,1.160491824150085449e+00,1.160423040390014648e+00,1.160354137420654297e+00,1.160285353660583496e+00,1.160216450691223145e+00,1.160147666931152344e+00,1.160078883171081543e+00,1.160010099411010742e+00,1.159941196441650391e+00,1.159872412681579590e+00,1.159803628921508789e+00,1.159734964370727539e+00,1.159666180610656738e+00,1.159597396850585938e+00,1.159528613090515137e+00,1.159459829330444336e+00,1.159391164779663086e+00,1.159322500228881836e+00,1.159253716468811035e+00,1.159184932708740234e+00,1.159116268157958984e+00,1.159047603607177734e+00,1.158978939056396484e+00,1.158910274505615234e+00,1.158841609954833984e+00,1.158772945404052734e+00,1.158704280853271484e+00,1.158635616302490234e+00,1.158566951751708984e+00,1.158498406410217285e+00,1.158429741859436035e+00,1.158361196517944336e+00,1.158292531967163086e+00,1.158223986625671387e+00,1.158155322074890137e+00,1.158086776733398438e+00,1.158018231391906738e+00,1.157949686050415039e+00,1.157881140708923340e+00,1.157812595367431641e+00,1.157744050025939941e+00,1.157675504684448242e+00,1.157607078552246094e+00,1.157538533210754395e+00,1.157469987869262695e+00,1.157401442527770996e+00,1.157333016395568848e+00,1.157264590263366699e+00,1.157196044921875000e+00,1.157127618789672852e+00,1.157059073448181152e+00,1.156990647315979004e+00
1.087156772613525391e+00,1.087096571922302246e+00,1.087036490440368652e+00,1.086976408958435059e+00,1.086916327476501465e+00,1.086856245994567871e+00,1.086796164512634277e+00,1.086736083030700684e+00,1.086676001548767090e+00,1.086615920066833496e+00,1.086555838584899902e+00,1.086495757102966309e+00,1.086435794830322266e+00,1.086375713348388672e+00,1.086315751075744629e+00,1.086255669593811035e+00,1.086195588111877441e+00,1.086135268211364746e+00,1.086074948310852051e+00,1.086014628410339355e+00,1.085954308509826660e+00,1.085894107818603516e+00,1.085833787918090820e+00,1.085773468017578125e+00,1.085713148117065430e+00,1.085652947425842285e+00,1.085592746734619141e+00,1.085532426834106445e+00,1.085472226142883301e+00,1.085411906242370605e+00,1.085351705551147461e+00,1.085291385650634766e+00,1.085231304168701172e+00,1.085171103477478027e+00,1.085110783576965332e+00,1.085050582885742188e+00,1.084990382194519043e+00,1.084930300712585449e+00,1.084870100021362305e+00,1.084809899330139160e+00,1.084749698638916016e+00,1.084689497947692871e+00,1.084629416465759277e+00,1.084569215774536133e+00,1.084509134292602539e+00,1.084448933601379395e+00,1.084388852119445801e+00,1.084328770637512207e+00,1.084268689155578613e+00,1.084208488464355469e+00,1.084148406982421875e+00,1.084088325500488281e+00,1.084028244018554688e+00,1.083968162536621094e+00,1.083908081054687500e+00,1.083847999572753906e+00,1.083787918090820312e+00,1.083727955818176270e+00,1.083667874336242676e+00,1.083607792854309082e+00,1.083547830581665039e+00,1.083487749099731445e+00,1.083427786827087402e+00,1.083367824554443359e+00,1.083307743072509766e+00,1.083247780799865723e+00,1.083187699317932129e+00,1.083127856254577637e+00,1.083067774772644043e+00,1.083007812500000000e+00,1.082947850227355957e+00,1.082887887954711914e+00,1.082827925682067871e+00,1.082767963409423828e+00,1.082708001136779785e+00,1.082648158073425293e+00,1.082588195800781250e+00,1.082528233528137207e+00,1.082468390464782715e+00,1.082408428192138672e+00
1.021051883697509766e+00,1.020998716354370117e+00,1.020945787429809570e+00,1.020892739295959473e+00,1.020839691162109375e+00,1.020786762237548828e+00,1.020733356475830078e+00,1.020680069923400879e+00,1.020626783370971680e+00,1.020573616027832031e+00,1.020520329475402832e+00,1.020467162132263184e+00,1.020413875579833984e+00,1.020360589027404785e+00,1.020307421684265137e+00,1.020254135131835938e+00,1.020200967788696289e+00,1.020147681236267090e+00,1.020094513893127441e+00,1.020041346549987793e+00,1.019988179206848145e+00,1.019935011863708496e+00,1.019881725311279297e+00,1.019828557968139648e+00,1.019775390625000000e+00,1.019722223281860352e+00,1.019669055938720703e+00,1.019615888595581055e+00,1.019562721252441406e+00,1.019509673118591309e+00,1.019456505775451660e+00,1.019403338432312012e+00,1.019350171089172363e+00,1.019297122955322266e+00,1.019244074821472168e+00,1.019190907478332520e+00,1.019137740135192871e+00,1.019084692001342773e+00,1.019031524658203125e+00,1.018978476524353027e+00,1.018925428390502930e+00,1.018872380256652832e+00,1.018819212913513184e+00,1.018766164779663086e+00,1.018713116645812988e+00,1.018660068511962891e+00,1.018607020378112793e+00,1.018553972244262695e+00,1.018500924110412598e+00,1.018447875976562500e+00,1.018394827842712402e+00,1.018341779708862305e+00,1.018288850784301758e+00,1.018235802650451660e+00,1.018182754516601562e+00,1.018129825592041016e+00,1.018076777458190918e+00,1.018023848533630371e+00,1.017970800399780273e+00,1.017917752265930176e+00,1.017864823341369629e+00,1.017811894416809082e+00,1.017758965492248535e+00,1.017705917358398438e+00,1.017652988433837891e+00,1.017600059509277344e+00,1.017547130584716797e+00,1.017494201660156250e+00,1.017441272735595703e+00,1.017388343811035156e+00,1.017335414886474609e+00,1.017282485961914062e+00,1.017229557037353516e+00,1.017176628112792969e+00,1.017123818397521973e+00,1.017070889472961426e+00,1.017017960548400879e+00,1.016965150833129883e+00,1.016912221908569336e+00,1.016859412193298340e+00
9.625237584114074707e-01,9.624763727188110352e-01,9.624289870262145996e-01,9.623816013336181641e-01,9.623342752456665039e-01,9.622868895530700684e-01,9.622395634651184082e-01,9.621922969818115234e-01,9.621449708938598633e-01,9.620976448059082031e-01,9.620502591133117676e-01,9.620029330253601074e-01,9.619556069374084473e-01,9.619083404541015625e-01,9.618610143661499023e-01,9.618136882781982422e-01,9.617663621902465820e-01,9.617192149162292480e-01,9.616718888282775879e-01,9.616246223449707031e-01,9.615772962570190430e-01,9.615300297737121582e-01,9.614827632904052734e-01,9.614354968070983887e-01,9.613882303237915039e-01,9.613409638404846191e-01,9.612936973571777344e-01,9.612465500831604004e-01,9.611992835998535156e-01,9.611520171165466309e-01,9.611048102378845215e-01,9.610575437545776367e-01,9.610103368759155273e-01,9.609630703926086426e-01,9.609158635139465332e-01,9.608686566352844238e-01,9.608214497566223145e-01,9.607743620872497559e-01,9.607271552085876465e-01,9.606799483299255371e-01,9.606327414512634277e-01,9.605855345726013184e-01,9.605383872985839844e-01,9.604911804199218750e-01,9.604440331459045410e-01,9.603968262672424316e-01,9.603496789932250977e-01,9.603024721145629883e-01,9.602554440498352051e-01,9.602082967758178711e-01,9.601611495018005371e-01,9.601140022277832031e-01,9.600668549537658691e-01,9.600197076797485352e-01,9.599726200103759766e-01,9.599254727363586426e-01,9.598783254623413086e-01,9.598312377929687500e-01,9.597842097282409668e-01,9.597371220588684082e-01,9.596900343894958496e-01,9.596428871154785156e-01,9.595957994461059570e-01,9.595487117767333984e-01,9.595016241073608398e-01,9.594545364379882812e-01,9.594075083732604980e-01,9.593604207038879395e-01,9.593134522438049316e-01,9.592664241790771484e-01,9.592193365097045898e-01,9.591723084449768066e-01,9.591252207756042480e-01,9.590781927108764648e-01,9.590311646461486816e-01,9.589841365814208984e-01,9.589371085166931152e-01,9.588900804519653320e-01,9.588431715965270996e-01,9.587961435317993164e-01
9.103406667709350586e-01,9.102982878684997559e-01,9.102559089660644531e-01,9.102135300636291504e-01,9.101711511611938477e-01,9.101287722587585449e-01,9.100864529609680176e-01,9.100440740585327148e-01,9.100017547607421875e-01,9.099594950675964355e-01,9.099171161651611328e-01,9.098747968673706055e-01,9.098324775695800781e-01,9.097901582717895508e-01,9.097477793693542480e-01,9.097054600715637207e-01,9.096631407737731934e-01,9.096208214759826660e-01,9.095785021781921387e-01,9.095362424850463867e-01,9.094940423965454102e-01,9.094517230987548828e-01,9.094094038009643555e-01,9.093671441078186035e-01,9.093248248100280762e-01,9.092825651168823242e-01,9.092402458190917969e-01,9.091979861259460449e-01,9.091557264328002930e-01,9.091134667396545410e-01,9.090712666511535645e-01,9.090290069580078125e-01,9.089867472648620605e-01,9.089444875717163086e-01,9.089022874832153320e-01,9.088600277900695801e-01,9.088177680969238281e-01,9.087755084037780762e-01,9.087333083152770996e-01,9.086910486221313477e-01,9.086489677429199219e-01,9.086067080497741699e-01,9.085645079612731934e-01,9.085223078727722168e-01,9.084801077842712402e-01,9.084379076957702637e-01,9.083956480026245117e-01,9.083535075187683105e-01,9.083113074302673340e-01,9.082691073417663574e-01,9.082269072532653809e-01,9.081848263740539551e-01,9.081426262855529785e-01,9.081004858016967773e-01,9.080582857131958008e-01,9.080161452293395996e-01,9.079740047454833984e-01,9.079318046569824219e-01,9.078896641731262207e-01,9.078475236892700195e-01,9.078053832054138184e-01,9.077633023262023926e-01,9.077211618423461914e-01,9.076790213584899902e-01,9.076368808746337891e-01,9.075947999954223633e-01,9.075526595115661621e-01,9.075105190277099609e-01,9.074684381484985352e-01,9.074262976646423340e-01,9.073842167854309082e-01,9.073421955108642578e-01,9.073001146316528320e-01,9.072579741477966309e-01,9.072158932685852051e-01,9.071738123893737793e-01,9.071317315101623535e-01,9.070896506309509277e-01,9.070475697517395020e-01,9.070054888725280762e-01
8.635246753692626953e-01,8.634865880012512207e-01,8.634485602378845215e-01,8.634104132652282715e-01,8.633722662925720215e-01,8.633341789245605469e-01,8.632960319519042969e-01,8.632579445838928223e-01,8.632198572158813477e-01,8.631817102432250977e-01,8.631436228752136230e-01,8.631055355072021484e-01,8.630675077438354492e-01,8.630294203758239746e-01,8.629913330078125000e-01,8.629532456398010254e-01,8.629151582717895508e-01,8.628770709037780762e-01,8.628389835357666016e-01,8.628009557723999023e-01,8.627628684043884277e-01,8.627247810363769531e-01,8.626867532730102539e-01,8.626487851142883301e-01,8.626106977462768555e-01,8.625726699829101562e-01,8.625346422195434570e-01,8.624965548515319824e-01,8.624585270881652832e-01,8.624204993247985840e-01,8.623824715614318848e-01,8.623444437980651855e-01,8.623064160346984863e-01,8.622684478759765625e-01,8.622304201126098633e-01,8.621923923492431641e-01,8.621544241905212402e-01,8.621163964271545410e-01,8.620783686637878418e-01,8.620404005050659180e-01,8.620023727416992188e-01,8.619643449783325195e-01,8.619263768196105957e-01,8.618884682655334473e-01,8.618505001068115234e-01,8.618124723434448242e-01,8.617745041847229004e-01,8.617365360260009766e-01,8.616985678672790527e-01,8.616605997085571289e-01,8.616226315498352051e-01,8.615846633911132812e-01,8.615466952323913574e-01,8.615088462829589844e-01,8.614708781242370605e-01,8.614329099655151367e-01,8.613950014114379883e-01,8.613570332527160645e-01,8.613190650939941406e-01,8.612811565399169922e-01,8.612431883811950684e-01,8.612052798271179199e-01,8.611673712730407715e-01,8.611294031143188477e-01,8.610916137695312500e-01,8.610536456108093262e-01,8.610157370567321777e-01,8.609778285026550293e-01,8.609399199485778809e-01,8.609020113945007324e-01,8.608641624450683594e-01,8.608262538909912109e-01,8.607883453369140625e-01,8.607504367828369141e-01,8.607126474380493164e-01,8.606747984886169434e-01,8.606368899345397949e-01,8.605989813804626465e-01,8.605611324310302734e-01,8.605232834815979004e-01
8.212885260581970215e-01,8.212540149688720703e-01,8.212195038795471191e-01,8.211850523948669434e-01,8.211505413055419922e-01,8.211161494255065918e-01,8.210816979408264160e-01,8.210471868515014648e-01,8.210127353668212891e-01,8.209782242774963379e-01,8.209437727928161621e-01,8.209093213081359863e-01,8.208748698234558105e-01,8.208404183387756348e-01,8.208059668540954590e-01,8.207715749740600586e-01,8.207371234893798828e-01,8.207026720046997070e-01,8.206682205200195312e-01,8.206337690353393555e-01,8.205993771553039551e-01,8.205649256706237793e-01,8.205304741859436035e-01,8.204960823059082031e-01,8.204616308212280273e-01,8.204272985458374023e-01,8.203928470611572266e-01,8.203584551811218262e-01,8.203240633010864258e-01,8.202896118164062500e-01,8.202552199363708496e-01,8.202208280563354492e-01,8.201863765716552734e-01,8.201519846916198730e-01,8.201175928115844727e-01,8.200832009315490723e-01,8.200488686561584473e-01,8.200145363807678223e-01,8.199801445007324219e-01,8.199457526206970215e-01,8.199113607406616211e-01,8.198769688606262207e-01,8.198425769805908203e-01,8.198082447052001953e-01,8.197738528251647949e-01,8.197395205497741699e-01,8.197051882743835449e-01,8.196708559989929199e-01,8.196364641189575195e-01,8.196021318435668945e-01,8.195677995681762695e-01,8.195334076881408691e-01,8.194990754127502441e-01,8.194647431373596191e-01,8.194304108619689941e-01,8.193960785865783691e-01,8.193618059158325195e-01,8.193274736404418945e-01,8.192931413650512695e-01,8.192588090896606445e-01,8.192244768142700195e-01,8.191902041435241699e-01,8.191558718681335449e-01,8.191215395927429199e-01,8.190872073173522949e-01,8.190529346466064453e-01,8.190186023712158203e-01,8.189843893051147461e-01,8.189501166343688965e-01,8.189157843589782715e-01,8.188815116882324219e-01,8.188471794128417969e-01,8.188129067420959473e-01,8.187786340713500977e-01,8.187443614006042480e-01,8.187100887298583984e-01,8.186757564544677734e-01,8.186416029930114746e-01,8.186073303222656250e-01,8.185730576515197754e-01
7.829913496971130371e-01,7.829599976539611816e-01,7.829286456108093262e-01,7.828972935676574707e-01,7.828659415245056152e-01,7.828345894813537598e-01,7.828032374382019043e-01,7.827719449996948242e-01,7.827406525611877441e-01,7.827093005180358887e-01,7.826780080795288086e-01,7.826466560363769531e-01,7.826153635978698730e-01,7.825840115547180176e-01,7.825527191162109375e-01,7.825213670730590820e-01,7.824900746345520020e-01,7.824587821960449219e-01,7.824274897575378418e-01,7.823961973190307617e-01,7.823649048805236816e-01,7.823336124420166016e-01,7.823023200035095215e-01,7.822710275650024414e-01,7.822397351264953613e-01,7.822084426879882812e-01,7.821771502494812012e-01,7.821458578109741211e-01,7.821146249771118164e-01,7.820833325386047363e-01,7.820520997047424316e-01,7.820208072662353516e-01,7.819895148277282715e-01,7.819582223892211914e-01,7.819269895553588867e-01,7.818956971168518066e-01,7.818644642829895020e-01,7.818331718444824219e-01,7.818019390106201172e-01,7.817707657814025879e-01,7.817394733428955078e-01,7.817082405090332031e-01,7.816770076751708984e-01,7.816457152366638184e-01,7.816144824028015137e-01,7.815832495689392090e-01,7.815520167350769043e-01,7.815207839012145996e-01,7.814895510673522949e-01,7.814583778381347656e-01,7.814271450042724609e-01,7.813959121704101562e-01,7.813646793365478516e-01,7.813334465026855469e-01,7.813022732734680176e-01,7.812710404396057129e-01,7.812398076057434082e-01,7.812086343765258789e-01,7.811774015426635742e-01,7.811462879180908203e-01,7.811150550842285156e-01,7.810838818550109863e-01,7.810526490211486816e-01,7.810214757919311523e-01,7.809902429580688477e-01,7.809590697288513184e-01,7.809278964996337891e-01,7.808967232704162598e-01,7.808654904365539551e-01,7.808343768119812012e-01,7.808032035827636719e-01,7.807720303535461426e-01,7.807408571243286133e-01,7.807096838951110840e-01,7.806785106658935547e-01,7.806473374366760254e-01,7.806162238121032715e-01,7.805850505828857422e-01,7.805538773536682129e-01,7.805227041244506836e-01
7.481066584587097168e-01,7.480780482292175293e-01,7.480494379997253418e-01,7.480207681655883789e-01,7.479921579360961914e-01,7.479635477066040039e-01,7.479349374771118164e-01,7.479063272476196289e-01,7.478777170181274414e-01,7.478491663932800293e-01,7.478205561637878418e-01,7.477920055389404297e-01,7.477633953094482422e-01,7.477348446846008301e-01,7.477062344551086426e-01,7.476776242256164551e-01,7.476490736007690430e-01,7.476204633712768555e-01,7.475918531417846680e-01,7.475633025169372559e-01,7.475346922874450684e-01,7.475062012672424316e-01,7.474776506423950195e-01,7.474490404129028320e-01,7.474204897880554199e-01,7.473919391632080078e-01,7.473633289337158203e-01,7.473347783088684082e-01,7.473062276840209961e-01,7.472776770591735840e-01,7.472491264343261719e-01,7.472206354141235352e-01,7.471920847892761230e-01,7.471635341644287109e-01,7.471349835395812988e-01,7.471064329147338867e-01,7.470778822898864746e-01,7.470493316650390625e-01,7.470207810401916504e-01,7.469922900199890137e-01,7.469637393951416016e-01,7.469352483749389648e-01,7.469066977500915527e-01,7.468782067298889160e-01,7.468496561050415039e-01,7.468211650848388672e-01,7.467926144599914551e-01,7.467641234397888184e-01,7.467355728149414062e-01,7.467070817947387695e-01,7.466785311698913574e-01,7.466500401496887207e-01,7.466216087341308594e-01,7.465931177139282227e-01,7.465645670890808105e-01,7.465360760688781738e-01,7.465075850486755371e-01,7.464790940284729004e-01,7.464506030082702637e-01,7.464221119880676270e-01,7.463936209678649902e-01,7.463651299476623535e-01,7.463366985321044922e-01,7.463082075119018555e-01,7.462797164916992188e-01,7.462512254714965820e-01,7.462227344512939453e-01,7.461943030357360840e-01,7.461658120155334473e-01,7.461373209953308105e-01,7.461088895797729492e-01,7.460803985595703125e-01,7.460520267486572266e-01,7.460235357284545898e-01,7.459951043128967285e-01,7.459666132926940918e-01,7.459381818771362305e-01,7.459096908569335938e-01,7.458812594413757324e-01,7.458528280258178711e-01
7.161977291107177734e-01,7.161715030670166016e-01,7.161452770233154297e-01,7.161191105842590332e-01,7.160928845405578613e-01,7.160666584968566895e-01,7.160404324531555176e-01,7.160142660140991211e-01,7.159880399703979492e-01,7.159618139266967773e-01,7.159355878829956055e-01,7.159093618392944336e-01,7.158831954002380371e-01,7.158569693565368652e-01,7.158308029174804688e-01,7.158046364784240723e-01,7.157784104347229004e-01,7.157521843910217285e-01,7.157260179519653320e-01,7.156997919082641602e-01,7.156736254692077637e-01,7.156473994255065918e-01,7.156212329864501953e-01,7.155950665473937988e-01,7.155689001083374023e-01,7.155427336692810059e-01,7.155165672302246094e-01,7.154904007911682129e-01,7.154641747474670410e-01,7.154380083084106445e-01,7.154118418693542480e-01,7.153856754302978516e-01,7.153595089912414551e-01,7.153333425521850586e-01,7.153072357177734375e-01,7.152810692787170410e-01,7.152549028396606445e-01,7.152287364006042480e-01,7.152025699615478516e-01,7.151764035224914551e-01,7.151502370834350586e-01,7.151241302490234375e-01,7.150979638099670410e-01,7.150717973709106445e-01,7.150456905364990234e-01,7.150195837020874023e-01,7.149934172630310059e-01,7.149672508239746094e-01,7.149411439895629883e-01,7.149149775505065918e-01,7.148888707160949707e-01,7.148627042770385742e-01,7.148365974426269531e-01,7.148104906082153320e-01,7.147843241691589355e-01,7.147582769393920898e-01,7.147321701049804688e-01,7.147060036659240723e-01,7.146798968315124512e-01,7.146537899971008301e-01,7.146276831626892090e-01,7.146015167236328125e-01,7.145754098892211914e-01,7.145493030548095703e-01,7.145231962203979492e-01,7.144971489906311035e-01,7.144710421562194824e-01,7.144449353218078613e-01,7.144188284873962402e-01,7.143927216529846191e-01,7.143666744232177734e-01,7.143405675888061523e-01,7.143144607543945312e-01,7.142883539199829102e-01,7.142622470855712891e-01,7.142362594604492188e-01,7.142101526260375977e-01,7.141840457916259766e-01,7.141579985618591309e-01,7.141318917274475098e-01
6.868996024131774902e-01,6.868754625320434570e-01,6.868513226509094238e-01,6.868272423744201660e-01,6.868031024932861328e-01,6.867789626121520996e-01,6.867548823356628418e-01,6.867308020591735840e-01,6.867066621780395508e-01,6.866825222969055176e-01,6.866584420204162598e-01,6.866343021392822266e-01,6.866102218627929688e-01,6.865860819816589355e-01,6.865620017051696777e-01,6.865379214286804199e-01,6.865138411521911621e-01,6.864897608757019043e-01,6.864656209945678711e-01,6.864415407180786133e-01,6.864174604415893555e-01,6.863933801651000977e-01,6.863692402839660645e-01,6.863451600074768066e-01,6.863210797309875488e-01,6.862969994544982910e-01,6.862729191780090332e-01,6.862488985061645508e-01,6.862248182296752930e-01,6.862007379531860352e-01,6.861766576766967773e-01,6.861525774002075195e-01,6.861284971237182617e-01,6.861044168472290039e-01,6.860803365707397461e-01,6.860562562942504883e-01,6.860321760177612305e-01,6.860081553459167480e-01,6.859841346740722656e-01,6.859600543975830078e-01,6.859359741210937500e-01,6.859118938446044922e-01,6.858878731727600098e-01,6.858637928962707520e-01,6.858397722244262695e-01,6.858156919479370117e-01,6.857916116714477539e-01,6.857676506042480469e-01,6.857435703277587891e-01,6.857195496559143066e-01,6.856954693794250488e-01,6.856714487075805664e-01,6.856474280357360840e-01,6.856233477592468262e-01,6.855993270874023438e-01,6.855753064155578613e-01,6.855512857437133789e-01,6.855272054672241211e-01,6.855032444000244141e-01,6.854792237281799316e-01,6.854552030563354492e-01,6.854311823844909668e-01,6.854071617126464844e-01,6.853830814361572266e-01,6.853590607643127441e-01,6.853350400924682617e-01,6.853110194206237793e-01,6.852869987487792969e-01,6.852630972862243652e-01,6.852390766143798828e-01,6.852150559425354004e-01,6.851910352706909180e-01,6.851670145988464355e-01,6.851429939270019531e-01,6.851190328598022461e-01,6.850950121879577637e-01,6.850709915161132812e-01,6.850470304489135742e-01,6.850230693817138672e-01,6.849990487098693848e-01
6.599043011665344238e-01,6.598820090293884277e-01,6.598597168922424316e-01,6.598374843597412109e-01,6.598151922225952148e-01,6.597929596900939941e-01,6.597706675529479980e-01,6.597484350204467773e-01,6.597261428833007812e-01,6.597039699554443359e-01,6.596816778182983398e-01,6.596594452857971191e-01,6.596372127532958984e-01,6.596149206161499023e-01,6.595926880836486816e-01,6.595704555511474609e-01,6.595482230186462402e-01,6.595259308815002441e-01,6.595036983489990234e-01,6.594815254211425781e-01,6.594592928886413574e-01,6.594370603561401367e-01,6.594148278236389160e-01,6.593925356864929199e-01,6.593703031539916992e-01,6.593480706214904785e-01,6.593258380889892578e-01,6.593036055564880371e-01,6.592814326286315918e-01,6.592592000961303711e-01,6.592370271682739258e-01,6.592147946357727051e-01,6.591925621032714844e-01,6.591703295707702637e-01,6.591480970382690430e-01,6.591259241104125977e-01,6.591036915779113770e-01,6.590814590454101562e-01,6.590592265129089355e-01,6.590370535850524902e-01,6.590148806571960449e-01,6.589926481246948242e-01,6.589704751968383789e-01,6.589482426643371582e-01,6.589260697364807129e-01,6.589038372039794922e-01,6.588816642761230469e-01,6.588594317436218262e-01,6.588372588157653809e-01,6.588150262832641602e-01,6.587929129600524902e-01,6.587706804275512695e-01,6.587485074996948242e-01,6.587263345718383789e-01,6.587041020393371582e-01,6.586819291114807129e-01,6.586597561836242676e-01,6.586375832557678223e-01,6.586154103279113770e-01,6.585931777954101562e-01,6.585710644721984863e-01,6.585488915443420410e-01,6.585267186164855957e-01,6.585045456886291504e-01,6.584823727607727051e-01,6.584601998329162598e-01,6.584380269050598145e-01,6.584158539772033691e-01,6.583936810493469238e-01,6.583715081214904785e-01,6.583493351936340332e-01,6.583272218704223633e-01,6.583050489425659180e-01,6.582828760147094727e-01,6.582607626914978027e-01,6.582385897636413574e-01,6.582164168357849121e-01,6.581942439079284668e-01,6.581721305847167969e-01,6.581499576568603516e-01
6.349505186080932617e-01,6.349298954010009766e-01,6.349093317985534668e-01,6.348887085914611816e-01,6.348680853843688965e-01,6.348474621772766113e-01,6.348268389701843262e-01,6.348062753677368164e-01,6.347856521606445312e-01,6.347650289535522461e-01,6.347444653511047363e-01,6.347238421440124512e-01,6.347032785415649414e-01,6.346826553344726562e-01,6.346620917320251465e-01,6.346414685249328613e-01,6.346209049224853516e-01,6.346002817153930664e-01,6.345797181129455566e-01,6.345590949058532715e-01,6.345385313034057617e-01,6.345179080963134766e-01,6.344974040985107422e-01,6.344767808914184570e-01,6.344562172889709473e-01,6.344355940818786621e-01,6.344150304794311523e-01,6.343944668769836426e-01,6.343738436698913574e-01,6.343532800674438477e-01,6.343327164649963379e-01,6.343121528625488281e-01,6.342915296554565430e-01,6.342710256576538086e-01,6.342504620552062988e-01,6.342298984527587891e-01,6.342093348503112793e-01,6.341887712478637695e-01,6.341682076454162598e-01,6.341475844383239746e-01,6.341270208358764648e-01,6.341064572334289551e-01,6.340858936309814453e-01,6.340653896331787109e-01,6.340448260307312012e-01,6.340242624282836914e-01,6.340037584304809570e-01,6.339831948280334473e-01,6.339626312255859375e-01,6.339420676231384277e-01,6.339215040206909180e-01,6.339009404182434082e-01,6.338804364204406738e-01,6.338599324226379395e-01,6.338393688201904297e-01,6.338188052177429199e-01,6.337983012199401855e-01,6.337777376174926758e-01,6.337571740150451660e-01,6.337366700172424316e-01,6.337161064147949219e-01,6.336956024169921875e-01,6.336750388145446777e-01,6.336545348167419434e-01,6.336340308189392090e-01,6.336134672164916992e-01,6.335929632186889648e-01,6.335723996162414551e-01,6.335518956184387207e-01,6.335313916206359863e-01,6.335108280181884766e-01,6.334903240203857422e-01,6.334698200225830078e-01,6.334492564201354980e-01,6.334288120269775391e-01,6.334083080291748047e-01,6.333878040313720703e-01,6.333672404289245605e-01,6.333467364311218262e-01,6.333262324333190918e-01
6.118152737617492676e-01,6.117961406707763672e-01,6.117770075798034668e-01,6.117578148841857910e-01,6.117386817932128906e-01,6.117196083068847656e-01,6.117004752159118652e-01,6.116813421249389648e-01,6.116622090339660645e-01,6.116430759429931641e-01,6.116239428520202637e-01,6.116048097610473633e-01,6.115856766700744629e-01,6.115665435791015625e-01,6.115474104881286621e-01,6.115283370018005371e-01,6.115092039108276367e-01,6.114900708198547363e-01,6.114709973335266113e-01,6.114518642425537109e-01,6.114327311515808105e-01,6.114135980606079102e-01,6.113944649696350098e-01,6.113753914833068848e-01,6.113562583923339844e-01,6.113371849060058594e-01,6.113181114196777344e-01,6.112989783287048340e-01,6.112798452377319336e-01,6.112607717514038086e-01,6.112416386604309082e-01,6.112225651741027832e-01,6.112034320831298828e-01,6.111842989921569824e-01,6.111652255058288574e-01,6.111461520195007324e-01,6.111270785331726074e-01,6.111079454421997070e-01,6.110888719558715820e-01,6.110697984695434570e-01,6.110506653785705566e-01,6.110315918922424316e-01,6.110124588012695312e-01,6.109933853149414062e-01,6.109743118286132812e-01,6.109552383422851562e-01,6.109361648559570312e-01,6.109170913696289062e-01,6.108980178833007812e-01,6.108788847923278809e-01,6.108598113059997559e-01,6.108407378196716309e-01,6.108216643333435059e-01,6.108025908470153809e-01,6.107835173606872559e-01,6.107644438743591309e-01,6.107453703880310059e-01,6.107262969017028809e-01,6.107072234153747559e-01,6.106881499290466309e-01,6.106690764427185059e-01,6.106500029563903809e-01,6.106309294700622559e-01,6.106119155883789062e-01,6.105928421020507812e-01,6.105737686157226562e-01,6.105547547340393066e-01,6.105356812477111816e-01,6.105166077613830566e-01,6.104975342750549316e-01,6.104784607887268066e-01,6.104594469070434570e-01,6.104403734207153320e-01,6.104212999343872070e-01,6.104022860527038574e-01,6.103832125663757324e-01,6.103641390800476074e-01,6.103451251983642578e-01,6.103261113166809082e-01,6.103070378303527832e-01
5.903066396713256836e-01,5.902888178825378418e-01,5.902709960937500000e-01,5.902531743049621582e-01,5.902353525161743164e-01,5.902175307273864746e-01,5.901997089385986328e-01,5.901819467544555664e-01,5.901641249656677246e-01,5.901463627815246582e-01,5.901285409927368164e-01,5.901107192039489746e-01,5.900928974151611328e-01,5.900750756263732910e-01,5.900573134422302246e-01,5.900394916534423828e-01,5.900216698646545410e-01,5.900039076805114746e-01,5.899861454963684082e-01,5.899683237075805664e-01,5.899505019187927246e-01,5.899327397346496582e-01,5.899149179458618164e-01,5.898971557617187500e-01,5.898793339729309082e-01,5.898615717887878418e-01,5.898437500000000000e-01,5.898259878158569336e-01,5.898082256317138672e-01,5.897904634475708008e-01,5.897726416587829590e-01,5.897548794746398926e-01,5.897370576858520508e-01,5.897192955017089844e-01,5.897015333175659180e-01,5.896837115287780762e-01,5.896659493446350098e-01,5.896481871604919434e-01,5.896304249763488770e-01,5.896126627922058105e-01,5.895948410034179688e-01,5.895770788192749023e-01,5.895593166351318359e-01,5.895415544509887695e-01,5.895237326622009277e-01,5.895059704780578613e-01,5.894882082939147949e-01,5.894704461097717285e-01,5.894526839256286621e-01,5.894349217414855957e-01,5.894171595573425293e-01,5.893993973731994629e-01,5.893816351890563965e-01,5.893638730049133301e-01,5.893461108207702637e-01,5.893283486366271973e-01,5.893105864524841309e-01,5.892928242683410645e-01,5.892750620841979980e-01,5.892573595046997070e-01,5.892395973205566406e-01,5.892218351364135742e-01,5.892040729522705078e-01,5.891863703727722168e-01,5.891686081886291504e-01,5.891508460044860840e-01,5.891330838203430176e-01,5.891153216361999512e-01,5.890976190567016602e-01,5.890798568725585938e-01,5.890621542930603027e-01,5.890443921089172363e-01,5.890266299247741699e-01,5.890089273452758789e-01,5.889911651611328125e-01,5.889734029769897461e-01,5.889557003974914551e-01,5.889379382133483887e-01,5.889202356338500977e-01,5.889025330543518066e-01
5.702589750289916992e-01,5.702423453330993652e-01,5.702257156372070312e-01,5.702090859413146973e-01,5.701924562454223633e-01,5.701758265495300293e-01,5.701591968536376953e-01,5.701425671577453613e-01,5.701259374618530273e-01,5.701093077659606934e-01,5.700927376747131348e-01,5.700761079788208008e-01,5.700594782829284668e-01,5.700429081916809082e-01,5.700262784957885742e-01,5.700096487998962402e-01,5.699930191040039062e-01,5.699764490127563477e-01,5.699598193168640137e-01,5.699431896209716797e-01,5.699265599250793457e-01,5.699099898338317871e-01,5.698934197425842285e-01,5.698767900466918945e-01,5.698601603507995605e-01,5.698435902595520020e-01,5.698269605636596680e-01,5.698103904724121094e-01,5.697937607765197754e-01,5.697771310806274414e-01,5.697605609893798828e-01,5.697439908981323242e-01,5.697273612022399902e-01,5.697107911109924316e-01,5.696942210197448730e-01,5.696775913238525391e-01,5.696610212326049805e-01,5.696443915367126465e-01,5.696278214454650879e-01,5.696111917495727539e-01,5.695946216583251953e-01,5.695780515670776367e-01,5.695614814758300781e-01,5.695449113845825195e-01,5.695282816886901855e-01,5.695117115974426270e-01,5.694951415061950684e-01,5.694785118103027344e-01,5.694619417190551758e-01,5.694453716278076172e-01,5.694288015365600586e-01,5.694122314453125000e-01,5.693956613540649414e-01,5.693790912628173828e-01,5.693625211715698242e-01,5.693459510803222656e-01,5.693293213844299316e-01,5.693127512931823730e-01,5.692961812019348145e-01,5.692796111106872559e-01,5.692630410194396973e-01,5.692464709281921387e-01,5.692299604415893555e-01,5.692133903503417969e-01,5.691968202590942383e-01,5.691802501678466797e-01,5.691636800765991211e-01,5.691471099853515625e-01,5.691305398941040039e-01,5.691139698028564453e-01,5.690973997116088867e-01,5.690808296203613281e-01,5.690643191337585449e-01,5.690477490425109863e-01,5.690311789512634277e-01,5.690146088600158691e-01,5.689980983734130859e-01,5.689815282821655273e-01,5.689649581909179688e-01,5.689483880996704102e-01
